AL, 05, 2010081006,   , BEST,   0, 257N,  830W,  25, 1008, LO,   0,    ,    0,    0,    0,    0, 1012,  150,  60,   0,   0,   L,   0,    ,   0,   0,     INVEST, S, 
AL, 05, 2010081012,   , BEST,   0, 257N,  833W,  25, 1008, LO,   0,    ,    0,    0,    0,    0, 1012,  150,  60,   0,   0,   L,   0,    ,   0,   0,     INVEST, S, 
AL, 05, 2010081018,   , BEST,   0, 259N,  837W,  30, 1008, TD,   0,    ,    0,    0,    0,    0, 1012,  150,  60,  40,   0,   L,   0,    ,   0,   0,     INVEST, S, 
AL, 05, 2010081100,   , BEST,   0, 261N,  841W,  30, 1008, TD,   0,    ,    0,    0,    0,    0, 1012,  150,  60,  40,   0,   L,   0,    ,   0,   0,       FIVE, M, 
AL, 05, 2010081106,   , BEST,   0, 265N,  850W,  30, 1008, LO,   0,    ,    0,    0,    0,    0, 1012,  150,  60,  40,   0,   L,   0,    ,   0,   0,       FIVE, M, 
AL, 05, 2010081112,   , BEST,   0, 271N,  861W,  25, 1008, LO,   0,    ,    0,    0,    0,    0, 1009,  175,  75,  35,   0,   L,   0,    ,   0,   0,       FIVE, S, 
AL, 05, 2010081118,   , BEST,   0, 280N,  875W,  25, 1009, LO,   0,    ,    0,    0,    0,    0, 1010,  120,  90,  35,   0,   L,   0,    ,   0,   0,       FIVE, S, 
AL, 05, 2010081200,   , BEST,   0, 290N,  884W,  25, 1009, LO,   0,    ,    0,    0,    0,    0, 
AL, 05, 2010081206,   , BEST,   0, 294N,  888W,  25, 1008, LO,   0,    ,    0,    0,    0,    0, 
AL, 05, 2010081212,   , BEST,   0, 297N,  890W,  25, 1008, LO,   0,    ,    0,    0,    0,    0, 
AL, 05, 2010081218,   , BEST,   0, 298N,  890W,  25, 1008, LO,   0,    ,    0,    0,    0,    0, 1010,  100,  90,   0,   0,   L,   0,    ,   0,   0,       FIVE, S, 
AL, 05, 2010081300,   , BEST,   0, 300N,  889W,  25, 1007, LO,   0,    ,    0,    0,    0,    0, 
AL, 05, 2010081306,   , BEST,   0, 304N,  888W,  25, 1007, LO,   0,    ,    0,    0,    0,    0, 1010,  100,  90,   0,   0,   L,   0,    ,   0,   0,       FIVE, S, 
AL, 05, 2010081312,   , BEST,   0, 308N,  886W,  25, 1008, LO,   0,    ,    0,    0,    0,    0, 1010,  105, 100,   0,   0,   L,   0,    ,   0,   0,       FIVE, S, 
AL, 05, 2010081318,   , BEST,   0, 314N,  880W,  25, 1008, LO,   0,    ,    0,    0,    0,    0,  850,    0,   0,   0,   0, 
AL, 05, 2010081400,   , BEST,   0, 320N,  873W,  20, 1009, LO,   0,    ,    0,    0,    0,    0,  850,    0,   0,   0,   0, 
AL, 05, 2010081406,   , BEST,   0, 325N,  865W,  15, 1010, LO,   0,    ,    0,    0,    0,    0,  850,    0,   0,   0,   0, 
AL, 05, 2010081412,   , BEST,   0, 328N,  859W,  15, 1011, LO,   0,    ,    0,    0,    0,    0,  850,    0,   0,   0,   0, 
AL, 05, 2010081418,   , BEST,   0, 330N,  854W,  15, 1012, LO,   0,    ,    0,    0,    0,    0,  850,    0,   0,   0,   0, 
AL, 05, 2010081500,   , BEST,   0, 328N,  850W,  15, 1012, LO,   0,    ,    0,    0,    0,    0,  850,    0,   0,   0,   0, 
AL, 05, 2010081506,   , BEST,   0, 325N,  849W,  15, 1013, LO,   0,    ,    0,    0,    0,    0, 1014,  105,  90,   0,   0,   L,   0,    ,   0,   0,       FIVE, S, 
AL, 05, 2010081512,   , BEST,   0, 320N,  850W,  15, 1013, LO,   0,    ,    0,    0,    0,    0, 1014,  105,  90,   0,   0,   L,   0,    ,   0,   0,       FIVE, S, 
AL, 05, 2010081518,   , BEST,   0, 315N,  851W,  20, 1013, LO,   0,    ,    0,    0,    0,    0, 1015,  120,  90,   0,   0,   L,   0,    ,   0,   0,       FIVE, S, 
AL, 05, 2010081600,   , BEST,   0, 308N,  853W,  20, 1011, LO,   0,    ,    0,    0,    0,    0, 1013,  120,  90,   0,   0,   L,   0,    ,   0,   0,       FIVE, M, 
AL, 05, 2010081606,   , BEST,   0, 300N,  856W,  20, 1010, LO,   0,    ,    0,    0,    0,    0, 1013,  150,  75,   0,   0,   L,   0,    ,   0,   0,       FIVE, S, 
AL, 05, 2010081612,   , BEST,   0, 293N,  860W,  20, 1009, LO,   0,    ,    0,    0,    0,    0, 1013,  150,  65,   0,   0,   L,   0,    ,   0,   0,       FIVE, S, 
AL, 05, 2010081618,   , BEST,   0, 293N,  868W,  25, 1008, LO,   0,    ,    0,    0,    0,    0, 1013,  150,  55,   0,   0,   L,   0,    ,   0,   0,       FIVE, S, 
AL, 05, 2010081700,   , BEST,   0, 296N,  877W,  25, 1007, LO,   0,    ,    0,    0,    0,    0, 1011,  150,  50,   0,   0,   L,   0,    ,   0,   0,       FIVE, S, 
AL, 05, 2010081706,   , BEST,   0, 300N,  886W,  25, 1008, LO,   0,    ,    0,    0,    0,    0, 1011,   90,  45,   0,   0,   L,   0,    ,   0,   0,       FIVE, S, 
AL, 05, 2010081712,   , BEST,   0, 307N,  894W,  25, 1008, LO,   0,    ,    0,    0,    0,    0,  850,    0,   0,   0,   0, 
AL, 05, 2010081718,   , BEST,   0, 313N,  903W,  20, 1009, LO,   0,    ,    0,    0,    0,    0,  850,    0,   0,   0,   0, 
AL, 05, 2010081800,   , BEST,   0, 317N,  910W,  15, 1010, LO,   0,    ,    0,    0,    0,    0, 
