AL, 02, 2010070706,   , BEST,   0, 215N,  911W,  25, 1006, LO,   0,    ,    0,    0,    0,    0, 1009,  150,  75,   0,   0,   L,   0,    ,   0,   0,     INVEST, M, 
AL, 02, 2010070712,   , BEST,   0, 221N,  920W,  25, 1006, LO,   0,    ,    0,    0,    0,    0, 1009,  225,  90,   0,   0,   L,   0,    ,   0,   0,     INVEST, M, 
AL, 02, 2010070718,   , BEST,   0, 228N,  928W,  30, 1006, LO,   0,    ,    0,    0,    0,    0, 1009,  225,  75,   0,   0,   L,   0,    ,   0,   0,     INVEST, M, 
AL, 02, 2010070800,   , BEST,   0, 237N,  937W,  30, 1005, TD,   0,    ,    0,    0,    0,    0, 1009,  200,  65,  40,   0,   L,   0,    ,   0,   0,     INVEST, D, 
AL, 02, 2010070806,   , BEST,   0, 247N,  950W,  30, 1006, TD,   0,    ,    0,    0,    0,    0, 1009,  200,  65,  40,   0,   L,   0,    ,   0,   0,        TWO, D, 
AL, 02, 2010070812,   , BEST,   0, 261N,  966W,  30, 1006, TD,   0,    ,    0,    0,    0,    0, 1009,  180,  60,  40,   0,   L,   0,    ,   0,   0,        TWO, D, 
AL, 02, 2010070814,   , BEST,   0, 261N,  971W,  30, 1006, TD,   0,    ,    0,    0,    0,    0,  850,    0,   0,   0,   0, 
AL, 02, 2010070818,   , BEST,   0, 261N,  978W,  25, 1007, TD,   0,    ,    0,    0,    0,    0, 1010,  120,  60,  35,   0,   L,   0,    ,   0,   0,        TWO, D, 
AL, 02, 2010070900,   , BEST,   0, 259N,  988W,  25, 1007, TD,   0,    ,    0,    0,    0,    0,  850,    0,   0,   0,   0, 
AL, 02, 2010070906,   , BEST,   0, 261N,  997W,  20, 1008, LO,   0,    ,    0,    0,    0,    0, 
AL, 02, 2010070912,   , BEST,   0, 265N, 1006W,  20, 1009, LO,   0,    ,    0,    0,    0,    0, 
AL, 02, 2010070918,   , BEST,   0, 273N, 1013W,  20, 1010, LO,   0,    ,    0,    0,    0,    0, 
AL, 02, 2010071000,   , BEST,   0, 281N, 1022W,  20, 1010, LO,   0,    ,    0,    0,    0,    0,  850,    0,   0,   0,   0, 
