AL, 09, 2010083100, 03, GPCC,  12,   0N,    0W,  68,   36,   ,   0,    ,    0,    0,    0,    0, 
AL, 09, 2010083100, 03, GPCC,  24,   0N,    0W,  68,   72,   ,   0,    ,    0,    0,    0,    0, 
AL, 09, 2010083100, 03, GPCC,  36,   0N,    0W,  68,  100,   ,   0,    ,    0,    0,    0,    0, 
AL, 09, 2010083100, 03, GPCC,  48,   0N,    0W,  68,  129,   ,   0,    ,    0,    0,    0,    0, 
AL, 09, 2010083100, 03, GPCC,  72,   0N,    0W,  68,  192,   ,   0,    ,    0,    0,    0,    0, 
AL, 09, 2010083100, 03, GPCC,  96,   0N,    0W,  68,  266,   ,   0,    ,    0,    0,    0,    0, 
AL, 09, 2010083100, 03, GPCC, 120,   0N,    0W,  68,  356,   ,   0,    ,    0,    0,    0,    0, 
AL, 09, 2010083106, 03, GPCC,  12,   0N,    0W,  68,   36,   ,   0,    ,    0,    0,    0,    0, 
AL, 09, 2010083106, 03, GPCC,  24,   0N,    0W,  68,   72,   ,   0,    ,    0,    0,    0,    0, 
AL, 09, 2010083106, 03, GPCC,  36,   0N,    0W,  68,  100,   ,   0,    ,    0,    0,    0,    0, 
AL, 09, 2010083106, 03, GPCC,  48,   0N,    0W,  68,  129,   ,   0,    ,    0,    0,    0,    0, 
AL, 09, 2010083106, 03, GPCC,  72,   0N,    0W,  68,  192,   ,   0,    ,    0,    0,    0,    0, 
AL, 09, 2010083106, 03, GPCC,  96,   0N,    0W,  68,  266,   ,   0,    ,    0,    0,    0,    0, 
AL, 09, 2010083106, 03, GPCC, 120,   0N,    0W,  68,  356,   ,   0,    ,    0,    0,    0,    0, 
AL, 09, 2010083112, 03, GPCC,  12, 109N,  308W,  68,   36,   ,   0,    ,    0,    0,    0,    0, 
AL, 09, 2010083112, 03, GPCC,  24, 109N,  312W,  68,   72,   ,   0,    ,    0,    0,    0,    0, 
AL, 09, 2010083112, 03, GPCC,  36, 108N,  304W,  68,  100,   ,   0,    ,    0,    0,    0,    0, 
AL, 09, 2010083112, 03, GPCC,  48,   0N,    0W,  68,  129,   ,   0,    ,    0,    0,    0,    0, 
AL, 09, 2010083112, 03, GPCC,  72,   0N,    0W,  68,  192,   ,   0,    ,    0,    0,    0,    0, 
AL, 09, 2010083112, 03, GPCC,  96,   0N,    0W,  68,  266,   ,   0,    ,    0,    0,    0,    0, 
AL, 09, 2010083112, 03, GPCC, 120,   0N,    0W,  68,  356,   ,   0,    ,    0,    0,    0,    0, 
AL, 09, 2010083112, 03, TVCN,  12, 109N,  308W,  68,   60,   ,   0,    ,    0,    0,    0,    0, 
AL, 09, 2010083112, 03, TVCN,  24, 109N,  312W,  68,   78,   ,   0,    ,    0,    0,    0,    0, 
AL, 09, 2010083112, 03, TVCN,  36, 108N,  304W,  68,   84,   ,   0,    ,    0,    0,    0,    0, 
AL, 09, 2010083112, 03, TVCX,   0, 110N,  295W,  70,    0,   ,  96, AAA,    0,    0,    0,    0, 
AL, 09, 2010083112, 03, TVCX,  12, 109N,  308W,  70,   54,   ,  94, AAA,   42,   71,    2,    0, 
AL, 09, 2010083112, 03, TVCX,  24, 109N,  313W,  70,   70,   , 182, AAA,   77,   65,    5,   -1, 
AL, 09, 2010083112, 03, TVCX,  36, 111N,  304W,  70,   85,   ,  90, AAA,   86,   84,    8,   -5, 
AL, 09, 2010083118, 03, GPCC,  12, 120N,  324W,  68,   36,   ,   0,    ,    0,    0,    0,    0, 
AL, 09, 2010083118, 03, GPCC,  24, 124N,  332W,  68,   72,   ,   0,    ,    0,    0,    0,    0, 
AL, 09, 2010083118, 03, GPCC,  36, 127N,  333W,  68,  100,   ,   0,    ,    0,    0,    0,    0, 
AL, 09, 2010083118, 03, GPCC,  48, 131N,  374W,  68,  129,   ,   0,    ,    0,    0,    0,    0, 
AL, 09, 2010083118, 03, GPCC,  72, 134N,  399W,  68,  192,   ,   0,    ,    0,    0,    0,    0, 
AL, 09, 2010083118, 03, GPCC,  96, 141N,  430W,  68,  266,   ,   0,    ,    0,    0,    0,    0, 
AL, 09, 2010083118, 03, GPCC, 120, 150N,  479W,  68,  356,   ,   0,    ,    0,    0,    0,    0, 
AL, 09, 2010083118, 03, TVCN,  12, 120N,  324W,  68,   38,   ,   0,    ,    0,    0,    0,    0, 
AL, 09, 2010083118, 03, TVCN,  24, 124N,  332W,  68,   97,   ,   0,    ,    0,    0,    0,    0, 
AL, 09, 2010083118, 03, TVCN,  36, 127N,  333W,  68,  180,   ,   0,    ,    0,    0,    0,    0, 
AL, 09, 2010083118, 03, TVCN,  48, 131N,  374W,  68,   96,   ,   0,    ,    0,    0,    0,    0, 
AL, 09, 2010083118, 03, TVCN,  72, 134N,  399W,  68,  147,   ,   0,    ,    0,    0,    0,    0, 
AL, 09, 2010083118, 03, TVCN,  96, 141N,  430W,  68,  206,   ,   0,    ,    0,    0,    0,    0, 
AL, 09, 2010083118, 03, TVCN, 120, 150N,  479W,  68,  245,   ,   0,    ,    0,    0,    0,    0, 
AL, 09, 2010083118, 03, TVCX,   0, 120N,  310W,  70,    0,   ,  90, AAA,    0,    0,    0,    0, 
AL, 09, 2010083118, 03, TVCX,  12, 121N,  324W,  70,   41,   ,  85, AAA,   37,   46,    2,    0, 
AL, 09, 2010083118, 03, TVCX,  24, 124N,  331W,  70,   85,   ,  26, AAA,   89,   82,    5,   -1, 
AL, 09, 2010083118, 03, TVCX,  36, 129N,  332W,  70,  157,   ,  56, AAA,  124,  200,    8,   -5, 
AL, 09, 2010083118, 03, TVCX,  48, 135N,  374W,  70,  113,   ,  85, AAA,   90,  143,   13,  -10, 
AL, 09, 2010083118, 03, TVCX,  72, 140N,  398W,  70,  158,   ,  79, AAA,  151,  167,   20,  -19, 
AL, 09, 2010083118, 03, TVCX,  96, 149N,  428W,  70,  218,   ,  77, AAA,  195,  245,   18,  -32, 
AL, 09, 2010083118, 03, TVCX, 120, 161N,  477W,  70,  302,   ,  82, AAA,  181,  505,    0,  -65, 
AL, 09, 2010090100, 03, GPCC,  12, 123N,  337W,  68,   36,   ,   0,    ,    0,    0,    0,    0, 
AL, 09, 2010090100, 03, GPCC,  24, 124N,  346W,  68,   72,   ,   0,    ,    0,    0,    0,    0, 
AL, 09, 2010090100, 03, GPCC,  36, 123N,  350W,  68,  100,   ,   0,    ,    0,    0,    0,    0, 
AL, 09, 2010090100, 03, GPCC,  48, 122N,  355W,  68,  129,   ,   0,    ,    0,    0,    0,    0, 
AL, 09, 2010090100, 03, GPCC,  72, 130N,  359W,  68,  192,   ,   0,    ,    0,    0,    0,    0, 
AL, 09, 2010090100, 03, GPCC,  96, 146N,  486W,  68,  266,   ,   0,    ,    0,    0,    0,    0, 
AL, 09, 2010090100, 03, GPCC, 120, 162N,  531W,  68,  356,   ,   0,    ,    0,    0,    0,    0, 
AL, 09, 2010090100, 03, TVCN,  12, 123N,  337W,  68,   55,   ,   0,    ,    0,    0,    0,    0, 
AL, 09, 2010090100, 03, TVCN,  24, 124N,  346W,  68,  116,   ,   0,    ,    0,    0,    0,    0, 
AL, 09, 2010090100, 03, TVCN,  36, 123N,  350W,  68,  191,   ,   0,    ,    0,    0,    0,    0, 
AL, 09, 2010090100, 03, TVCN,  48, 122N,  355W,  68,  259,   ,   0,    ,    0,    0,    0,    0, 
AL, 09, 2010090100, 03, TVCN,  72, 130N,  359W,  68,  451,   ,   0,    ,    0,    0,    0,    0, 
AL, 09, 2010090100, 03, TVCN,  96, 146N,  486W,  68,  171,   ,   0,    ,    0,    0,    0,    0, 
AL, 09, 2010090100, 03, TVCN, 120, 162N,  531W,  68,  219,   ,   0,    ,    0,    0,    0,    0, 
AL, 09, 2010090100, 03, TVCX,   0, 122N,  321W,  70,    0,   ,  90, AAA,    0,    0,    0,    0, 
AL, 09, 2010090100, 03, TVCX,  12, 123N,  337W,  70,   51,   ,  87, AAA,   38,   68,    2,    0, 
AL, 09, 2010090100, 03, TVCX,  24, 125N,  345W,  70,  101,   ,  52, AAA,   91,  113,    5,   -1, 
AL, 09, 2010090100, 03, TVCX,  36, 125N,  350W,  70,  161,   , 104, AAA,  106,  246,    8,   -5, 
AL, 09, 2010090100, 03, TVCX,  48, 124N,  358W,  70,  196,   , 146, AAA,  228,  169,   13,  -10, 
AL, 09, 2010090100, 03, TVCX,  72, 132N,  353W,  70,  260,   ,  14, AAA,  379,  179,   20,  -19, 
AL, 09, 2010090100, 03, TVCX,  96, 154N,  485W,  70,  158,   ,  84, AAA,  216,  117,   18,  -32, 
AL, 09, 2010090100, 03, TVCX, 120, 172N,  528W,  70,  241,   ,  72, AAA,  207,  282,    0,  -65, 
AL, 09, 2010090106, 03, GPCC,  12, 127N,  350W,  68,   36,   ,   0,    ,    0,    0,    0,    0, 
AL, 09, 2010090106, 03, GPCC,  24, 126N,  357W,  68,   72,   ,   0,    ,    0,    0,    0,    0, 
AL, 09, 2010090106, 03, GPCC,  36, 124N,  355W,  68,  100,   ,   0,    ,    0,    0,    0,    0, 
AL, 09, 2010090106, 03, GPCC,  48, 123N,  356W,  68,  129,   ,   0,    ,    0,    0,    0,    0, 
AL, 09, 2010090106, 03, GPCC,  72, 131N,  366W,  68,  192,   ,   0,    ,    0,    0,    0,    0, 
AL, 09, 2010090106, 03, GPCC,  96, 144N,  470W,  68,  266,   ,   0,    ,    0,    0,    0,    0, 
AL, 09, 2010090106, 03, GPCC, 120, 156N,  516W,  68,  356,   ,   0,    ,    0,    0,    0,    0, 
AL, 09, 2010090106, 03, TVCN,  12, 127N,  350W,  68,   64,   ,   0,    ,    0,    0,    0,    0, 
AL, 09, 2010090106, 03, TVCN,  24, 126N,  357W,  68,  136,   ,   0,    ,    0,    0,    0,    0, 
AL, 09, 2010090106, 03, TVCN,  36, 124N,  355W,  68,  210,   ,   0,    ,    0,    0,    0,    0, 
AL, 09, 2010090106, 03, TVCN,  48, 123N,  356W,  68,  286,   ,   0,    ,    0,    0,    0,    0, 
AL, 09, 2010090106, 03, TVCN,  72, 131N,  366W,  68,  399,   ,   0,    ,    0,    0,    0,    0, 
AL, 09, 2010090106, 03, TVCN,  96, 144N,  470W,  68,  195,   ,   0,    ,    0,    0,    0,    0, 
AL, 09, 2010090106, 03, TVCN, 120, 156N,  516W,  68,  246,   ,   0,    ,    0,    0,    0,    0, 
AL, 09, 2010090106, 03, TVCX,   0, 125N,  335W,  70,    0,   ,  82, AAA,    0,    0,    0,    0, 
AL, 09, 2010090106, 03, TVCX,  12, 127N,  350W,  70,   56,   ,  82, AAA,   43,   74,    2,    0, 
AL, 09, 2010090106, 03, TVCX,  24, 127N,  357W,  70,  110,   , 105, AAA,   64,  193,    5,   -1, 
AL, 09, 2010090106, 03, TVCX,  36, 122N,  356W,  70,  177,   , 234, AAA,  147,  214,    8,   -5, 
AL, 09, 2010090106, 03, TVCX,  48, 123N,  352W,  70,  185,   ,  13, AAA,  260,  132,   13,  -10, 
AL, 09, 2010090106, 03, TVCX,  72, 137N,  364W,  70,  323,   ,  70, AAA,  211,  496,   20,  -19, 
AL, 09, 2010090106, 03, TVCX,  96, 151N,  467W,  70,  177,   ,  73, AAA,  236,  133,   18,  -32, 
AL, 09, 2010090106, 03, TVCX, 120, 166N,  514W,  70,  229,   ,  80, AAA,  261,  202,    0,  -65, 
AL, 09, 2010090112, 03, GPCC,  12, 125N,  365W,  68,   36,   ,   0,    ,    0,    0,    0,    0, 
AL, 09, 2010090112, 03, GPCC,  24, 124N,  373W,  68,   72,   ,   0,    ,    0,    0,    0,    0, 
AL, 09, 2010090112, 03, GPCC,  36, 121N,  382W,  68,  100,   ,   0,    ,    0,    0,    0,    0, 
AL, 09, 2010090112, 03, GPCC,  48, 119N,  388W,  68,  129,   ,   0,    ,    0,    0,    0,    0, 
AL, 09, 2010090112, 03, GPCC,  72, 132N,  437W,  68,  192,   ,   0,    ,    0,    0,    0,    0, 
AL, 09, 2010090112, 03, GPCC,  96, 137N,  477W,  68,  266,   ,   0,    ,    0,    0,    0,    0, 
AL, 09, 2010090112, 03, GPCC, 120, 145N,  516W,  68,  356,   ,   0,    ,    0,    0,    0,    0, 
AL, 09, 2010090112, 03, TVCN,  12, 125N,  365W,  68,   66,   ,   0,    ,    0,    0,    0,    0, 
AL, 09, 2010090112, 03, TVCN,  24, 124N,  373W,  68,  118,   ,   0,    ,    0,    0,    0,    0, 
AL, 09, 2010090112, 03, TVCN,  36, 121N,  382W,  68,  142,   ,   0,    ,    0,    0,    0,    0, 
AL, 09, 2010090112, 03, TVCN,  48, 119N,  388W,  68,  175,   ,   0,    ,    0,    0,    0,    0, 
AL, 09, 2010090112, 03, TVCN,  72, 132N,  437W,  68,  192,   ,   0,    ,    0,    0,    0,    0, 
AL, 09, 2010090112, 03, TVCN,  96, 137N,  477W,  68,  266,   ,   0,    ,    0,    0,    0,    0, 
AL, 09, 2010090112, 03, TVCN, 120, 145N,  516W,  68,  353,   ,   0,    ,    0,    0,    0,    0, 
AL, 09, 2010090112, 03, TVCX,   0, 123N,  352W,  70,    0,   ,  80, AAA,    0,    0,    0,    0, 
AL, 09, 2010090112, 03, TVCX,  12, 125N,  365W,  70,   56,   ,  70, AAA,   49,   66,    2,    0, 
AL, 09, 2010090112, 03, TVCX,  24, 125N,  373W,  70,  100,   , 102, AAA,   65,  155,    5,   -1, 
AL, 09, 2010090112, 03, TVCX,  36, 123N,  382W,  70,  130,   , 106, AAA,   92,  185,    8,   -5, 
AL, 09, 2010090112, 03, TVCX,  48, 123N,  389W,  70,  164,   , 100, AAA,  120,  224,   13,  -10, 
AL, 09, 2010090112, 03, TVCX,  72, 138N,  435W,  70,  186,   ,  79, AAA,  174,  201,   20,  -19, 
AL, 09, 2010090112, 03, TVCX,  96, 145N,  475W,  70,  247,   ,  81, AAA,  254,  241,   18,  -32, 
AL, 09, 2010090112, 03, TVCX, 120, 155N,  513W,  70,  319,   ,  76, AAA,  281,  363,    0,  -65, 
AL, 09, 2010090118, 03, GPCC,  12, 130N,  378W,  68,   36,   ,   0,    ,    0,    0,    0,    0, 
AL, 09, 2010090118, 03, GPCC,  24, 133N,  387W,  68,   72,   ,   0,    ,    0,    0,    0,    0, 
AL, 09, 2010090118, 03, GPCC,  36, 135N,  396W,  68,  100,   ,   0,    ,    0,    0,    0,    0, 
AL, 09, 2010090118, 03, GPCC,  48, 136N,  407W,  68,  129,   ,   0,    ,    0,    0,    0,    0, 
AL, 09, 2010090118, 03, GPCC,  72, 138N,  437W,  68,  192,   ,   0,    ,    0,    0,    0,    0, 
AL, 09, 2010090118, 03, GPCC,  96, 144N,  476W,  68,  266,   ,   0,    ,    0,    0,    0,    0, 
AL, 09, 2010090118, 03, GPCC, 120, 151N,  523W,  68,  356,   ,   0,    ,    0,    0,    0,    0, 
AL, 09, 2010090118, 03, TCON,  12, 130N,  380W,  68,   39,   ,   0,    ,    0,    0,    0,    0, 
AL, 09, 2010090118, 03, TCON,  24, 133N,  390W,  68,   66,   ,   0,    ,    0,    0,    0,    0, 
AL, 09, 2010090118, 03, TCON,  36, 136N,  400W,  68,   97,   ,   0,    ,    0,    0,    0,    0, 
AL, 09, 2010090118, 03, TCON,  48, 139N,  410W,  68,  117,   ,   0,    ,    0,    0,    0,    0, 
AL, 09, 2010090118, 03, TCON,  72, 144N,  439W,  68,  172,   ,   0,    ,    0,    0,    0,    0, 
AL, 09, 2010090118, 03, TCON,  96, 154N,  478W,  68,  233,   ,   0,    ,    0,    0,    0,    0, 
AL, 09, 2010090118, 03, TCON, 120, 162N,  527W,  68,  292,   ,   0,    ,    0,    0,    0,    0, 
AL, 09, 2010090118, 03, TCOX,   0, 128N,  365W,  70,    0,   ,  84, AAA,    0,    0,    0,    0, 
AL, 09, 2010090118, 03, TCOX,  12, 131N,  380W,  70,   40,   ,  77, AAA,   39,   43,    2,    0, 
AL, 09, 2010090118, 03, TCOX,  24, 134N,  390W,  70,   70,   ,  74, AAA,   63,   79,    5,   -1, 
AL, 09, 2010090118, 03, TCOX,  36, 138N,  399W,  70,   99,   ,  76, AAA,   83,  118,    8,   -5, 
AL, 09, 2010090118, 03, TCOX,  48, 143N,  410W,  70,  128,   ,  77, AAA,  101,  162,   13,  -10, 
AL, 09, 2010090118, 03, TCOX,  72, 150N,  438W,  70,  184,   ,  78, AAA,  164,  208,   20,  -19, 
AL, 09, 2010090118, 03, TCOX,  96, 162N,  476W,  70,  254,   ,  78, AAA,  213,  305,   18,  -32, 
AL, 09, 2010090118, 03, TCOX, 120, 173N,  525W,  70,  330,   ,  82, AAA,  213,  513,    0,  -65, 
AL, 09, 2010090118, 03, TVCN,  12, 130N,  378W,  68,   42,   ,   0,    ,    0,    0,    0,    0, 
AL, 09, 2010090118, 03, TVCN,  24, 133N,  387W,  68,   71,   ,   0,    ,    0,    0,    0,    0, 
AL, 09, 2010090118, 03, TVCN,  36, 135N,  396W,  68,  101,   ,   0,    ,    0,    0,    0,    0, 
AL, 09, 2010090118, 03, TVCN,  48, 136N,  407W,  68,  124,   ,   0,    ,    0,    0,    0,    0, 
AL, 09, 2010090118, 03, TVCN,  72, 138N,  437W,  68,  183,   ,   0,    ,    0,    0,    0,    0, 
AL, 09, 2010090118, 03, TVCN,  96, 144N,  476W,  68,  266,   ,   0,    ,    0,    0,    0,    0, 
AL, 09, 2010090118, 03, TVCN, 120, 151N,  523W,  68,  334,   ,   0,    ,    0,    0,    0,    0, 
AL, 09, 2010090118, 03, TVCX,   0, 128N,  365W,  70,    0,   ,  82, AAA,    0,    0,    0,    0, 
AL, 09, 2010090118, 03, TVCX,  12, 131N,  378W,  70,   42,   ,  77, AAA,   39,   47,    2,    0, 
AL, 09, 2010090118, 03, TVCX,  24, 134N,  387W,  70,   72,   ,  75, AAA,   63,   84,    5,   -1, 
AL, 09, 2010090118, 03, TVCX,  36, 137N,  396W,  70,  102,   ,  80, AAA,   83,  126,    8,   -5, 
AL, 09, 2010090118, 03, TVCX,  48, 141N,  407W,  70,  128,   ,  84, AAA,  103,  161,   13,  -10, 
AL, 09, 2010090118, 03, TVCX,  72, 145N,  437W,  70,  177,   ,  86, AAA,  173,  183,   20,  -19, 
AL, 09, 2010090118, 03, TVCX,  96, 152N,  475W,  70,  245,   ,  82, AAA,  239,  252,   18,  -32, 
AL, 09, 2010090118, 03, TVCX, 120, 162N,  521W,  70,  313,   ,  79, AAA,  247,  398,    0,  -65, 
AL, 09, 2010090200, 03, GPCC,  12, 135N,  385W,  68,   36,   ,   0,    ,    0,    0,    0,    0, 
AL, 09, 2010090200, 03, GPCC,  24, 136N,  395W,  68,   72,   ,   0,    ,    0,    0,    0,    0, 
AL, 09, 2010090200, 03, GPCC,  36, 138N,  404W,  68,  100,   ,   0,    ,    0,    0,    0,    0, 
AL, 09, 2010090200, 03, GPCC,  48, 140N,  415W,  68,  129,   ,   0,    ,    0,    0,    0,    0, 
AL, 09, 2010090200, 03, GPCC,  72, 144N,  445W,  68,  192,   ,   0,    ,    0,    0,    0,    0, 
AL, 09, 2010090200, 03, GPCC,  96, 151N,  487W,  68,  266,   ,   0,    ,    0,    0,    0,    0, 
AL, 09, 2010090200, 03, GPCC, 120, 159N,  537W,  68,  356,   ,   0,    ,    0,    0,    0,    0, 
AL, 09, 2010090200, 03, TCON,  12, 135N,  386W,  68,   43,   ,   0,    ,    0,    0,    0,    0, 
AL, 09, 2010090200, 03, TCON,  24, 136N,  397W,  68,   65,   ,   0,    ,    0,    0,    0,    0, 
AL, 09, 2010090200, 03, TCON,  36, 138N,  407W,  68,   90,   ,   0,    ,    0,    0,    0,    0, 
AL, 09, 2010090200, 03, TCON,  48, 141N,  418W,  68,  109,   ,   0,    ,    0,    0,    0,    0, 
AL, 09, 2010090200, 03, TCON,  72, 149N,  446W,  68,  170,   ,   0,    ,    0,    0,    0,    0, 
AL, 09, 2010090200, 03, TCON,  96, 160N,  488W,  68,  227,   ,   0,    ,    0,    0,    0,    0, 
AL, 09, 2010090200, 03, TCON, 120, 168N,  540W,  68,  269,   ,   0,    ,    0,    0,    0,    0, 
AL, 09, 2010090200, 03, TCOX,   0, 134N,  374W,  70,    0,   ,  89, AAA,    0,    0,    0,    0, 
AL, 09, 2010090200, 03, TCOX,  12, 135N,  386W,  70,   42,   ,  85, AAA,   40,   46,    2,    0, 
AL, 09, 2010090200, 03, TCOX,  24, 137N,  397W,  70,   68,   ,  80, AAA,   63,   76,    5,   -1, 
AL, 09, 2010090200, 03, TCOX,  36, 141N,  406W,  70,   94,   ,  77, AAA,   83,  107,    8,   -5, 
AL, 09, 2010090200, 03, TCOX,  48, 145N,  418W,  70,  123,   ,  76, AAA,  100,  151,   13,  -10, 
AL, 09, 2010090200, 03, TCOX,  72, 155N,  444W,  70,  184,   ,  74, AAA,  159,  214,   20,  -19, 
AL, 09, 2010090200, 03, TCOX,  96, 168N,  487W,  70,  245,   ,  78, AAA,  208,  291,   18,  -32, 
AL, 09, 2010090200, 03, TCOX, 120, 179N,  539W,  70,  307,   ,  84, AAA,  225,  420,    0,  -65, 
AL, 09, 2010090200, 03, TVCN,  12, 135N,  385W,  68,   44,   ,   0,    ,    0,    0,    0,    0, 
AL, 09, 2010090200, 03, TVCN,  24, 136N,  395W,  68,   68,   ,   0,    ,    0,    0,    0,    0, 
AL, 09, 2010090200, 03, TVCN,  36, 138N,  404W,  68,   92,   ,   0,    ,    0,    0,    0,    0, 
AL, 09, 2010090200, 03, TVCN,  48, 140N,  415W,  68,  112,   ,   0,    ,    0,    0,    0,    0, 
AL, 09, 2010090200, 03, TVCN,  72, 144N,  445W,  68,  176,   ,   0,    ,    0,    0,    0,    0, 
AL, 09, 2010090200, 03, TVCN,  96, 151N,  487W,  68,  251,   ,   0,    ,    0,    0,    0,    0, 
AL, 09, 2010090200, 03, TVCN, 120, 159N,  537W,  68,  312,   ,   0,    ,    0,    0,    0,    0, 
AL, 09, 2010090200, 03, TVCX,   0, 134N,  374W,  70,    0,   ,  87, AAA,    0,    0,    0,    0, 
AL, 09, 2010090200, 03, TVCX,  12, 135N,  385W,  70,   43,   ,  84, AAA,   41,   45,    2,    0, 
AL, 09, 2010090200, 03, TVCX,  24, 137N,  395W,  70,   69,   ,  80, AAA,   64,   74,    5,   -1, 
AL, 09, 2010090200, 03, TVCX,  36, 140N,  404W,  70,   94,   ,  80, AAA,   83,  108,    8,   -5, 
AL, 09, 2010090200, 03, TVCX,  48, 144N,  415W,  70,  121,   ,  81, AAA,  101,  146,   13,  -10, 
AL, 09, 2010090200, 03, TVCX,  72, 150N,  443W,  70,  175,   ,  81, AAA,  166,  185,   20,  -19, 
AL, 09, 2010090200, 03, TVCX,  96, 159N,  485W,  70,  234,   ,  80, AAA,  231,  238,   18,  -32, 
AL, 09, 2010090200, 03, TVCX, 120, 170N,  535W,  70,  301,   ,  81, AAA,  248,  367,    0,  -65, 
AL, 09, 2010090206, 03, GPCC,  12, 137N,  390W,  68,   36,   ,   0,    ,    0,    0,    0,    0, 
AL, 09, 2010090206, 03, GPCC,  24, 139N,  399W,  68,   72,   ,   0,    ,    0,    0,    0,    0, 
AL, 09, 2010090206, 03, GPCC,  36, 141N,  410W,  68,  100,   ,   0,    ,    0,    0,    0,    0, 
AL, 09, 2010090206, 03, GPCC,  48, 143N,  422W,  68,  129,   ,   0,    ,    0,    0,    0,    0, 
AL, 09, 2010090206, 03, GPCC,  72, 145N,  455W,  68,  192,   ,   0,    ,    0,    0,    0,    0, 
AL, 09, 2010090206, 03, GPCC,  96, 146N,  498W,  68,  266,   ,   0,    ,    0,    0,    0,    0, 
AL, 09, 2010090206, 03, GPCC, 120, 152N,  544W,  68,  356,   ,   0,    ,    0,    0,    0,    0, 
AL, 09, 2010090206, 03, TCON,  12, 137N,  391W,  68,   50,   ,   0,    ,    0,    0,    0,    0, 
AL, 09, 2010090206, 03, TCON,  24, 138N,  400W,  68,   78,   ,   0,    ,    0,    0,    0,    0, 
AL, 09, 2010090206, 03, TCON,  36, 141N,  410W,  68,  104,   ,   0,    ,    0,    0,    0,    0, 
AL, 09, 2010090206, 03, TCON,  48, 144N,  423W,  68,  116,   ,   0,    ,    0,    0,    0,    0, 
AL, 09, 2010090206, 03, TCON,  72, 148N,  454W,  68,  158,   ,   0,    ,    0,    0,    0,    0, 
AL, 09, 2010090206, 03, TCON,  96, 152N,  496W,  68,  204,   ,   0,    ,    0,    0,    0,    0, 
AL, 09, 2010090206, 03, TCON, 120, 157N,  545W,  68,  250,   ,   0,    ,    0,    0,    0,    0, 
AL, 09, 2010090206, 03, TCOX,   0, 136N,  380W,  70,    0,   ,  89, AAA,    0,    0,    0,    0, 
AL, 09, 2010090206, 03, TCOX,  12, 137N,  391W,  70,   47,   ,  85, AAA,   40,   57,    2,    0, 
AL, 09, 2010090206, 03, TCOX,  24, 139N,  400W,  70,   79,   ,  78, AAA,   64,   97,    5,   -1, 
AL, 09, 2010090206, 03, TCOX,  36, 143N,  410W,  70,  104,   ,  76, AAA,   83,  131,    8,   -5, 
AL, 09, 2010090206, 03, TCOX,  48, 148N,  422W,  70,  126,   ,  80, AAA,   99,  163,   13,  -10, 
AL, 09, 2010090206, 03, TCOX,  72, 154N,  454W,  70,  173,   ,  83, AAA,  159,  188,   20,  -19, 
AL, 09, 2010090206, 03, TCOX,  96, 160N,  496W,  70,  230,   ,  85, AAA,  205,  260,   18,  -32, 
AL, 09, 2010090206, 03, TCOX, 120, 168N,  543W,  70,  292,   ,  82, AAA,  231,  371,    0,  -65, 
AL, 09, 2010090206, 03, TVCN,  12, 137N,  390W,  68,   47,   ,   0,    ,    0,    0,    0,    0, 
AL, 09, 2010090206, 03, TVCN,  24, 139N,  399W,  68,   77,   ,   0,    ,    0,    0,    0,    0, 
AL, 09, 2010090206, 03, TVCN,  36, 141N,  410W,  68,  101,   ,   0,    ,    0,    0,    0,    0, 
AL, 09, 2010090206, 03, TVCN,  48, 143N,  422W,  68,  116,   ,   0,    ,    0,    0,    0,    0, 
AL, 09, 2010090206, 03, TVCN,  72, 145N,  455W,  68,  163,   ,   0,    ,    0,    0,    0,    0, 
AL, 09, 2010090206, 03, TVCN,  96, 146N,  498W,  68,  216,   ,   0,    ,    0,    0,    0,    0, 
AL, 09, 2010090206, 03, TVCN, 120, 152N,  544W,  68,  275,   ,   0,    ,    0,    0,    0,    0, 
AL, 09, 2010090206, 03, TVCX,   0, 136N,  380W,  70,    0,   ,  84, AAA,    0,    0,    0,    0, 
AL, 09, 2010090206, 03, TVCX,  12, 138N,  390W,  70,   44,   ,  80, AAA,   40,   50,    2,    0, 
AL, 09, 2010090206, 03, TVCX,  24, 140N,  399W,  70,   74,   ,  78, AAA,   67,   83,    5,   -1, 
AL, 09, 2010090206, 03, TVCX,  36, 144N,  410W,  70,   98,   ,  81, AAA,   86,  113,    8,   -5, 
AL, 09, 2010090206, 03, TVCX,  48, 147N,  422W,  70,  121,   ,  84, AAA,  103,  143,   13,  -10, 
AL, 09, 2010090206, 03, TVCX,  72, 151N,  455W,  70,  163,   ,  88, AAA,  162,  165,   20,  -19, 
AL, 09, 2010090206, 03, TVCX,  96, 155N,  498W,  70,  212,   ,  88, AAA,  214,  211,   18,  -32, 
AL, 09, 2010090206, 03, TVCX, 120, 163N,  542W,  70,  280,   ,  79, AAA,  237,  333,    0,  -65, 
AL, 09, 2010090212, 03, GPCC,  12, 140N,  396W,  68,   36,   ,   0,    ,    0,    0,    0,    0, 
AL, 09, 2010090212, 03, GPCC,  24, 142N,  406W,  68,   72,   ,   0,    ,    0,    0,    0,    0, 
AL, 09, 2010090212, 03, GPCC,  36, 144N,  418W,  68,  100,   ,   0,    ,    0,    0,    0,    0, 
AL, 09, 2010090212, 03, GPCC,  48, 146N,  432W,  68,  129,   ,   0,    ,    0,    0,    0,    0, 
AL, 09, 2010090212, 03, GPCC,  72, 149N,  466W,  68,  192,   ,   0,    ,    0,    0,    0,    0, 
AL, 09, 2010090212, 03, GPCC,  96, 152N,  511W,  68,  266,   ,   0,    ,    0,    0,    0,    0, 
AL, 09, 2010090212, 03, GPCC, 120, 158N,  556W,  68,  356,   ,   0,    ,    0,    0,    0,    0, 
AL, 09, 2010090212, 03, TCON,  12, 139N,  397W,  68,   48,   ,   0,    ,    0,    0,    0,    0, 
AL, 09, 2010090212, 03, TCON,  24, 141N,  407W,  68,   71,   ,   0,    ,    0,    0,    0,    0, 
AL, 09, 2010090212, 03, TCON,  36, 145N,  418W,  68,   95,   ,   0,    ,    0,    0,    0,    0, 
AL, 09, 2010090212, 03, TCON,  48, 148N,  431W,  68,  107,   ,   0,    ,    0,    0,    0,    0, 
AL, 09, 2010090212, 03, TCON,  72, 154N,  464W,  68,  146,   ,   0,    ,    0,    0,    0,    0, 
AL, 09, 2010090212, 03, TCON,  96, 157N,  508W,  68,  184,   ,   0,    ,    0,    0,    0,    0, 
AL, 09, 2010090212, 03, TCON, 120, 162N,  555W,  68,  226,   ,   0,    ,    0,    0,    0,    0, 
AL, 09, 2010090212, 03, TCOX,   0, 139N,  386W,  70,    0,   ,  90, AAA,    0,    0,    0,    0, 
AL, 09, 2010090212, 03, TCOX,  12, 140N,  397W,  70,   47,   ,  87, AAA,   38,   58,    2,    0, 
AL, 09, 2010090212, 03, TCOX,  24, 142N,  406W,  70,   75,   ,  76, AAA,   58,   97,    5,   -1, 
AL, 09, 2010090212, 03, TCOX,  36, 147N,  418W,  70,   99,   ,  75, AAA,   77,  127,    8,   -5, 
AL, 09, 2010090212, 03, TCOX,  48, 152N,  431W,  70,  121,   ,  77, AAA,   99,  150,   13,  -10, 
AL, 09, 2010090212, 03, TCOX,  72, 160N,  464W,  70,  164,   ,  84, AAA,  161,  168,   20,  -19, 
AL, 09, 2010090212, 03, TCOX,  96, 165N,  508W,  70,  213,   ,  86, AAA,  201,  228,   18,  -32, 
AL, 09, 2010090212, 03, TCOX, 120, 173N,  553W,  70,  283,   ,  81, AAA,  216,  373,    0,  -65, 
AL, 09, 2010090212, 03, TVCN,  12, 140N,  396W,  68,   48,   ,   0,    ,    0,    0,    0,    0, 
AL, 09, 2010090212, 03, TVCN,  24, 142N,  406W,  68,   73,   ,   0,    ,    0,    0,    0,    0, 
AL, 09, 2010090212, 03, TVCN,  36, 144N,  418W,  68,   94,   ,   0,    ,    0,    0,    0,    0, 
AL, 09, 2010090212, 03, TVCN,  48, 146N,  432W,  68,  109,   ,   0,    ,    0,    0,    0,    0, 
AL, 09, 2010090212, 03, TVCN,  72, 149N,  466W,  68,  158,   ,   0,    ,    0,    0,    0,    0, 
AL, 09, 2010090212, 03, TVCN,  96, 152N,  511W,  68,  207,   ,   0,    ,    0,    0,    0,    0, 
AL, 09, 2010090212, 03, TVCN, 120, 158N,  556W,  68,  263,   ,   0,    ,    0,    0,    0,    0, 
AL, 09, 2010090212, 03, TVCX,   0, 139N,  386W,  70,    0,   ,  88, AAA,    0,    0,    0,    0, 
AL, 09, 2010090212, 03, TVCX,  12, 140N,  396W,  70,   46,   ,  82, AAA,   40,   53,    2,    0, 
AL, 09, 2010090212, 03, TVCX,  24, 143N,  406W,  70,   71,   ,  78, AAA,   62,   83,    5,   -1, 
AL, 09, 2010090212, 03, TVCX,  36, 147N,  418W,  70,   93,   ,  81, AAA,   81,  108,    8,   -5, 
AL, 09, 2010090212, 03, TVCX,  48, 150N,  431W,  70,  115,   ,  83, AAA,  103,  129,   13,  -10, 
AL, 09, 2010090212, 03, TVCX,  72, 155N,  466W,  70,  156,   ,  87, AAA,  168,  146,   20,  -19, 
AL, 09, 2010090212, 03, TVCX,  96, 160N,  510W,  70,  203,   ,  86, AAA,  215,  192,   18,  -32, 
AL, 09, 2010090212, 03, TVCX, 120, 169N,  554W,  70,  280,   ,  78, AAA,  219,  359,    0,  -65, 
AL, 09, 2010090218, 03, GPCC,  12, 135N,  406W,  68,   36,   ,   0,    ,    0,    0,    0,    0, 
AL, 09, 2010090218, 03, GPCC,  24, 138N,  419W,  68,   72,   ,   0,    ,    0,    0,    0,    0, 
AL, 09, 2010090218, 03, GPCC,  36, 140N,  432W,  68,  100,   ,   0,    ,    0,    0,    0,    0, 
AL, 09, 2010090218, 03, GPCC,  48, 142N,  448W,  68,  129,   ,   0,    ,    0,    0,    0,    0, 
AL, 09, 2010090218, 03, GPCC,  72, 144N,  489W,  68,  192,   ,   0,    ,    0,    0,    0,    0, 
AL, 09, 2010090218, 03, GPCC,  96, 145N,  543W,  68,  266,   ,   0,    ,    0,    0,    0,    0, 
AL, 09, 2010090218, 03, GPCC, 120, 151N,  596W,  68,  356,   ,   0,    ,    0,    0,    0,    0, 
AL, 09, 2010090218, 03, TCON,  12, 135N,  405W,  68,   53,   ,   0,    ,    0,    0,    0,    0, 
AL, 09, 2010090218, 03, TCON,  24, 138N,  418W,  68,   75,   ,   0,    ,    0,    0,    0,    0, 
AL, 09, 2010090218, 03, TCON,  36, 140N,  431W,  68,   95,   ,   0,    ,    0,    0,    0,    0, 
AL, 09, 2010090218, 03, TCON,  48, 143N,  446W,  68,  106,   ,   0,    ,    0,    0,    0,    0, 
AL, 09, 2010090218, 03, TCON,  72, 147N,  485W,  68,  153,   ,   0,    ,    0,    0,    0,    0, 
AL, 09, 2010090218, 03, TCON,  96, 149N,  538W,  68,  203,   ,   0,    ,    0,    0,    0,    0, 
AL, 09, 2010090218, 03, TCON, 120, 156N,  588W,  68,  261,   ,   0,    ,    0,    0,    0,    0, 
AL, 09, 2010090218, 03, TCOX,   0, 135N,  393W,  70,    0,   ,  90, AAA,    0,    0,    0,    0, 
AL, 09, 2010090218, 03, TCOX,  12, 135N,  405W,  70,   49,   ,  88, AAA,   42,   57,    2,    0, 
AL, 09, 2010090218, 03, TCOX,  24, 138N,  418W,  70,   77,   ,  78, AAA,   60,  102,    5,   -1, 
AL, 09, 2010090218, 03, TCOX,  36, 142N,  431W,  70,   99,   ,  79, AAA,   76,  130,    8,   -5, 
AL, 09, 2010090218, 03, TCOX,  48, 147N,  446W,  70,  124,   ,  80, AAA,   95,  165,   13,  -10, 
AL, 09, 2010090218, 03, TCOX,  72, 154N,  485W,  70,  171,   ,  86, AAA,  160,  185,   20,  -19, 
AL, 09, 2010090218, 03, TCOX,  96, 157N,  538W,  70,  231,   ,  88, AAA,  216,  248,   18,  -32, 
AL, 09, 2010090218, 03, TCOX, 120, 166N,  585W,  70,  318,   ,  76, AAA,  201,  505,    0,  -65, 
AL, 09, 2010090218, 03, TVCN,  12, 135N,  406W,  68,   51,   ,   0,    ,    0,    0,    0,    0, 
AL, 09, 2010090218, 03, TVCN,  24, 138N,  419W,  68,   76,   ,   0,    ,    0,    0,    0,    0, 
AL, 09, 2010090218, 03, TVCN,  36, 140N,  432W,  68,   98,   ,   0,    ,    0,    0,    0,    0, 
AL, 09, 2010090218, 03, TVCN,  48, 142N,  448W,  68,  113,   ,   0,    ,    0,    0,    0,    0, 
AL, 09, 2010090218, 03, TVCN,  72, 144N,  489W,  68,  174,   ,   0,    ,    0,    0,    0,    0, 
AL, 09, 2010090218, 03, TVCN,  96, 145N,  543W,  68,  242,   ,   0,    ,    0,    0,    0,    0, 
AL, 09, 2010090218, 03, TVCN, 120, 151N,  596W,  68,  323,   ,   0,    ,    0,    0,    0,    0, 
AL, 09, 2010090218, 03, TVCX,   0, 135N,  393W,  70,    0,   ,  90, AAA,    0,    0,    0,    0, 
AL, 09, 2010090218, 03, TVCX,  12, 136N,  406W,  70,   48,   ,  87, AAA,   42,   56,    2,    0, 
AL, 09, 2010090218, 03, TVCX,  24, 138N,  419W,  70,   77,   ,  81, AAA,   60,   99,    5,   -1, 
AL, 09, 2010090218, 03, TVCX,  36, 142N,  432W,  70,  100,   ,  82, AAA,   77,  130,    8,   -5, 
AL, 09, 2010090218, 03, TVCX,  48, 146N,  448W,  70,  124,   ,  84, AAA,   98,  159,   13,  -10, 
AL, 09, 2010090218, 03, TVCX,  72, 151N,  489W,  70,  172,   ,  88, AAA,  165,  180,   20,  -19, 
AL, 09, 2010090218, 03, TVCX,  96, 153N,  543W,  70,  233,   ,  89, AAA,  222,  245,   18,  -32, 
AL, 09, 2010090218, 03, TVCX, 120, 161N,  594W,  70,  307,   ,  77, AAA,  234,  404,    0,  -65, 
AL, 09, 2010090300, 03, GPCC,  12, 140N,  415W,  68,   36,   ,   0,    ,    0,    0,    0,    0, 
AL, 09, 2010090300, 03, GPCC,  24, 143N,  429W,  68,   72,   ,   0,    ,    0,    0,    0,    0, 
AL, 09, 2010090300, 03, GPCC,  36, 145N,  445W,  68,  100,   ,   0,    ,    0,    0,    0,    0, 
AL, 09, 2010090300, 03, GPCC,  48, 145N,  462W,  68,  129,   ,   0,    ,    0,    0,    0,    0, 
AL, 09, 2010090300, 03, GPCC,  72, 145N,  503W,  68,  192,   ,   0,    ,    0,    0,    0,    0, 
AL, 09, 2010090300, 03, GPCC,  96, 147N,  549W,  68,  266,   ,   0,    ,    0,    0,    0,    0, 
AL, 09, 2010090300, 03, GPCC, 120, 153N,  589W,  68,  356,   ,   0,    ,    0,    0,    0,    0, 
AL, 09, 2010090300, 03, TCON,  12, 140N,  415W,  68,   46,   ,   0,    ,    0,    0,    0,    0, 
AL, 09, 2010090300, 03, TCON,  24, 143N,  428W,  68,   67,   ,   0,    ,    0,    0,    0,    0, 
AL, 09, 2010090300, 03, TCON,  36, 147N,  445W,  68,   89,   ,   0,    ,    0,    0,    0,    0, 
AL, 09, 2010090300, 03, TCON,  48, 149N,  463W,  68,   99,   ,   0,    ,    0,    0,    0,    0, 
AL, 09, 2010090300, 03, TCON,  72, 152N,  507W,  68,  150,   ,   0,    ,    0,    0,    0,    0, 
AL, 09, 2010090300, 03, TCON,  96, 155N,  555W,  68,  206,   ,   0,    ,    0,    0,    0,    0, 
AL, 09, 2010090300, 03, TCON, 120, 162N,  600W,  68,  265,   ,   0,    ,    0,    0,    0,    0, 
AL, 09, 2010090300, 03, TCOX,   0, 137N,  402W,  70,    0,   ,  80, AAA,    0,    0,    0,    0, 
AL, 09, 2010090300, 03, TCOX,  12, 140N,  415W,  70,   45,   ,  76, AAA,   39,   52,    2,    0, 
AL, 09, 2010090300, 03, TCOX,  24, 144N,  428W,  70,   71,   ,  76, AAA,   60,   84,    5,   -1, 
AL, 09, 2010090300, 03, TCOX,  36, 149N,  444W,  70,   92,   ,  81, AAA,   79,  109,    8,   -5, 
AL, 09, 2010090300, 03, TCOX,  48, 153N,  462W,  70,  116,   ,  84, AAA,  101,  135,   13,  -10, 
AL, 09, 2010090300, 03, TCOX,  72, 159N,  506W,  70,  165,   ,  88, AAA,  166,  166,   20,  -19, 
AL, 09, 2010090300, 03, TCOX,  96, 163N,  554W,  70,  231,   ,  84, AAA,  209,  256,   18,  -32, 
AL, 09, 2010090300, 03, TCOX, 120, 173N,  598W,  70,  308,   ,  77, AAA,  214,  444,    0,  -65, 
AL, 09, 2010090300, 03, TVCN,  12, 140N,  415W,  68,   43,   ,   0,    ,    0,    0,    0,    0, 
AL, 09, 2010090300, 03, TVCN,  24, 143N,  429W,  68,   67,   ,   0,    ,    0,    0,    0,    0, 
AL, 09, 2010090300, 03, TVCN,  36, 145N,  445W,  68,   89,   ,   0,    ,    0,    0,    0,    0, 
AL, 09, 2010090300, 03, TVCN,  48, 145N,  462W,  68,  109,   ,   0,    ,    0,    0,    0,    0, 
AL, 09, 2010090300, 03, TVCN,  72, 145N,  503W,  68,  182,   ,   0,    ,    0,    0,    0,    0, 
AL, 09, 2010090300, 03, TVCN,  96, 147N,  549W,  68,  273,   ,   0,    ,    0,    0,    0,    0, 
AL, 09, 2010090300, 03, TVCN, 120, 153N,  589W,  68,  378,   ,   0,    ,    0,    0,    0,    0, 
AL, 09, 2010090300, 03, TVCX,   0, 137N,  402W,  70,    0,   ,  76, AAA,    0,    0,    0,    0, 
AL, 09, 2010090300, 03, TVCX,  12, 140N,  415W,  70,   43,   ,  78, AAA,   39,   50,    2,    0, 
AL, 09, 2010090300, 03, TVCX,  24, 144N,  429W,  70,   69,   ,  81, AAA,   60,   81,    5,   -1, 
AL, 09, 2010090300, 03, TVCX,  36, 147N,  445W,  70,   88,   ,  87, AAA,   81,   97,    8,   -5, 
AL, 09, 2010090300, 03, TVCX,  48, 149N,  462W,  70,  114,   ,  88, AAA,  108,  122,   13,  -10, 
AL, 09, 2010090300, 03, TVCX,  72, 151N,  503W,  70,  169,   ,  90, AAA,  179,  160,   20,  -19, 
AL, 09, 2010090300, 03, TVCX,  96, 155N,  547W,  70,  255,   ,  83, AAA,  222,  293,   18,  -32, 
AL, 09, 2010090300, 03, TVCX, 120, 164N,  587W,  70,  333,   ,  81, AAA,  254,  438,    0,  -65, 
AL, 09, 2010090312, 03, GPCC,  12, 141N,  425W,  68,   36,   ,   0,    ,    0,    0,    0,    0, 
AL, 09, 2010090312, 03, GPCC,  24, 143N,  440W,  68,   72,   ,   0,    ,    0,    0,    0,    0, 
AL, 09, 2010090312, 03, GPCC,  36, 143N,  457W,  68,  100,   ,   0,    ,    0,    0,    0,    0, 
AL, 09, 2010090312, 03, GPCC,  48, 142N,  478W,  68,  129,   ,   0,    ,    0,    0,    0,    0, 
AL, 09, 2010090312, 03, GPCC,  72, 136N,  525W,  68,  192,   ,   0,    ,    0,    0,    0,    0, 
AL, 09, 2010090312, 03, GPCC,  96, 133N,  570W,  68,  266,   ,   0,    ,    0,    0,    0,    0, 
AL, 09, 2010090312, 03, GPCC, 120, 151N,  589W,  68,  356,   ,   0,    ,    0,    0,    0,    0, 
AL, 09, 2010090312, 03, TVCN,  12, 141N,  425W,  68,   40,   ,   0,    ,    0,    0,    0,    0, 
AL, 09, 2010090312, 03, TVCN,  24, 143N,  440W,  68,   66,   ,   0,    ,    0,    0,    0,    0, 
AL, 09, 2010090312, 03, TVCN,  36, 143N,  457W,  68,   91,   ,   0,    ,    0,    0,    0,    0, 
AL, 09, 2010090312, 03, TVCN,  48, 142N,  478W,  68,  109,   ,   0,    ,    0,    0,    0,    0, 
AL, 09, 2010090312, 03, TVCN,  72, 136N,  525W,  68,  161,   ,   0,    ,    0,    0,    0,    0, 
AL, 09, 2010090312, 03, TVCN,  96, 133N,  570W,  68,  223,   ,   0,    ,    0,    0,    0,    0, 
AL, 09, 2010090312, 03, TVCN, 120, 151N,  589W,  68,  298,   ,   0,    ,    0,    0,    0,    0, 
AL, 09, 2010090312, 03, TVCX,   0, 139N,  411W,  70,    0,   ,  79, AAA,    0,    0,    0,    0, 
AL, 09, 2010090312, 03, TVCX,  12, 142N,  425W,  70,   42,   ,  82, AAA,   37,   47,    2,    0, 
AL, 09, 2010090312, 03, TVCX,  24, 144N,  440W,  70,   69,   ,  89, AAA,   59,   82,    5,   -1, 
AL, 09, 2010090312, 03, TVCX,  36, 146N,  457W,  70,   93,   ,  91, AAA,   78,  113,    8,   -5, 
AL, 09, 2010090312, 03, TVCX,  48, 146N,  478W,  70,  121,   ,  95, AAA,   97,  152,   13,  -10, 
AL, 09, 2010090312, 03, TVCX,  72, 142N,  525W,  70,  163,   ,  98, AAA,  153,  174,   20,  -19, 
AL, 09, 2010090312, 03, TVCX,  96, 141N,  570W,  70,  215,   ,  85, AAA,  220,  210,   18,  -32, 
AL, 09, 2010090312, 03, TVCX, 120, 153N,  578W,  70,  220,   ,  13, AAA,  325,  150,    0,  -65, 
AL, 09, 2010090318, 03, GPCC,  12, 152N,  431W,  68,   36,   ,   0,    ,    0,    0,    0,    0, 
AL, 09, 2010090318, 03, GPCC,  24, 155N,  447W,  68,   72,   ,   0,    ,    0,    0,    0,    0, 
AL, 09, 2010090318, 03, GPCC,  36, 158N,  465W,  68,  100,   ,   0,    ,    0,    0,    0,    0, 
AL, 09, 2010090318, 03, GPCC,  48, 158N,  485W,  68,  129,   ,   0,    ,    0,    0,    0,    0, 
AL, 09, 2010090318, 03, GPCC,  72, 153N,  530W,  68,  192,   ,   0,    ,    0,    0,    0,    0, 
AL, 09, 2010090318, 03, GPCC,  96, 156N,  572W,  68,  266,   ,   0,    ,    0,    0,    0,    0, 
AL, 09, 2010090318, 03, GPCC, 120, 170N,  603W,  68,  356,   ,   0,    ,    0,    0,    0,    0, 
AL, 09, 2010090318, 03, TVCN,  12, 152N,  431W,  68,   41,   ,   0,    ,    0,    0,    0,    0, 
AL, 09, 2010090318, 03, TVCN,  24, 155N,  447W,  68,   61,   ,   0,    ,    0,    0,    0,    0, 
AL, 09, 2010090318, 03, TVCN,  36, 158N,  465W,  68,   77,   ,   0,    ,    0,    0,    0,    0, 
AL, 09, 2010090318, 03, TVCN,  48, 158N,  485W,  68,   79,   ,   0,    ,    0,    0,    0,    0, 
AL, 09, 2010090318, 03, TVCN,  72, 153N,  530W,  68,  126,   ,   0,    ,    0,    0,    0,    0, 
AL, 09, 2010090318, 03, TVCN,  96, 156N,  572W,  68,  175,   ,   0,    ,    0,    0,    0,    0, 
AL, 09, 2010090318, 03, TVCN, 120, 170N,  603W,  68,  244,   ,   0,    ,    0,    0,    0,    0, 
AL, 09, 2010090318, 03, TVCX,   0, 149N,  419W,  70,    0,   ,  77, AAA,    0,    0,    0,    0, 
AL, 09, 2010090318, 03, TVCX,  12, 152N,  431W,  70,   43,   ,  77, AAA,   36,   51,    2,    0, 
AL, 09, 2010090318, 03, TVCX,  24, 156N,  447W,  70,   66,   ,  80, AAA,   59,   75,    5,   -1, 
AL, 09, 2010090318, 03, TVCX,  36, 160N,  465W,  70,   80,   ,  88, AAA,   77,   85,    8,   -5, 
AL, 09, 2010090318, 03, TVCX,  48, 162N,  485W,  70,   95,   ,  91, AAA,   92,  101,   13,  -10, 
AL, 09, 2010090318, 03, TVCX,  72, 159N,  530W,  70,  132,   ,  94, AAA,  148,  118,   20,  -19, 
AL, 09, 2010090318, 03, TVCX,  96, 164N,  570W,  70,  180,   ,  76, AAA,  195,  168,   18,  -32, 
AL, 09, 2010090318, 03, TVCX, 120, 179N,  597W,  70,  244,   ,  58, AAA,  246,  243,    0,  -65, 
AL, 09, 2010090400, 03, GPCC,  12, 157N,  443W,  68,   36,   ,   0,    ,    0,    0,    0,    0, 
AL, 09, 2010090400, 03, GPCC,  24, 161N,  462W,  68,   72,   ,   0,    ,    0,    0,    0,    0, 
AL, 09, 2010090400, 03, GPCC,  36, 164N,  484W,  68,  100,   ,   0,    ,    0,    0,    0,    0, 
AL, 09, 2010090400, 03, GPCC,  48, 164N,  506W,  68,  129,   ,   0,    ,    0,    0,    0,    0, 
AL, 09, 2010090400, 03, GPCC,  72, 162N,  554W,  68,  192,   ,   0,    ,    0,    0,    0,    0, 
AL, 09, 2010090400, 03, GPCC,  96, 165N,  597W,  68,  266,   ,   0,    ,    0,    0,    0,    0, 
AL, 09, 2010090400, 03, GPCC, 120, 177N,  627W,  68,  356,   ,   0,    ,    0,    0,    0,    0, 
AL, 09, 2010090400, 03, TVCN,  12, 157N,  443W,  68,   41,   ,   0,    ,    0,    0,    0,    0, 
AL, 09, 2010090400, 03, TVCN,  24, 161N,  462W,  68,   63,   ,   0,    ,    0,    0,    0,    0, 
AL, 09, 2010090400, 03, TVCN,  36, 164N,  484W,  68,   83,   ,   0,    ,    0,    0,    0,    0, 
AL, 09, 2010090400, 03, TVCN,  48, 164N,  506W,  68,   95,   ,   0,    ,    0,    0,    0,    0, 
AL, 09, 2010090400, 03, TVCN,  72, 162N,  554W,  68,  142,   ,   0,    ,    0,    0,    0,    0, 
AL, 09, 2010090400, 03, TVCN,  96, 165N,  597W,  68,  192,   ,   0,    ,    0,    0,    0,    0, 
AL, 09, 2010090400, 03, TVCN, 120, 177N,  627W,  68,  254,   ,   0,    ,    0,    0,    0,    0, 
AL, 09, 2010090400, 03, TVCX,   0, 152N,  426W,  70,    0,   ,  72, AAA,    0,    0,    0,    0, 
AL, 09, 2010090400, 03, TVCX,  12, 157N,  443W,  70,   43,   ,  76, AAA,   36,   53,    2,    0, 
AL, 09, 2010090400, 03, TVCX,  24, 162N,  462W,  70,   67,   ,  80, AAA,   59,   76,    5,   -1, 
AL, 09, 2010090400, 03, TVCX,  36, 166N,  484W,  70,   82,   ,  89, AAA,   81,   84,    8,   -5, 
AL, 09, 2010090400, 03, TVCX,  48, 168N,  506W,  70,  103,   ,  91, AAA,  103,  103,   13,  -10, 
AL, 09, 2010090400, 03, TVCX,  72, 168N,  552W,  70,  134,   ,  73, AAA,  159,  113,   20,  -19, 
AL, 09, 2010090400, 03, TVCX,  96, 173N,  595W,  70,  184,   ,  79, AAA,  205,  166,   18,  -32, 
AL, 09, 2010090400, 03, TVCX, 120, 186N,  621W,  70,  231,   ,  56, AAA,  269,  200,    0,  -65, 
AL, 09, 2010090406, 03, GPCC,  12, 158N,  459W,  68,   36,   ,   0,    ,    0,    0,    0,    0, 
AL, 09, 2010090406, 03, GPCC,  24, 160N,  479W,  68,   72,   ,   0,    ,    0,    0,    0,    0, 
AL, 09, 2010090406, 03, GPCC,  36, 161N,  502W,  68,  100,   ,   0,    ,    0,    0,    0,    0, 
AL, 09, 2010090406, 03, GPCC,  48, 159N,  528W,  68,  129,   ,   0,    ,    0,    0,    0,    0, 
AL, 09, 2010090406, 03, GPCC,  72, 154N,  577W,  68,  192,   ,   0,    ,    0,    0,    0,    0, 
AL, 09, 2010090406, 03, GPCC,  96, 158N,  621W,  68,  266,   ,   0,    ,    0,    0,    0,    0, 
AL, 09, 2010090406, 03, GPCC, 120, 176N,  640W,  68,  356,   ,   0,    ,    0,    0,    0,    0, 
AL, 09, 2010090406, 03, TVCN,  12, 158N,  459W,  68,   39,   ,   0,    ,    0,    0,    0,    0, 
AL, 09, 2010090406, 03, TVCN,  24, 160N,  479W,  68,   64,   ,   0,    ,    0,    0,    0,    0, 
AL, 09, 2010090406, 03, TVCN,  36, 161N,  502W,  68,   89,   ,   0,    ,    0,    0,    0,    0, 
AL, 09, 2010090406, 03, TVCN,  48, 159N,  528W,  68,   99,   ,   0,    ,    0,    0,    0,    0, 
AL, 09, 2010090406, 03, TVCN,  72, 154N,  577W,  68,  154,   ,   0,    ,    0,    0,    0,    0, 
AL, 09, 2010090406, 03, TVCN,  96, 158N,  621W,  68,  231,   ,   0,    ,    0,    0,    0,    0, 
AL, 09, 2010090406, 03, TVCN, 120, 176N,  640W,  68,  269,   ,   0,    ,    0,    0,    0,    0, 
AL, 09, 2010090406, 03, TVCX,   0, 154N,  440W,  70,    0,   ,  74, AAA,    0,    0,    0,    0, 
AL, 09, 2010090406, 03, TVCX,  12, 159N,  459W,  70,   40,   ,  81, AAA,   38,   43,    2,    0, 
AL, 09, 2010090406, 03, TVCX,  24, 161N,  479W,  70,   65,   ,  88, AAA,   62,   68,    5,   -1, 
AL, 09, 2010090406, 03, TVCX,  36, 163N,  502W,  70,   88,   ,  92, AAA,   81,   96,    8,   -5, 
AL, 09, 2010090406, 03, TVCX,  48, 163N,  528W,  70,  106,   ,  96, AAA,   99,  115,   13,  -10, 
AL, 09, 2010090406, 03, TVCX,  72, 160N,  579W,  70,  149,   , 101, AAA,  158,  142,   20,  -19, 
AL, 09, 2010090406, 03, TVCX,  96, 165N,  617W,  70,  209,   ,  63, AAA,  233,  187,   18,  -32, 
AL, 09, 2010090406, 03, TVCX, 120, 186N,  636W,  70,  262,   ,  72, AAA,  250,  276,    0,  -65, 
AL, 09, 2010090412, 03, GPCC,  12, 167N,  476W,  68,   36,   ,   0,    ,    0,    0,    0,    0, 
AL, 09, 2010090412, 03, GPCC,  24, 168N,  499W,  68,   72,   ,   0,    ,    0,    0,    0,    0, 
AL, 09, 2010090412, 03, GPCC,  36, 167N,  523W,  68,  100,   ,   0,    ,    0,    0,    0,    0, 
AL, 09, 2010090412, 03, GPCC,  48, 165N,  549W,  68,  129,   ,   0,    ,    0,    0,    0,    0, 
AL, 09, 2010090412, 03, GPCC,  72, 163N,  597W,  68,  192,   ,   0,    ,    0,    0,    0,    0, 
AL, 09, 2010090412, 03, GPCC,  96, 165N,  639W,  68,  266,   ,   0,    ,    0,    0,    0,    0, 
AL, 09, 2010090412, 03, GPCC, 120, 184N,  653W,  68,  356,   ,   0,    ,    0,    0,    0,    0, 
AL, 09, 2010090412, 03, TVCN,  12, 167N,  476W,  68,   39,   ,   0,    ,    0,    0,    0,    0, 
AL, 09, 2010090412, 03, TVCN,  24, 168N,  499W,  68,   65,   ,   0,    ,    0,    0,    0,    0, 
AL, 09, 2010090412, 03, TVCN,  36, 167N,  523W,  68,   89,   ,   0,    ,    0,    0,    0,    0, 
AL, 09, 2010090412, 03, TVCN,  48, 165N,  549W,  68,  101,   ,   0,    ,    0,    0,    0,    0, 
AL, 09, 2010090412, 03, TVCN,  72, 163N,  597W,  68,  159,   ,   0,    ,    0,    0,    0,    0, 
AL, 09, 2010090412, 03, TVCN,  96, 165N,  639W,  68,  235,   ,   0,    ,    0,    0,    0,    0, 
AL, 09, 2010090412, 03, TVCN, 120, 184N,  653W,  68,  273,   ,   0,    ,    0,    0,    0,    0, 
AL, 09, 2010090412, 03, TVCX,   0, 163N,  456W,  70,    0,   ,  75, AAA,    0,    0,    0,    0, 
AL, 09, 2010090412, 03, TVCX,  12, 167N,  476W,  70,   39,   ,  75, AAA,   39,   41,    2,    0, 
AL, 09, 2010090412, 03, TVCX,  24, 168N,  499W,  70,   66,   , 165, AAA,   62,   70,    5,   -1, 
AL, 09, 2010090412, 03, TVCX,  36, 169N,  523W,  70,   86,   ,  84, AAA,   81,   91,    8,   -5, 
AL, 09, 2010090412, 03, TVCX,  48, 169N,  549W,  70,  106,   ,  95, AAA,  101,  113,   13,  -10, 
AL, 09, 2010090412, 03, TVCX,  72, 169N,  597W,  70,  147,   ,  90, AAA,  161,  135,   20,  -19, 
AL, 09, 2010090412, 03, TVCX,  96, 172N,  634W,  70,  196,   ,  56, AAA,  248,  156,   18,  -32, 
AL, 09, 2010090412, 03, TVCX, 120, 195N,  651W,  70,  268,   ,  79, AAA,  254,  283,    0,  -65, 
AL, 09, 2010090418, 03, GPCC,  12, 170N,  490W,  68,   36,   ,   0,    ,    0,    0,    0,    0, 
AL, 09, 2010090418, 03, GPCC,  24, 174N,  514W,  68,   72,   ,   0,    ,    0,    0,    0,    0, 
AL, 09, 2010090418, 03, GPCC,  36, 178N,  542W,  68,  100,   ,   0,    ,    0,    0,    0,    0, 
AL, 09, 2010090418, 03, GPCC,  48, 181N,  573W,  68,  129,   ,   0,    ,    0,    0,    0,    0, 
AL, 09, 2010090418, 03, GPCC,  72, 186N,  638W,  68,  192,   ,   0,    ,    0,    0,    0,    0, 
AL, 09, 2010090418, 03, GPCC,  96, 193N,  667W,  68,  266,   ,   0,    ,    0,    0,    0,    0, 
AL, 09, 2010090418, 03, GPCC, 120, 199N,  684W,  68,  356,   ,   0,    ,    0,    0,    0,    0, 
AL, 09, 2010090418, 03, TVCN,  12, 170N,  490W,  68,   44,   ,   0,    ,    0,    0,    0,    0, 
AL, 09, 2010090418, 03, TVCN,  24, 174N,  514W,  68,   71,   ,   0,    ,    0,    0,    0,    0, 
AL, 09, 2010090418, 03, TVCN,  36, 178N,  542W,  68,   92,   ,   0,    ,    0,    0,    0,    0, 
AL, 09, 2010090418, 03, TVCN,  48, 181N,  573W,  68,  104,   ,   0,    ,    0,    0,    0,    0, 
AL, 09, 2010090418, 03, TVCN,  72, 186N,  638W,  68,  172,   ,   0,    ,    0,    0,    0,    0, 
AL, 09, 2010090418, 03, TVCN,  96, 193N,  667W,  68,  194,   ,   0,    ,    0,    0,    0,    0, 
AL, 09, 2010090418, 03, TVCN, 120, 199N,  684W,  68,  257,   ,   0,    ,    0,    0,    0,    0, 
AL, 09, 2010090418, 03, TVCX,   0, 166N,  466W,  70,    0,   ,  79, AAA,    0,    0,    0,    0, 
AL, 09, 2010090418, 03, TVCX,  12, 171N,  489W,  70,   44,   ,  80, AAA,   40,   49,    2,    0, 
AL, 09, 2010090418, 03, TVCX,  24, 175N,  514W,  70,   71,   ,  82, AAA,   64,   80,    5,   -1, 
AL, 09, 2010090418, 03, TVCX,  36, 180N,  542W,  70,   93,   ,  84, AAA,   79,  111,    8,   -5, 
AL, 09, 2010090418, 03, TVCX,  48, 185N,  572W,  70,  114,   ,  85, AAA,  100,  131,   13,  -10, 
AL, 09, 2010090418, 03, TVCX,  72, 192N,  638W,  70,  162,   ,  85, AAA,  154,  172,   20,  -19, 
AL, 09, 2010090418, 03, TVCX,  96, 201N,  666W,  70,  192,   ,  83, AAA,  182,  203,   18,  -32, 
AL, 09, 2010090418, 03, TVCX, 120, 208N,  678W,  70,  253,   ,  56, AAA,  247,  261,    0,  -65, 
AL, 09, 2010090500, 03, GPCC,  12, 168N,  501W,  68,   36,   ,   0,    ,    0,    0,    0,    0, 
AL, 09, 2010090500, 03, GPCC,  24, 170N,  526W,  68,   72,   ,   0,    ,    0,    0,    0,    0, 
AL, 09, 2010090500, 03, GPCC,  36, 172N,  556W,  68,  100,   ,   0,    ,    0,    0,    0,    0, 
AL, 09, 2010090500, 03, GPCC,  48, 173N,  587W,  68,  129,   ,   0,    ,    0,    0,    0,    0, 
AL, 09, 2010090500, 03, GPCC,  72, 180N,  654W,  68,  192,   ,   0,    ,    0,    0,    0,    0, 
AL, 09, 2010090500, 03, GPCC,  96, 182N,  676W,  68,  266,   ,   0,    ,    0,    0,    0,    0, 
AL, 09, 2010090500, 03, GPCC, 120, 189N,  698W,  68,  356,   ,   0,    ,    0,    0,    0,    0, 
AL, 09, 2010090500, 03, TVCN,  12, 168N,  501W,  68,   44,   ,   0,    ,    0,    0,    0,    0, 
AL, 09, 2010090500, 03, TVCN,  24, 170N,  526W,  68,   73,   ,   0,    ,    0,    0,    0,    0, 
AL, 09, 2010090500, 03, TVCN,  36, 172N,  556W,  68,   98,   ,   0,    ,    0,    0,    0,    0, 
AL, 09, 2010090500, 03, TVCN,  48, 173N,  587W,  68,  114,   ,   0,    ,    0,    0,    0,    0, 
AL, 09, 2010090500, 03, TVCN,  72, 180N,  654W,  68,  194,   ,   0,    ,    0,    0,    0,    0, 
AL, 09, 2010090500, 03, TVCN,  96, 182N,  676W,  68,  236,   ,   0,    ,    0,    0,    0,    0, 
AL, 09, 2010090500, 03, TVCN, 120, 189N,  698W,  68,  342,   ,   0,    ,    0,    0,    0,    0, 
AL, 09, 2010090500, 03, TVCX,   0, 167N,  477W,  70,    0,   ,  87, AAA,    0,    0,    0,    0, 
AL, 09, 2010090500, 03, TVCX,  12, 169N,  501W,  70,   43,   ,  86, AAA,   40,   48,    2,    0, 
AL, 09, 2010090500, 03, TVCX,  24, 171N,  526W,  70,   71,   ,  86, AAA,   65,   79,    5,   -1, 
AL, 09, 2010090500, 03, TVCX,  36, 174N,  556W,  70,   94,   ,  88, AAA,   84,  107,    8,   -5, 
AL, 09, 2010090500, 03, TVCX,  48, 177N,  587W,  70,  115,   ,  89, AAA,  108,  122,   13,  -10, 
AL, 09, 2010090500, 03, TVCX,  72, 187N,  654W,  70,  179,   ,  84, AAA,  156,  207,   20,  -19, 
AL, 09, 2010090500, 03, TVCX,  96, 174N,  676W,  70,  224,   , 271, AAA,  203,  250,   18,  -32, 
AL, 09, 2010090500, 03, TVCX, 120, 197N,  691W,  70,  280,   ,  51, AAA,  347,  228,    0,  -65, 
AL, 09, 2010090506, 03, GPCC,  12, 168N,  515W,  68,   36,   ,   0,    ,    0,    0,    0,    0, 
AL, 09, 2010090506, 03, GPCC,  24, 170N,  541W,  68,   72,   ,   0,    ,    0,    0,    0,    0, 
AL, 09, 2010090506, 03, GPCC,  36, 172N,  571W,  68,  100,   ,   0,    ,    0,    0,    0,    0, 
AL, 09, 2010090506, 03, GPCC,  48, 173N,  601W,  68,  129,   ,   0,    ,    0,    0,    0,    0, 
AL, 09, 2010090506, 03, GPCC,  72, 175N,  657W,  68,  192,   ,   0,    ,    0,    0,    0,    0, 
AL, 09, 2010090506, 03, GPCC,  96, 178N,  692W,  68,  266,   ,   0,    ,    0,    0,    0,    0, 
AL, 09, 2010090506, 03, GPCC, 120, 184N,  716W,  68,  356,   ,   0,    ,    0,    0,    0,    0, 
AL, 09, 2010090506, 03, TVCN,  12, 168N,  515W,  68,   43,   ,   0,    ,    0,    0,    0,    0, 
AL, 09, 2010090506, 03, TVCN,  24, 170N,  541W,  68,   71,   ,   0,    ,    0,    0,    0,    0, 
AL, 09, 2010090506, 03, TVCN,  36, 172N,  571W,  68,   93,   ,   0,    ,    0,    0,    0,    0, 
AL, 09, 2010090506, 03, TVCN,  48, 173N,  601W,  68,  105,   ,   0,    ,    0,    0,    0,    0, 
AL, 09, 2010090506, 03, TVCN,  72, 175N,  657W,  68,  161,   ,   0,    ,    0,    0,    0,    0, 
AL, 09, 2010090506, 03, TVCN,  96, 178N,  692W,  68,  253,   ,   0,    ,    0,    0,    0,    0, 
AL, 09, 2010090506, 03, TVCN, 120, 184N,  716W,  68,  350,   ,   0,    ,    0,    0,    0,    0, 
AL, 09, 2010090506, 03, TVCX,   0, 167N,  492W,  70,    0,   ,  87, AAA,    0,    0,    0,    0, 
AL, 09, 2010090506, 03, TVCX,  12, 169N,  515W,  70,   43,   ,  86, AAA,   39,   48,    2,    0, 
AL, 09, 2010090506, 03, TVCX,  24, 171N,  541W,  70,   70,   ,  86, AAA,   63,   80,    5,   -1, 
AL, 09, 2010090506, 03, TVCX,  36, 175N,  571W,  70,   93,   ,  87, AAA,   79,  110,    8,   -5, 
AL, 09, 2010090506, 03, TVCX,  48, 177N,  601W,  70,  114,   ,  88, AAA,  100,  132,   13,  -10, 
AL, 09, 2010090506, 03, TVCX,  72, 182N,  657W,  70,  145,   ,  87, AAA,  159,  133,   20,  -19, 
AL, 09, 2010090506, 03, TVCX,  96, 186N,  691W,  70,  230,   ,  84, AAA,  215,  247,   18,  -32, 
AL, 09, 2010090506, 03, TVCX, 120, 194N,  711W,  70,  295,   ,  66, AAA,  317,  274,    0,  -65, 
AL, 09, 2010090512, 03, GPCC,  12, 169N,  525W,  68,   36,   ,   0,    ,    0,    0,    0,    0, 
AL, 09, 2010090512, 03, GPCC,  24, 170N,  554W,  68,   72,   ,   0,    ,    0,    0,    0,    0, 
AL, 09, 2010090512, 03, GPCC,  36, 170N,  585W,  68,  100,   ,   0,    ,    0,    0,    0,    0, 
AL, 09, 2010090512, 03, GPCC,  48, 169N,  617W,  68,  129,   ,   0,    ,    0,    0,    0,    0, 
AL, 09, 2010090512, 03, GPCC,  72, 167N,  671W,  68,  192,   ,   0,    ,    0,    0,    0,    0, 
AL, 09, 2010090512, 03, GPCC,  96, 179N,  706W,  68,  266,   ,   0,    ,    0,    0,    0,    0, 
AL, 09, 2010090512, 03, GPCC, 120, 191N,  729W,  68,  356,   ,   0,    ,    0,    0,    0,    0, 
AL, 09, 2010090512, 03, TVCN,  12, 169N,  525W,  68,   43,   ,   0,    ,    0,    0,    0,    0, 
AL, 09, 2010090512, 03, TVCN,  24, 170N,  554W,  68,   69,   ,   0,    ,    0,    0,    0,    0, 
AL, 09, 2010090512, 03, TVCN,  36, 170N,  585W,  68,   96,   ,   0,    ,    0,    0,    0,    0, 
AL, 09, 2010090512, 03, TVCN,  48, 169N,  617W,  68,  108,   ,   0,    ,    0,    0,    0,    0, 
AL, 09, 2010090512, 03, TVCN,  72, 167N,  671W,  68,  172,   ,   0,    ,    0,    0,    0,    0, 
AL, 09, 2010090512, 03, TVCN,  96, 179N,  706W,  68,  228,   ,   0,    ,    0,    0,    0,    0, 
AL, 09, 2010090512, 03, TVCN, 120, 191N,  729W,  68,  336,   ,   0,    ,    0,    0,    0,    0, 
AL, 09, 2010090512, 03, TVCX,   0, 168N,  500W,  70,    0,   ,  85, AAA,    0,    0,    0,    0, 
AL, 09, 2010090512, 03, TVCX,  12, 170N,  525W,  70,   41,   ,  89, AAA,   41,   43,    2,    0, 
AL, 09, 2010090512, 03, TVCX,  24, 171N,  554W,  70,   67,   ,  88, AAA,   66,   68,    5,   -1, 
AL, 09, 2010090512, 03, TVCX,  36, 172N,  585W,  70,   89,   ,  91, AAA,   87,   92,    8,   -5, 
AL, 09, 2010090512, 03, TVCX,  48, 173N,  617W,  70,  108,   ,  91, AAA,  108,  108,   13,  -10, 
AL, 09, 2010090512, 03, TVCX,  72, 173N,  670W,  70,  145,   ,  82, AAA,  168,  127,   20,  -19, 
AL, 09, 2010090512, 03, TVCX,  96, 187N,  704W,  70,  211,   ,  78, AAA,  210,  213,   18,  -32, 
AL, 09, 2010090512, 03, TVCX, 120, 201N,  724W,  70,  293,   ,  66, AAA,  302,  286,    0,  -65, 
AL, 09, 2010090518, 03, GPCC,  12, 170N,  538W,  68,   36,   ,   0,    ,    0,    0,    0,    0, 
AL, 09, 2010090518, 03, GPCC,  24, 170N,  569W,  68,   72,   ,   0,    ,    0,    0,    0,    0, 
AL, 09, 2010090518, 03, GPCC,  36, 169N,  600W,  68,  100,   ,   0,    ,    0,    0,    0,    0, 
AL, 09, 2010090518, 03, GPCC,  48, 168N,  631W,  68,  129,   ,   0,    ,    0,    0,    0,    0, 
AL, 09, 2010090518, 03, GPCC,  72, 168N,  678W,  68,  192,   ,   0,    ,    0,    0,    0,    0, 
AL, 09, 2010090518, 03, GPCC,  96, 170N,  712W,  68,  266,   ,   0,    ,    0,    0,    0,    0, 
AL, 09, 2010090518, 03, GPCC, 120, 178N,  739W,  68,  356,   ,   0,    ,    0,    0,    0,    0, 
AL, 09, 2010090518, 03, TVCN,  12, 170N,  538W,  68,   40,   ,   0,    ,    0,    0,    0,    0, 
AL, 09, 2010090518, 03, TVCN,  24, 170N,  569W,  68,   60,   ,   0,    ,    0,    0,    0,    0, 
AL, 09, 2010090518, 03, TVCN,  36, 169N,  600W,  68,   81,   ,   0,    ,    0,    0,    0,    0, 
AL, 09, 2010090518, 03, TVCN,  48, 168N,  631W,  68,   91,   ,   0,    ,    0,    0,    0,    0, 
AL, 09, 2010090518, 03, TVCN,  72, 168N,  678W,  68,  147,   ,   0,    ,    0,    0,    0,    0, 
AL, 09, 2010090518, 03, TVCN,  96, 170N,  712W,  68,  222,   ,   0,    ,    0,    0,    0,    0, 
AL, 09, 2010090518, 03, TVCN, 120, 178N,  739W,  68,  298,   ,   0,    ,    0,    0,    0,    0, 
AL, 09, 2010090518, 03, TVCX,   0, 170N,  512W,  70,    0,   ,  90, AAA,    0,    0,    0,    0, 
AL, 09, 2010090518, 03, TVCX,  12, 170N,  538W,  70,   40,   ,  90, AAA,   39,   43,    2,    0, 
AL, 09, 2010090518, 03, TVCX,  24, 171N,  569W,  70,   63,   ,  91, AAA,   60,   67,    5,   -1, 
AL, 09, 2010090518, 03, TVCX,  36, 172N,  600W,  70,   84,   ,  92, AAA,   75,   95,    8,   -5, 
AL, 09, 2010090518, 03, TVCX,  48, 172N,  631W,  70,  105,   ,  96, AAA,   92,  122,   13,  -10, 
AL, 09, 2010090518, 03, TVCX,  72, 174N,  678W,  70,  140,   ,  91, AAA,  149,  132,   20,  -19, 
AL, 09, 2010090518, 03, TVCX,  96, 178N,  711W,  70,  206,   ,  82, AAA,  208,  206,   18,  -32, 
AL, 09, 2010090518, 03, TVCX, 120, 188N,  734W,  70,  258,   ,  66, AAA,  302,  221,    0,  -65, 
AL, 09, 2010090600, 03, GPCC,  12, 171N,  554W,  68,   36,   ,   0,    ,    0,    0,    0,    0, 
AL, 09, 2010090600, 03, GPCC,  24, 171N,  586W,  68,   72,   ,   0,    ,    0,    0,    0,    0, 
AL, 09, 2010090600, 03, GPCC,  36, 170N,  618W,  68,  100,   ,   0,    ,    0,    0,    0,    0, 
AL, 09, 2010090600, 03, GPCC,  48, 168N,  648W,  68,  129,   ,   0,    ,    0,    0,    0,    0, 
AL, 09, 2010090600, 03, GPCC,  72, 168N,  691W,  68,  192,   ,   0,    ,    0,    0,    0,    0, 
AL, 09, 2010090600, 03, GPCC,  96, 171N,  724W,  68,  266,   ,   0,    ,    0,    0,    0,    0, 
AL, 09, 2010090600, 03, GPCC, 120, 171N,  754W,  68,  356,   ,   0,    ,    0,    0,    0,    0, 
AL, 09, 2010090600, 03, TVCN,  12, 171N,  554W,  68,   38,   ,   0,    ,    0,    0,    0,    0, 
AL, 09, 2010090600, 03, TVCN,  24, 171N,  586W,  68,   58,   ,   0,    ,    0,    0,    0,    0, 
AL, 09, 2010090600, 03, TVCN,  36, 170N,  618W,  68,   76,   ,   0,    ,    0,    0,    0,    0, 
AL, 09, 2010090600, 03, TVCN,  48, 168N,  648W,  68,   86,   ,   0,    ,    0,    0,    0,    0, 
AL, 09, 2010090600, 03, TVCN,  72, 168N,  691W,  68,  143,   ,   0,    ,    0,    0,    0,    0, 
AL, 09, 2010090600, 03, TVCN,  96, 171N,  724W,  68,  218,   ,   0,    ,    0,    0,    0,    0, 
AL, 09, 2010090600, 03, TVCN, 120, 171N,  754W,  68,  285,   ,   0,    ,    0,    0,    0,    0, 
AL, 09, 2010090600, 03, TVCX,   0, 171N,  524W,  70,    0,   ,  88, AAA,    0,    0,    0,    0, 
AL, 09, 2010090600, 03, TVCX,  12, 171N,  554W,  70,   39,   , 105, AAA,   39,   41,    2,    0, 
AL, 09, 2010090600, 03, TVCX,  24, 172N,  586W,  70,   61,   ,  90, AAA,   61,   61,    5,   -1, 
AL, 09, 2010090600, 03, TVCX,  36, 172N,  618W,  70,   77,   ,  93, AAA,   74,   82,    8,   -5, 
AL, 09, 2010090600, 03, TVCX,  48, 172N,  648W,  70,   99,   ,  90, AAA,   92,  107,   13,  -10, 
AL, 09, 2010090600, 03, TVCX,  72, 174N,  689W,  70,  128,   ,  76, AAA,  156,  105,   20,  -19, 
AL, 09, 2010090600, 03, TVCX,  96, 179N,  724W,  70,  197,   ,  87, AAA,  216,  180,   18,  -32, 
AL, 09, 2010090600, 03, TVCX, 120, 182N,  755W,  70,  270,   ,  94, AAA,  250,  293,    0,  -65, 
AL, 09, 2010090606, 03, GPCC,  12, 171N,  569W,  68,   36,   ,   0,    ,    0,    0,    0,    0, 
AL, 09, 2010090606, 03, GPCC,  24, 170N,  600W,  68,   72,   ,   0,    ,    0,    0,    0,    0, 
AL, 09, 2010090606, 03, GPCC,  36, 169N,  630W,  68,  100,   ,   0,    ,    0,    0,    0,    0, 
AL, 09, 2010090606, 03, GPCC,  48, 168N,  658W,  68,  129,   ,   0,    ,    0,    0,    0,    0, 
AL, 09, 2010090606, 03, GPCC,  72, 166N,  701W,  68,  192,   ,   0,    ,    0,    0,    0,    0, 
AL, 09, 2010090606, 03, GPCC,  96, 171N,  734W,  68,  266,   ,   0,    ,    0,    0,    0,    0, 
AL, 09, 2010090606, 03, GPCC, 120, 176N,  769W,  68,  356,   ,   0,    ,    0,    0,    0,    0, 
AL, 09, 2010090606, 03, TVCN,  12, 171N,  569W,  68,   41,   ,   0,    ,    0,    0,    0,    0, 
AL, 09, 2010090606, 03, TVCN,  24, 170N,  600W,  68,   65,   ,   0,    ,    0,    0,    0,    0, 
AL, 09, 2010090606, 03, TVCN,  36, 169N,  630W,  68,   85,   ,   0,    ,    0,    0,    0,    0, 
AL, 09, 2010090606, 03, TVCN,  48, 168N,  658W,  68,   97,   ,   0,    ,    0,    0,    0,    0, 
AL, 09, 2010090606, 03, TVCN,  72, 166N,  701W,  68,  154,   ,   0,    ,    0,    0,    0,    0, 
AL, 09, 2010090606, 03, TVCN,  96, 171N,  734W,  68,  235,   ,   0,    ,    0,    0,    0,    0, 
AL, 09, 2010090606, 03, TVCN, 120, 176N,  769W,  68,  319,   ,   0,    ,    0,    0,    0,    0, 
AL, 09, 2010090606, 03, TVCX,   0, 172N,  539W,  70,    0,   ,  90, AAA,    0,    0,    0,    0, 
AL, 09, 2010090606, 03, TVCX,  12, 172N,  569W,  70,   42,   ,  92, AAA,   37,   50,    2,    0, 
AL, 09, 2010090606, 03, TVCX,  24, 171N,  600W,  70,   69,   ,  92, AAA,   59,   82,    5,   -1, 
AL, 09, 2010090606, 03, TVCX,  36, 171N,  630W,  70,   89,   ,  92, AAA,   73,  110,    8,   -5, 
AL, 09, 2010090606, 03, TVCX,  48, 172N,  658W,  70,  111,   ,  93, AAA,   91,  137,   13,  -10, 
AL, 09, 2010090606, 03, TVCX,  72, 173N,  701W,  70,  147,   ,  87, AAA,  149,  147,   20,  -19, 
AL, 09, 2010090606, 03, TVCX,  96, 179N,  733W,  70,  216,   ,  80, AAA,  211,  223,   18,  -32, 
AL, 09, 2010090606, 03, TVCX, 120, 187N,  768W,  70,  274,   ,  83, AAA,  288,  262,    0,  -65, 
AL, 09, 2010090612, 03, GPCC,  12, 173N,  587W,  68,   36,   ,   0,    ,    0,    0,    0,    0, 
AL, 09, 2010090612, 03, GPCC,  24, 172N,  619W,  68,   72,   ,   0,    ,    0,    0,    0,    0, 
AL, 09, 2010090612, 03, GPCC,  36, 171N,  648W,  68,  100,   ,   0,    ,    0,    0,    0,    0, 
AL, 09, 2010090612, 03, GPCC,  48, 170N,  673W,  68,  129,   ,   0,    ,    0,    0,    0,    0, 
AL, 09, 2010090612, 03, GPCC,  72, 169N,  713W,  68,  192,   ,   0,    ,    0,    0,    0,    0, 
AL, 09, 2010090612, 03, GPCC,  96, 171N,  745W,  68,  266,   ,   0,    ,    0,    0,    0,    0, 
AL, 09, 2010090612, 03, GPCC, 120, 176N,  785W,  68,  356,   ,   0,    ,    0,    0,    0,    0, 
AL, 09, 2010090612, 03, TVCN,  12, 173N,  587W,  68,   37,   ,   0,    ,    0,    0,    0,    0, 
AL, 09, 2010090612, 03, TVCN,  24, 172N,  619W,  68,   60,   ,   0,    ,    0,    0,    0,    0, 
AL, 09, 2010090612, 03, TVCN,  36, 171N,  648W,  68,   82,   ,   0,    ,    0,    0,    0,    0, 
AL, 09, 2010090612, 03, TVCN,  48, 170N,  673W,  68,   97,   ,   0,    ,    0,    0,    0,    0, 
AL, 09, 2010090612, 03, TVCN,  72, 169N,  713W,  68,  157,   ,   0,    ,    0,    0,    0,    0, 
AL, 09, 2010090612, 03, TVCN,  96, 171N,  745W,  68,  232,   ,   0,    ,    0,    0,    0,    0, 
AL, 09, 2010090612, 03, TVCN, 120, 176N,  785W,  68,  310,   ,   0,    ,    0,    0,    0,    0, 
AL, 09, 2010090612, 03, TVCX,   0, 174N,  555W,  70,    0,   ,  91, AAA,    0,    0,    0,    0, 
AL, 09, 2010090612, 03, TVCX,  12, 174N,  587W,  70,   39,   ,  92, AAA,   37,   43,    2,    0, 
AL, 09, 2010090612, 03, TVCX,  24, 173N,  619W,  70,   64,   ,  92, AAA,   59,   71,    5,   -1, 
AL, 09, 2010090612, 03, TVCX,  36, 173N,  648W,  70,   85,   ,  93, AAA,   72,  101,    8,   -5, 
AL, 09, 2010090612, 03, TVCX,  48, 174N,  673W,  70,  108,   ,  92, AAA,   91,  130,   13,  -10, 
AL, 09, 2010090612, 03, TVCX,  72, 176N,  713W,  70,  146,   ,  89, AAA,  151,  142,   20,  -19, 
AL, 09, 2010090612, 03, TVCX,  96, 179N,  745W,  70,  208,   ,  85, AAA,  216,  202,   18,  -32, 
AL, 09, 2010090612, 03, TVCX, 120, 187N,  784W,  70,  273,   ,  85, AAA,  268,  278,    0,  -65, 
AL, 09, 2010090618, 03, GPCC,  12, 174N,  606W,  68,   36,   ,   0,    ,    0,    0,    0,    0, 
AL, 09, 2010090618, 03, GPCC,  24, 172N,  637W,  68,   72,   ,   0,    ,    0,    0,    0,    0, 
AL, 09, 2010090618, 03, GPCC,  36, 172N,  669W,  68,  100,   ,   0,    ,    0,    0,    0,    0, 
AL, 09, 2010090618, 03, GPCC,  48, 174N,  699W,  68,  129,   ,   0,    ,    0,    0,    0,    0, 
AL, 09, 2010090618, 03, GPCC,  72, 176N,  710W,  68,  192,   ,   0,    ,    0,    0,    0,    0, 
AL, 09, 2010090618, 03, GPCC,  96, 182N,  744W,  68,  266,   ,   0,    ,    0,    0,    0,    0, 
AL, 09, 2010090618, 03, GPCC, 120, 189N,  777W,  68,  356,   ,   0,    ,    0,    0,    0,    0, 
AL, 09, 2010090618, 03, TVCN,  12, 174N,  606W,  68,   40,   ,   0,    ,    0,    0,    0,    0, 
AL, 09, 2010090618, 03, TVCN,  24, 172N,  637W,  68,   65,   ,   0,    ,    0,    0,    0,    0, 
AL, 09, 2010090618, 03, TVCN,  36, 172N,  669W,  68,  108,   ,   0,    ,    0,    0,    0,    0, 
AL, 09, 2010090618, 03, TVCN,  48, 174N,  699W,  68,  172,   ,   0,    ,    0,    0,    0,    0, 
AL, 09, 2010090618, 03, TVCN,  72, 176N,  710W,  68,  180,   ,   0,    ,    0,    0,    0,    0, 
AL, 09, 2010090618, 03, TVCN,  96, 182N,  744W,  68,  266,   ,   0,    ,    0,    0,    0,    0, 
AL, 09, 2010090618, 03, TVCN, 120, 189N,  777W,  68,  342,   ,   0,    ,    0,    0,    0,    0, 
AL, 09, 2010090618, 03, TVCX,   0, 175N,  572W,  70,    0,   ,  91, AAA,    0,    0,    0,    0, 
AL, 09, 2010090618, 03, TVCX,  12, 174N,  606W,  70,   40,   ,  92, AAA,   40,   40,    2,    0, 
AL, 09, 2010090618, 03, TVCX,  24, 173N,  637W,  70,   66,   ,  90, AAA,   63,   70,    5,   -1, 
AL, 09, 2010090618, 03, TVCX,  36, 175N,  668W,  70,  103,   ,  90, AAA,   85,  127,    8,   -5, 
AL, 09, 2010090618, 03, TVCX,  48, 178N,  699W,  70,  158,   ,  75, AAA,  107,  237,   13,  -10, 
AL, 09, 2010090618, 03, TVCX,  72, 182N,  708W,  70,  159,   ,  80, AAA,  171,  149,   20,  -19, 
AL, 09, 2010090618, 03, TVCX,  96, 190N,  742W,  70,  226,   ,  81, AAA,  262,  196,   18,  -32, 
AL, 09, 2010090618, 03, TVCX, 120, 199N,  773W,  70,  290,   ,  71, AAA,  344,  246,    0,  -65, 
AL, 09, 2010090700, 03, GPCC,  12, 172N,  623W,  68,   36,   ,   0,    ,    0,    0,    0,    0, 
AL, 09, 2010090700, 03, GPCC,  24, 172N,  654W,  68,   72,   ,   0,    ,    0,    0,    0,    0, 
AL, 09, 2010090700, 03, GPCC,  36, 174N,  685W,  68,  100,   ,   0,    ,    0,    0,    0,    0, 
AL, 09, 2010090700, 03, GPCC,  48, 178N,  715W,  68,  129,   ,   0,    ,    0,    0,    0,    0, 
AL, 09, 2010090700, 03, GPCC,  72, 175N,  732W,  68,  192,   ,   0,    ,    0,    0,    0,    0, 
AL, 09, 2010090700, 03, GPCC,  96, 184N,  760W,  68,  266,   ,   0,    ,    0,    0,    0,    0, 
AL, 09, 2010090700, 03, GPCC, 120, 189N,  798W,  68,  356,   ,   0,    ,    0,    0,    0,    0, 
AL, 09, 2010090700, 03, TVCN,  12, 172N,  623W,  68,   45,   ,   0,    ,    0,    0,    0,    0, 
AL, 09, 2010090700, 03, TVCN,  24, 172N,  654W,  68,   74,   ,   0,    ,    0,    0,    0,    0, 
AL, 09, 2010090700, 03, TVCN,  36, 174N,  685W,  68,  118,   ,   0,    ,    0,    0,    0,    0, 
AL, 09, 2010090700, 03, TVCN,  48, 178N,  715W,  68,  193,   ,   0,    ,    0,    0,    0,    0, 
AL, 09, 2010090700, 03, TVCN,  72, 175N,  732W,  68,  199,   ,   0,    ,    0,    0,    0,    0, 
AL, 09, 2010090700, 03, TVCN,  96, 184N,  760W,  68,  285,   ,   0,    ,    0,    0,    0,    0, 
AL, 09, 2010090700, 03, TVCN, 120, 189N,  798W,  68,  378,   ,   0,    ,    0,    0,    0,    0, 
AL, 09, 2010090700, 03, TVCX,   0, 175N,  590W,  70,    0,   ,  97, AAA,    0,    0,    0,    0, 
AL, 09, 2010090700, 03, TVCX,  12, 173N,  623W,  70,   40,   ,  91, AAA,   45,   36,    2,    0, 
AL, 09, 2010090700, 03, TVCX,  24, 173N,  654W,  70,   70,   ,  88, AAA,   69,   72,    5,   -1, 
AL, 09, 2010090700, 03, TVCX,  36, 176N,  684W,  70,  112,   ,  70, AAA,   81,  157,    8,   -5, 
AL, 09, 2010090700, 03, TVCX,  48, 178N,  719W,  70,  154,   , 179, AAA,  164,  145,   13,  -10, 
AL, 09, 2010090700, 03, TVCX,  72, 181N,  733W,  70,  182,   , 101, AAA,  162,  205,   20,  -19, 
AL, 09, 2010090700, 03, TVCX,  96, 191N,  757W,  70,  217,   ,  71, AAA,  292,  162,   18,  -32, 
AL, 09, 2010090700, 03, TVCX, 120, 200N,  796W,  70,  311,   ,  81, AAA,  373,  261,    0,  -65, 
AL, 09, 2010090706, 03, GPCC,  12, 167N,  639W,  68,   36,   ,   0,    ,    0,    0,    0,    0, 
AL, 09, 2010090706, 03, GPCC,  24, 165N,  665W,  68,   72,   ,   0,    ,    0,    0,    0,    0, 
AL, 09, 2010090706, 03, GPCC,  36, 165N,  686W,  68,  100,   ,   0,    ,    0,    0,    0,    0, 
AL, 09, 2010090706, 03, GPCC,  48, 167N,  704W,  68,  129,   ,   0,    ,    0,    0,    0,    0, 
AL, 09, 2010090706, 03, GPCC,  72, 176N,  734W,  68,  192,   ,   0,    ,    0,    0,    0,    0, 
AL, 09, 2010090706, 03, GPCC,  96, 182N,  769W,  68,  266,   ,   0,    ,    0,    0,    0,    0, 
AL, 09, 2010090706, 03, GPCC, 120, 193N,  796W,  68,  356,   ,   0,    ,    0,    0,    0,    0, 
AL, 09, 2010090706, 03, TVCN,  12, 167N,  639W,  68,   43,   ,   0,    ,    0,    0,    0,    0, 
AL, 09, 2010090706, 03, TVCN,  24, 165N,  665W,  68,   70,   ,   0,    ,    0,    0,    0,    0, 
AL, 09, 2010090706, 03, TVCN,  36, 165N,  686W,  68,   95,   ,   0,    ,    0,    0,    0,    0, 
AL, 09, 2010090706, 03, TVCN,  48, 167N,  704W,  68,  119,   ,   0,    ,    0,    0,    0,    0, 
AL, 09, 2010090706, 03, TVCN,  72, 176N,  734W,  68,  206,   ,   0,    ,    0,    0,    0,    0, 
AL, 09, 2010090706, 03, TVCN,  96, 182N,  769W,  68,  259,   ,   0,    ,    0,    0,    0,    0, 
AL, 09, 2010090706, 03, TVCN, 120, 193N,  796W,  68,  282,   ,   0,    ,    0,    0,    0,    0, 
AL, 09, 2010090706, 03, TVCX,   0, 171N,  610W,  70,    0,   , 101, AAA,    0,    0,    0,    0, 
AL, 09, 2010090706, 03, TVCX,  12, 167N,  639W,  70,   40,   ,  95, AAA,   43,   39,    2,    0, 
AL, 09, 2010090706, 03, TVCX,  24, 166N,  665W,  70,   67,   ,  94, AAA,   67,   68,    5,   -1, 
AL, 09, 2010090706, 03, TVCX,  36, 168N,  686W,  70,   92,   ,  87, AAA,   79,  109,    8,   -5, 
AL, 09, 2010090706, 03, TVCX,  48, 171N,  704W,  70,  124,   ,  80, AAA,   94,  165,   13,  -10, 
AL, 09, 2010090706, 03, TVCX,  72, 182N,  732W,  70,  192,   ,  76, AAA,  160,  232,   20,  -19, 
AL, 09, 2010090706, 03, TVCX,  96, 190N,  768W,  70,  242,   ,  82, AAA,  218,  271,   18,  -32, 
AL, 09, 2010090706, 03, TVCX, 120, 201N,  789W,  70,  240,   ,  49, AAA,  310,  188,    0,  -65, 
AL, 09, 2010090712, 03, GPCC,  12, 166N,  651W,  68,   36,   ,   0,    ,    0,    0,    0,    0, 
AL, 09, 2010090712, 03, GPCC,  24, 166N,  678W,  68,   72,   ,   0,    ,    0,    0,    0,    0, 
AL, 09, 2010090712, 03, GPCC,  36, 166N,  706W,  68,  100,   ,   0,    ,    0,    0,    0,    0, 
AL, 09, 2010090712, 03, GPCC,  48, 170N,  715W,  68,  129,   ,   0,    ,    0,    0,    0,    0, 
AL, 09, 2010090712, 03, GPCC,  72, 176N,  740W,  68,  192,   ,   0,    ,    0,    0,    0,    0, 
AL, 09, 2010090712, 03, GPCC,  96, 181N,  776W,  68,  266,   ,   0,    ,    0,    0,    0,    0, 
AL, 09, 2010090712, 03, GPCC, 120, 194N,  795W,  68,  356,   ,   0,    ,    0,    0,    0,    0, 
AL, 09, 2010090712, 03, TVCN,  12, 166N,  651W,  68,   41,   ,   0,    ,    0,    0,    0,    0, 
AL, 09, 2010090712, 03, TVCN,  24, 166N,  678W,  68,   74,   ,   0,    ,    0,    0,    0,    0, 
AL, 09, 2010090712, 03, TVCN,  36, 166N,  706W,  68,  120,   ,   0,    ,    0,    0,    0,    0, 
AL, 09, 2010090712, 03, TVCN,  48, 170N,  715W,  68,  153,   ,   0,    ,    0,    0,    0,    0, 
AL, 09, 2010090712, 03, TVCN,  72, 176N,  740W,  68,  207,   ,   0,    ,    0,    0,    0,    0, 
AL, 09, 2010090712, 03, TVCN,  96, 181N,  776W,  68,  257,   ,   0,    ,    0,    0,    0,    0, 
AL, 09, 2010090712, 03, TVCN, 120, 194N,  795W,  68,  273,   ,   0,    ,    0,    0,    0,    0, 
AL, 09, 2010090712, 03, TVCX,   0, 168N,  624W,  70,    0,   ,  95, AAA,    0,    0,    0,    0, 
AL, 09, 2010090712, 03, TVCX,  12, 167N,  651W,  70,   42,   ,  91, AAA,   39,   45,    2,    0, 
AL, 09, 2010090712, 03, TVCX,  24, 167N,  678W,  70,   73,   ,  94, AAA,   59,   92,    5,   -1, 
AL, 09, 2010090712, 03, TVCX,  36, 169N,  706W,  70,  114,   ,  86, AAA,   74,  178,    8,   -5, 
AL, 09, 2010090712, 03, TVCX,  48, 174N,  715W,  70,  149,   ,  74, AAA,  106,  211,   13,  -10, 
AL, 09, 2010090712, 03, TVCX,  72, 182N,  739W,  70,  192,   ,  77, AAA,  165,  223,   20,  -19, 
AL, 09, 2010090712, 03, TVCX,  96, 189N,  774W,  70,  240,   ,  80, AAA,  223,  258,   18,  -32, 
AL, 09, 2010090712, 03, TVCX, 120, 199N,  785W,  70,  211,   ,  28, AAA,  306,  147,    0,  -65, 
AL, 09, 2010090718, 03, GPCC,  12, 171N,  683W,  68,   36,   ,   0,    ,    0,    0,    0,    0, 
AL, 09, 2010090718, 03, GPCC,  24,   0N,    0W,  68,   72,   ,   0,    ,    0,    0,    0,    0, 
AL, 09, 2010090718, 03, GPCC,  36,   0N,    0W,  68,  100,   ,   0,    ,    0,    0,    0,    0, 
AL, 09, 2010090718, 03, GPCC,  48,   0N,    0W,  68,  129,   ,   0,    ,    0,    0,    0,    0, 
AL, 09, 2010090718, 03, GPCC,  72,   0N,    0W,  68,  192,   ,   0,    ,    0,    0,    0,    0, 
AL, 09, 2010090718, 03, GPCC,  96,   0N,    0W,  68,  266,   ,   0,    ,    0,    0,    0,    0, 
AL, 09, 2010090718, 03, GPCC, 120,   0N,    0W,  68,  356,   ,   0,    ,    0,    0,    0,    0, 
AL, 09, 2010090718, 03, TVCN,  12, 171N,  683W,  68,   71,   ,   0,    ,    0,    0,    0,    0, 
AL, 09, 2010090718, 03, TVCX,   0, 168N,  646W,  70,    0,   ,  86, AAA,    0,    0,    0,    0, 
AL, 09, 2010090718, 03, TVCX,  12, 171N,  683W,  70,   58,   ,  91, AAA,   56,   61,    2,    0, 
AL, 09, 2010090800, 03, GPCC,  12, 171N,  698W,  68,   36,   ,   0,    ,    0,    0,    0,    0, 
AL, 09, 2010090800, 03, GPCC,  24, 163N,  713W,  68,   72,   ,   0,    ,    0,    0,    0,    0, 
AL, 09, 2010090800, 03, GPCC,  36, 159N,  727W,  68,  100,   ,   0,    ,    0,    0,    0,    0, 
AL, 09, 2010090800, 03, GPCC,  48, 154N,  733W,  68,  129,   ,   0,    ,    0,    0,    0,    0, 
AL, 09, 2010090800, 03, GPCC,  72,   0N,    0W,  68,  192,   ,   0,    ,    0,    0,    0,    0, 
AL, 09, 2010090800, 03, GPCC,  96,   0N,    0W,  68,  266,   ,   0,    ,    0,    0,    0,    0, 
AL, 09, 2010090800, 03, GPCC, 120,   0N,    0W,  68,  356,   ,   0,    ,    0,    0,    0,    0, 
AL, 09, 2010090800, 03, TVCN,  12, 171N,  698W,  68,   80,   ,   0,    ,    0,    0,    0,    0, 
AL, 09, 2010090800, 03, TVCN,  24, 163N,  713W,  68,   98,   ,   0,    ,    0,    0,    0,    0, 
AL, 09, 2010090800, 03, TVCN,  36, 159N,  727W,  68,  133,   ,   0,    ,    0,    0,    0,    0, 
AL, 09, 2010090800, 03, TVCN,  48, 154N,  733W,  68,  172,   ,   0,    ,    0,    0,    0,    0, 
AL, 09, 2010090800, 03, TVCX,   0, 168N,  663W,  70,    0,   ,  80, AAA,    0,    0,    0,    0, 
AL, 09, 2010090800, 03, TVCX,  12, 171N,  698W,  70,   59,   , 109, AAA,   66,   54,    2,    0, 
AL, 09, 2010090800, 03, TVCX,  24, 164N,  714W,  70,   90,   , 110, AAA,   72,  114,    5,   -1, 
AL, 09, 2010090800, 03, TVCX,  36, 161N,  728W,  70,  119,   , 116, AAA,  100,  144,    8,   -5, 
AL, 09, 2010090800, 03, TVCX,  48, 158N,  734W,  70,  159,   , 106, AAA,  120,  213,   13,  -10, 
AL, 09, 2010090806, 03, GPCC,  12, 169N,  702W,  68,   36,   ,   0,    ,    0,    0,    0,    0, 
AL, 09, 2010090806, 03, GPCC,  24, 165N,  715W,  68,   72,   ,   0,    ,    0,    0,    0,    0, 
AL, 09, 2010090806, 03, GPCC,  36, 159N,  723W,  68,  100,   ,   0,    ,    0,    0,    0,    0, 
AL, 09, 2010090806, 03, GPCC,  48, 161N,  723W,  68,  129,   ,   0,    ,    0,    0,    0,    0, 
AL, 09, 2010090806, 03, GPCC,  72, 165N,  748W,  68,  192,   ,   0,    ,    0,    0,    0,    0, 
AL, 09, 2010090806, 03, GPCC,  96, 180N,  760W,  68,  266,   ,   0,    ,    0,    0,    0,    0, 
AL, 09, 2010090806, 03, GPCC, 120,   0N,    0W,  68,  356,   ,   0,    ,    0,    0,    0,    0, 
AL, 09, 2010090806, 03, TVCN,  12, 169N,  702W,  68,   47,   ,   0,    ,    0,    0,    0,    0, 
AL, 09, 2010090806, 03, TVCN,  24, 165N,  715W,  68,   85,   ,   0,    ,    0,    0,    0,    0, 
AL, 09, 2010090806, 03, TVCN,  36, 159N,  723W,  68,  121,   ,   0,    ,    0,    0,    0,    0, 
AL, 09, 2010090806, 03, TVCN,  48, 161N,  723W,  68,  148,   ,   0,    ,    0,    0,    0,    0, 
AL, 09, 2010090806, 03, TVCN,  72, 165N,  748W,  68,  202,   ,   0,    ,    0,    0,    0,    0, 
AL, 09, 2010090806, 03, TVCN,  96, 180N,  760W,  68,  351,   ,   0,    ,    0,    0,    0,    0, 
AL, 09, 2010090806, 03, TVCX,   0, 174N,  677W,  70,    0,   , 100, AAA,    0,    0,    0,    0, 
AL, 09, 2010090806, 03, TVCX,  12, 169N,  702W,  70,   46,   , 105, AAA,   37,   58,    2,    0, 
AL, 09, 2010090806, 03, TVCX,  24, 166N,  716W,  70,   81,   , 116, AAA,   68,   98,    5,   -1, 
AL, 09, 2010090806, 03, TVCX,  36, 159N,  725W,  70,   92,   , 172, AAA,  108,   79,    8,   -5, 
AL, 09, 2010090806, 03, TVCX,  48, 163N,  719W,  70,  125,   ,  25, AAA,  137,  114,   13,  -10, 
AL, 09, 2010090806, 03, TVCX,  72, 172N,  748W,  70,  200,   ,  84, AAA,  141,  284,   20,  -19, 
AL, 09, 2010090806, 03, TVCX,  96, 188N,  760W,  70,  318,   ,  91, AAA,  183,  555,   18,  -32, 
