AL, 04, 2010080106, 03, GPCC,  12,   0N,    0W,  68,   36,   ,   0,    ,    0,    0,    0,    0, 
AL, 04, 2010080106, 03, GPCC,  24,   0N,    0W,  68,   72,   ,   0,    ,    0,    0,    0,    0, 
AL, 04, 2010080106, 03, GPCC,  36,   0N,    0W,  68,  100,   ,   0,    ,    0,    0,    0,    0, 
AL, 04, 2010080106, 03, GPCC,  48,   0N,    0W,  68,  129,   ,   0,    ,    0,    0,    0,    0, 
AL, 04, 2010080106, 03, GPCC,  72,   0N,    0W,  68,  192,   ,   0,    ,    0,    0,    0,    0, 
AL, 04, 2010080106, 03, GPCC,  96,   0N,    0W,  68,  266,   ,   0,    ,    0,    0,    0,    0, 
AL, 04, 2010080106, 03, GPCC, 120,   0N,    0W,  68,  356,   ,   0,    ,    0,    0,    0,    0, 
AL, 04, 2010080112, 03, GPCC,  12, 104N,  373W,  68,   36,   ,   0,    ,    0,    0,    0,    0, 
AL, 04, 2010080112, 03, GPCC,  24, 110N,  391W,  68,   72,   ,   0,    ,    0,    0,    0,    0, 
AL, 04, 2010080112, 03, GPCC,  36, 117N,  418W,  68,  100,   ,   0,    ,    0,    0,    0,    0, 
AL, 04, 2010080112, 03, GPCC,  48, 125N,  444W,  68,  129,   ,   0,    ,    0,    0,    0,    0, 
AL, 04, 2010080112, 03, GPCC,  72, 149N,  493W,  68,  192,   ,   0,    ,    0,    0,    0,    0, 
AL, 04, 2010080112, 03, GPCC,  96,   0N,    0W,  68,  266,   ,   0,    ,    0,    0,    0,    0, 
AL, 04, 2010080112, 03, GPCC, 120,   0N,    0W,  68,  356,   ,   0,    ,    0,    0,    0,    0, 
AL, 04, 2010080112, 03, TVCN,  12, 104N,  373W,  68,   53,   ,   0,    ,    0,    0,    0,    0, 
AL, 04, 2010080112, 03, TVCN,  24, 110N,  391W,  68,   76,   ,   0,    ,    0,    0,    0,    0, 
AL, 04, 2010080112, 03, TVCN,  36, 117N,  418W,  68,  132,   ,   0,    ,    0,    0,    0,    0, 
AL, 04, 2010080112, 03, TVCN,  48, 125N,  444W,  68,  195,   ,   0,    ,    0,    0,    0,    0, 
AL, 04, 2010080112, 03, TVCN,  72, 149N,  493W,  68,  315,   ,   0,    ,    0,    0,    0,    0, 
AL, 04, 2010080112, 03, TVCX,   0, 100N,  363W,  70,    0,   ,  60, AAA,    0,    0,    0,    0, 
AL, 04, 2010080112, 03, TVCX,  12, 105N,  373W,  70,   46,   ,  70, AAA,   49,   44,    2,    0, 
AL, 04, 2010080112, 03, TVCX,  24, 111N,  391W,  70,   73,   ,  74, AAA,   72,   75,    5,   -1, 
AL, 04, 2010080112, 03, TVCX,  36, 119N,  418W,  70,  123,   ,  74, AAA,   89,  173,    8,   -5, 
AL, 04, 2010080112, 03, TVCX,  48, 129N,  442W,  70,  173,   ,  70, AAA,   91,  330,   13,  -10, 
AL, 04, 2010080112, 03, TVCX,  72, 155N,  493W,  70,  265,   ,  91, AAA,  186,  379,   20,  -19, 
AL, 04, 2010080118, 03, GPCC,  12, 106N,  378W,  68,   36,   ,   0,    ,    0,    0,    0,    0, 
AL, 04, 2010080118, 03, GPCC,  24, 118N,  405W,  68,   72,   ,   0,    ,    0,    0,    0,    0, 
AL, 04, 2010080118, 03, GPCC,  36, 130N,  440W,  68,  100,   ,   0,    ,    0,    0,    0,    0, 
AL, 04, 2010080118, 03, GPCC,  48, 142N,  479W,  68,  129,   ,   0,    ,    0,    0,    0,    0, 
AL, 04, 2010080118, 03, GPCC,  72, 168N,  551W,  68,  192,   ,   0,    ,    0,    0,    0,    0, 
AL, 04, 2010080118, 03, GPCC,  96, 200N,  612W,  68,  266,   ,   0,    ,    0,    0,    0,    0, 
AL, 04, 2010080118, 03, GPCC, 120, 232N,  663W,  68,  356,   ,   0,    ,    0,    0,    0,    0, 
AL, 04, 2010080118, 03, TVCN,  12, 106N,  378W,  68,   39,   ,   0,    ,    0,    0,    0,    0, 
AL, 04, 2010080118, 03, TVCN,  24, 118N,  405W,  68,   57,   ,   0,    ,    0,    0,    0,    0, 
AL, 04, 2010080118, 03, TVCN,  36, 130N,  440W,  68,   81,   ,   0,    ,    0,    0,    0,    0, 
AL, 04, 2010080118, 03, TVCN,  48, 142N,  479W,  68,   97,   ,   0,    ,    0,    0,    0,    0, 
AL, 04, 2010080118, 03, TVCN,  72, 168N,  551W,  68,  152,   ,   0,    ,    0,    0,    0,    0, 
AL, 04, 2010080118, 03, TVCN,  96, 200N,  612W,  68,  213,   ,   0,    ,    0,    0,    0,    0, 
AL, 04, 2010080118, 03, TVCN, 120, 232N,  663W,  68,  287,   ,   0,    ,    0,    0,    0,    0, 
AL, 04, 2010080118, 03, TVCX,   0,  98N,  363W,  70,    0,   ,  59, AAA,    0,    0,    0,    0, 
AL, 04, 2010080118, 03, TVCX,  12, 106N,  378W,  70,   40,   ,  64, AAA,   39,   42,    2,    0, 
AL, 04, 2010080118, 03, TVCX,  24, 119N,  404W,  70,   62,   ,  69, AAA,   57,   68,    5,   -1, 
AL, 04, 2010080118, 03, TVCX,  36, 132N,  440W,  70,   85,   ,  72, AAA,   76,   98,    8,   -5, 
AL, 04, 2010080118, 03, TVCX,  48, 146N,  477W,  70,  105,   ,  72, AAA,  102,  109,   13,  -10, 
AL, 04, 2010080118, 03, TVCX,  72, 174N,  548W,  70,  125,   ,  67, AAA,  169,   93,   20,  -19, 
AL, 04, 2010080118, 03, TVCX,  96, 208N,  607W,  70,  159,   ,  59, AAA,  249,  102,   18,  -32, 
AL, 04, 2010080118, 03, TVCX, 120, 241N,  657W,  70,  206,   ,  57, AAA,  285,  150,    0,  -65, 
AL, 04, 2010080200, 03, GPCC,  12, 113N,  399W,  68,   36,   ,   0,    ,    0,    0,    0,    0, 
AL, 04, 2010080200, 03, GPCC,  24, 125N,  436W,  68,   72,   ,   0,    ,    0,    0,    0,    0, 
AL, 04, 2010080200, 03, GPCC,  36, 137N,  476W,  68,  100,   ,   0,    ,    0,    0,    0,    0, 
AL, 04, 2010080200, 03, GPCC,  48, 150N,  515W,  68,  129,   ,   0,    ,    0,    0,    0,    0, 
AL, 04, 2010080200, 03, GPCC,  72, 185N,  587W,  68,  192,   ,   0,    ,    0,    0,    0,    0, 
AL, 04, 2010080200, 03, GPCC,  96, 221N,  643W,  68,  266,   ,   0,    ,    0,    0,    0,    0, 
AL, 04, 2010080200, 03, GPCC, 120, 249N,  680W,  68,  356,   ,   0,    ,    0,    0,    0,    0, 
AL, 04, 2010080200, 03, TVCN,  12, 113N,  399W,  68,   49,   ,   0,    ,    0,    0,    0,    0, 
AL, 04, 2010080200, 03, TVCN,  24, 125N,  436W,  68,   78,   ,   0,    ,    0,    0,    0,    0, 
AL, 04, 2010080200, 03, TVCN,  36, 137N,  476W,  68,  100,   ,   0,    ,    0,    0,    0,    0, 
AL, 04, 2010080200, 03, TVCN,  48, 150N,  515W,  68,  126,   ,   0,    ,    0,    0,    0,    0, 
AL, 04, 2010080200, 03, TVCN,  72, 185N,  587W,  68,  193,   ,   0,    ,    0,    0,    0,    0, 
AL, 04, 2010080200, 03, TVCN,  96, 221N,  643W,  68,  266,   ,   0,    ,    0,    0,    0,    0, 
AL, 04, 2010080200, 03, TVCN, 120, 249N,  680W,  68,  366,   ,   0,    ,    0,    0,    0,    0, 
AL, 04, 2010080200, 03, TVCX,   0, 101N,  374W,  70,    0,   ,  58, AAA,    0,    0,    0,    0, 
AL, 04, 2010080200, 03, TVCX,  12, 113N,  399W,  70,   45,   ,  69, AAA,   42,   50,    2,    0, 
AL, 04, 2010080200, 03, TVCX,  24, 125N,  435W,  70,   75,   ,  73, AAA,   67,   85,    5,   -1, 
AL, 04, 2010080200, 03, TVCX,  36, 139N,  476W,  70,   96,   ,  72, AAA,   89,  105,    8,   -5, 
AL, 04, 2010080200, 03, TVCX,  48, 154N,  513W,  70,  123,   ,  69, AAA,  119,  127,   13,  -10, 
AL, 04, 2010080200, 03, TVCX,  72, 191N,  583W,  70,  147,   ,  60, AAA,  196,  111,   20,  -19, 
AL, 04, 2010080200, 03, TVCX,  96, 227N,  638W,  70,  163,   ,  55, AAA,  299,   89,   18,  -32, 
AL, 04, 2010080200, 03, TVCX, 120, 257N,  672W,  70,  180,   ,  49, AAA,  383,   85,    0,  -65, 
AL, 04, 2010080206, 03, GPCC,  12, 122N,  409W,  68,   36,   ,   0,    ,    0,    0,    0,    0, 
AL, 04, 2010080206, 03, GPCC,  24, 135N,  445W,  68,   72,   ,   0,    ,    0,    0,    0,    0, 
AL, 04, 2010080206, 03, GPCC,  36, 149N,  482W,  68,  100,   ,   0,    ,    0,    0,    0,    0, 
AL, 04, 2010080206, 03, GPCC,  48, 168N,  537W,  68,  129,   ,   0,    ,    0,    0,    0,    0, 
AL, 04, 2010080206, 03, GPCC,  72, 206N,  605W,  68,  192,   ,   0,    ,    0,    0,    0,    0, 
AL, 04, 2010080206, 03, GPCC,  96, 243N,  650W,  68,  266,   ,   0,    ,    0,    0,    0,    0, 
AL, 04, 2010080206, 03, GPCC, 120, 275N,  673W,  68,  356,   ,   0,    ,    0,    0,    0,    0, 
AL, 04, 2010080206, 03, TVCN,  12, 122N,  409W,  68,   63,   ,   0,    ,    0,    0,    0,    0, 
AL, 04, 2010080206, 03, TVCN,  24, 135N,  445W,  68,  107,   ,   0,    ,    0,    0,    0,    0, 
AL, 04, 2010080206, 03, TVCN,  36, 149N,  482W,  68,  149,   ,   0,    ,    0,    0,    0,    0, 
AL, 04, 2010080206, 03, TVCN,  48, 168N,  537W,  68,  120,   ,   0,    ,    0,    0,    0,    0, 
AL, 04, 2010080206, 03, TVCN,  72, 206N,  605W,  68,  163,   ,   0,    ,    0,    0,    0,    0, 
AL, 04, 2010080206, 03, TVCN,  96, 243N,  650W,  68,  214,   ,   0,    ,    0,    0,    0,    0, 
AL, 04, 2010080206, 03, TVCN, 120, 275N,  673W,  68,  287,   ,   0,    ,    0,    0,    0,    0, 
AL, 04, 2010080206, 03, TVCX,   0, 110N,  382W,  70,    0,   ,  62, AAA,    0,    0,    0,    0, 
AL, 04, 2010080206, 03, TVCX,  12, 123N,  409W,  70,   55,   ,  68, AAA,   44,   70,    2,    0, 
AL, 04, 2010080206, 03, TVCX,  24, 135N,  444W,  70,   94,   ,  70, AAA,   68,  131,    5,   -1, 
AL, 04, 2010080206, 03, TVCX,  36, 151N,  481W,  70,  131,   ,  70, AAA,   91,  192,    8,   -5, 
AL, 04, 2010080206, 03, TVCX,  48, 172N,  535W,  70,  117,   ,  67, AAA,  116,  118,   13,  -10, 
AL, 04, 2010080206, 03, TVCX,  72, 212N,  601W,  70,  122,   ,  55, AAA,  173,   87,   20,  -19, 
AL, 04, 2010080206, 03, TVCX,  96, 249N,  644W,  70,  163,   ,  45, AAA,  236,  113,   18,  -32, 
AL, 04, 2010080206, 03, TVCX, 120, 279N,  662W,  70,  216,   ,  19, AAA,  283,  166,    0,  -65, 
AL, 04, 2010080212, 03, GPCC,  12, 135N,  437W,  68,   36,   ,   0,    ,    0,    0,    0,    0, 
AL, 04, 2010080212, 03, GPCC,  24, 146N,  477W,  68,   72,   ,   0,    ,    0,    0,    0,    0, 
AL, 04, 2010080212, 03, GPCC,  36, 161N,  517W,  68,  100,   ,   0,    ,    0,    0,    0,    0, 
AL, 04, 2010080212, 03, GPCC,  48, 184N,  570W,  68,  129,   ,   0,    ,    0,    0,    0,    0, 
AL, 04, 2010080212, 03, GPCC,  72, 224N,  632W,  68,  192,   ,   0,    ,    0,    0,    0,    0, 
AL, 04, 2010080212, 03, GPCC,  96, 261N,  667W,  68,  266,   ,   0,    ,    0,    0,    0,    0, 
AL, 04, 2010080212, 03, GPCC, 120, 296N,  678W,  68,  356,   ,   0,    ,    0,    0,    0,    0, 
AL, 04, 2010080212, 03, TVCN,  12, 135N,  437W,  68,   68,   ,   0,    ,    0,    0,    0,    0, 
AL, 04, 2010080212, 03, TVCN,  24, 146N,  477W,  68,  116,   ,   0,    ,    0,    0,    0,    0, 
AL, 04, 2010080212, 03, TVCN,  36, 161N,  517W,  68,  148,   ,   0,    ,    0,    0,    0,    0, 
AL, 04, 2010080212, 03, TVCN,  48, 184N,  570W,  68,  118,   ,   0,    ,    0,    0,    0,    0, 
AL, 04, 2010080212, 03, TVCN,  72, 224N,  632W,  68,  154,   ,   0,    ,    0,    0,    0,    0, 
AL, 04, 2010080212, 03, TVCN,  96, 261N,  667W,  68,  207,   ,   0,    ,    0,    0,    0,    0, 
AL, 04, 2010080212, 03, TVCN, 120, 296N,  678W,  68,  296,   ,   0,    ,    0,    0,    0,    0, 
AL, 04, 2010080212, 03, TVCX,   0, 123N,  403W,  70,    0,   ,  69, AAA,    0,    0,    0,    0, 
AL, 04, 2010080212, 03, TVCX,  12, 135N,  437W,  70,   58,   ,  72, AAA,   41,   82,    2,    0, 
AL, 04, 2010080212, 03, TVCX,  24, 147N,  476W,  70,  100,   ,  72, AAA,   71,  143,    5,   -1, 
AL, 04, 2010080212, 03, TVCX,  36, 163N,  516W,  70,  132,   ,  69, AAA,   93,  188,    8,   -5, 
AL, 04, 2010080212, 03, TVCX,  48, 187N,  568W,  70,  115,   ,  63, AAA,  115,  115,   13,  -10, 
AL, 04, 2010080212, 03, TVCX,  72, 229N,  628W,  70,  120,   ,  50, AAA,  167,   87,   20,  -19, 
AL, 04, 2010080212, 03, TVCX,  96, 266N,  659W,  70,  168,   ,  31, AAA,  228,  125,   18,  -32, 
AL, 04, 2010080212, 03, TVCX, 120, 297N,  666W,  70,  240,   ,   6, AAA,  278,  208,    0,  -65, 
AL, 04, 2010080218, 03, GPCC,  12, 138N,  450W,  68,   36,   ,   0,    ,    0,    0,    0,    0, 
AL, 04, 2010080218, 03, GPCC,  24, 152N,  499W,  68,   72,   ,   0,    ,    0,    0,    0,    0, 
AL, 04, 2010080218, 03, GPCC,  36, 169N,  540W,  68,  100,   ,   0,    ,    0,    0,    0,    0, 
AL, 04, 2010080218, 03, GPCC,  48, 188N,  576W,  68,  129,   ,   0,    ,    0,    0,    0,    0, 
AL, 04, 2010080218, 03, GPCC,  72, 224N,  633W,  68,  192,   ,   0,    ,    0,    0,    0,    0, 
AL, 04, 2010080218, 03, GPCC,  96, 259N,  672W,  68,  266,   ,   0,    ,    0,    0,    0,    0, 
AL, 04, 2010080218, 03, GPCC, 120, 292N,  694W,  68,  356,   ,   0,    ,    0,    0,    0,    0, 
AL, 04, 2010080218, 03, TVCN,  12, 138N,  450W,  68,   70,   ,   0,    ,    0,    0,    0,    0, 
AL, 04, 2010080218, 03, TVCN,  24, 152N,  499W,  68,   84,   ,   0,    ,    0,    0,    0,    0, 
AL, 04, 2010080218, 03, TVCN,  36, 169N,  540W,  68,  107,   ,   0,    ,    0,    0,    0,    0, 
AL, 04, 2010080218, 03, TVCN,  48, 188N,  576W,  68,  117,   ,   0,    ,    0,    0,    0,    0, 
AL, 04, 2010080218, 03, TVCN,  72, 224N,  633W,  68,  139,   ,   0,    ,    0,    0,    0,    0, 
AL, 04, 2010080218, 03, TVCN,  96, 259N,  672W,  68,  176,   ,   0,    ,    0,    0,    0,    0, 
AL, 04, 2010080218, 03, TVCN, 120, 292N,  694W,  68,  266,   ,   0,    ,    0,    0,    0,    0, 
AL, 04, 2010080218, 03, TVCX,   0, 128N,  418W,  70,    0,   ,  70, AAA,    0,    0,    0,    0, 
AL, 04, 2010080218, 03, TVCX,  12, 139N,  450W,  70,   59,   ,  73, AAA,   41,   85,    2,    0, 
AL, 04, 2010080218, 03, TVCX,  24, 153N,  499W,  70,   81,   ,  71, AAA,   65,  103,    5,   -1, 
AL, 04, 2010080218, 03, TVCX,  36, 172N,  539W,  70,  104,   ,  65, AAA,   85,  128,    8,   -5, 
AL, 04, 2010080218, 03, TVCX,  48, 191N,  574W,  70,  123,   ,  62, AAA,  105,  145,   13,  -10, 
AL, 04, 2010080218, 03, TVCX,  72, 229N,  629W,  70,  122,   ,  52, AAA,  155,   97,   20,  -19, 
AL, 04, 2010080218, 03, TVCX,  96, 265N,  666W,  70,  126,   ,  43, AAA,  212,   75,   18,  -32, 
AL, 04, 2010080218, 03, TVCX, 120, 296N,  683W,  70,  200,   ,  22, AAA,  273,  147,    0,  -65, 
AL, 04, 2010080300, 03, GPCC,  12, 145N,  479W,  68,   36,   ,   0,    ,    0,    0,    0,    0, 
AL, 04, 2010080300, 03, GPCC,  24, 159N,  520W,  68,   72,   ,   0,    ,    0,    0,    0,    0, 
AL, 04, 2010080300, 03, GPCC,  36, 176N,  561W,  68,  100,   ,   0,    ,    0,    0,    0,    0, 
AL, 04, 2010080300, 03, GPCC,  48, 196N,  599W,  68,  129,   ,   0,    ,    0,    0,    0,    0, 
AL, 04, 2010080300, 03, GPCC,  72, 241N,  646W,  68,  192,   ,   0,    ,    0,    0,    0,    0, 
AL, 04, 2010080300, 03, GPCC,  96, 276N,  668W,  68,  266,   ,   0,    ,    0,    0,    0,    0, 
AL, 04, 2010080300, 03, GPCC, 120, 313N,  669W,  68,  356,   ,   0,    ,    0,    0,    0,    0, 
AL, 04, 2010080300, 03, TVCN,  12, 145N,  479W,  68,   42,   ,   0,    ,    0,    0,    0,    0, 
AL, 04, 2010080300, 03, TVCN,  24, 159N,  520W,  68,   70,   ,   0,    ,    0,    0,    0,    0, 
AL, 04, 2010080300, 03, TVCN,  36, 176N,  561W,  68,   97,   ,   0,    ,    0,    0,    0,    0, 
AL, 04, 2010080300, 03, TVCN,  48, 196N,  599W,  68,  122,   ,   0,    ,    0,    0,    0,    0, 
AL, 04, 2010080300, 03, TVCN,  72, 241N,  646W,  68,  187,   ,   0,    ,    0,    0,    0,    0, 
AL, 04, 2010080300, 03, TVCN,  96, 276N,  668W,  68,  270,   ,   0,    ,    0,    0,    0,    0, 
AL, 04, 2010080300, 03, TVCN, 120, 313N,  669W,  68,  388,   ,   0,    ,    0,    0,    0,    0, 
AL, 04, 2010080300, 03, TVCX,   0, 134N,  441W,  70,    0,   ,  75, AAA,    0,    0,    0,    0, 
AL, 04, 2010080300, 03, TVCX,  12, 145N,  479W,  70,   41,   ,  72, AAA,   40,   44,    2,    0, 
AL, 04, 2010080300, 03, TVCX,  24, 160N,  520W,  70,   68,   ,  69, AAA,   65,   72,    5,   -1, 
AL, 04, 2010080300, 03, TVCX,  36, 179N,  560W,  70,   90,   ,  65, AAA,   88,   93,    8,   -5, 
AL, 04, 2010080300, 03, TVCX,  48, 199N,  597W,  70,  114,   ,  54, AAA,  118,  111,   13,  -10, 
AL, 04, 2010080300, 03, TVCX,  72, 245N,  641W,  70,  150,   ,  43, AAA,  182,  125,   20,  -19, 
AL, 04, 2010080300, 03, TVCX,  96, 278N,  659W,  70,  239,   ,  12, AAA,  237,  241,   18,  -32, 
AL, 04, 2010080300, 03, TVCX, 120, 311N,  658W,  70,  334,   , 348, AAA,  272,  411,    0,  -65, 
AL, 04, 2010080306, 03, GPCC,  12, 151N,  505W,  68,   36,   ,   0,    ,    0,    0,    0,    0, 
AL, 04, 2010080306, 03, GPCC,  24, 167N,  548W,  68,   72,   ,   0,    ,    0,    0,    0,    0, 
AL, 04, 2010080306, 03, GPCC,  36, 185N,  588W,  68,  100,   ,   0,    ,    0,    0,    0,    0, 
AL, 04, 2010080306, 03, GPCC,  48, 207N,  620W,  68,  129,   ,   0,    ,    0,    0,    0,    0, 
AL, 04, 2010080306, 03, GPCC,  72, 244N,  665W,  68,  192,   ,   0,    ,    0,    0,    0,    0, 
AL, 04, 2010080306, 03, GPCC,  96, 273N,  684W,  68,  266,   ,   0,    ,    0,    0,    0,    0, 
AL, 04, 2010080306, 03, GPCC, 120, 303N,  684W,  68,  356,   ,   0,    ,    0,    0,    0,    0, 
AL, 04, 2010080306, 03, TVCN,  12, 151N,  505W,  68,   41,   ,   0,    ,    0,    0,    0,    0, 
AL, 04, 2010080306, 03, TVCN,  24, 167N,  548W,  68,   68,   ,   0,    ,    0,    0,    0,    0, 
AL, 04, 2010080306, 03, TVCN,  36, 185N,  588W,  68,   97,   ,   0,    ,    0,    0,    0,    0, 
AL, 04, 2010080306, 03, TVCN,  48, 207N,  620W,  68,  116,   ,   0,    ,    0,    0,    0,    0, 
AL, 04, 2010080306, 03, TVCN,  72, 244N,  665W,  68,  188,   ,   0,    ,    0,    0,    0,    0, 
AL, 04, 2010080306, 03, TVCN,  96, 273N,  684W,  68,  265,   ,   0,    ,    0,    0,    0,    0, 
AL, 04, 2010080306, 03, TVCN, 120, 303N,  684W,  68,  387,   ,   0,    ,    0,    0,    0,    0, 
AL, 04, 2010080306, 03, TVCX,   0, 137N,  462W,  70,    0,   ,  73, AAA,    0,    0,    0,    0, 
AL, 04, 2010080306, 03, TVCX,  12, 151N,  505W,  70,   39,   ,  71, AAA,   41,   38,    2,    0, 
AL, 04, 2010080306, 03, TVCX,  24, 168N,  548W,  70,   64,   ,  68, AAA,   69,   60,    5,   -1, 
AL, 04, 2010080306, 03, TVCX,  36, 187N,  588W,  70,   89,   ,  61, AAA,   94,   85,    8,   -5, 
AL, 04, 2010080306, 03, TVCX,  48, 210N,  618W,  70,  112,   ,  53, AAA,  116,  110,   13,  -10, 
AL, 04, 2010080306, 03, TVCX,  72, 248N,  660W,  70,  131,   ,  44, AAA,  191,   90,   20,  -19, 
AL, 04, 2010080306, 03, TVCX,  96, 274N,  675W,  70,  226,   ,   7, AAA,  253,  203,   18,  -32, 
AL, 04, 2010080306, 03, TVCX, 120, 300N,  672W,  70,  331,   , 345, AAA,  291,  377,    0,  -65, 
AL, 04, 2010080312, 03, GPCC,  12, 155N,  529W,  68,   36,   ,   0,    ,    0,    0,    0,    0, 
AL, 04, 2010080312, 03, GPCC,  24, 173N,  571W,  68,   72,   ,   0,    ,    0,    0,    0,    0, 
AL, 04, 2010080312, 03, GPCC,  36, 190N,  608W,  68,  100,   ,   0,    ,    0,    0,    0,    0, 
AL, 04, 2010080312, 03, GPCC,  48, 207N,  638W,  68,  129,   ,   0,    ,    0,    0,    0,    0, 
AL, 04, 2010080312, 03, GPCC,  72, 239N,  679W,  68,  192,   ,   0,    ,    0,    0,    0,    0, 
AL, 04, 2010080312, 03, GPCC,  96, 269N,  696W,  68,  266,   ,   0,    ,    0,    0,    0,    0, 
AL, 04, 2010080312, 03, GPCC, 120, 300N,  699W,  68,  356,   ,   0,    ,    0,    0,    0,    0, 
AL, 04, 2010080312, 03, TCON,  12, 156N,  529W,  68,   35,   ,   0,    ,    0,    0,    0,    0, 
AL, 04, 2010080312, 03, TCON,  24, 175N,  571W,  68,   53,   ,   0,    ,    0,    0,    0,    0, 
AL, 04, 2010080312, 03, TCON,  36, 194N,  608W,  68,   74,   ,   0,    ,    0,    0,    0,    0, 
AL, 04, 2010080312, 03, TCON,  48, 212N,  637W,  68,   68,   ,   0,    ,    0,    0,    0,    0, 
AL, 04, 2010080312, 03, TCON,  72, 246N,  676W,  68,  109,   ,   0,    ,    0,    0,    0,    0, 
AL, 04, 2010080312, 03, TCON,  96, 279N,  689W,  68,  172,   ,   0,    ,    0,    0,    0,    0, 
AL, 04, 2010080312, 03, TCON, 120, 316N,  684W,  68,  289,   ,   0,    ,    0,    0,    0,    0, 
AL, 04, 2010080312, 03, TCOX,   0, 140N,  485W,  70,    0,   ,  71, AAA,    0,    0,    0,    0, 
AL, 04, 2010080312, 03, TCOX,  12, 157N,  529W,  70,   38,   ,  68, AAA,   37,   40,    2,    0, 
AL, 04, 2010080312, 03, TCOX,  24, 176N,  571W,  70,   60,   ,  64, AAA,   57,   64,    5,   -1, 
AL, 04, 2010080312, 03, TCOX,  36, 196N,  607W,  70,   79,   ,  60, AAA,   74,   86,    8,   -5, 
AL, 04, 2010080312, 03, TCOX,  48, 215N,  635W,  70,   95,   ,  56, AAA,   99,   93,   13,  -10, 
AL, 04, 2010080312, 03, TCOX,  72, 250N,  670W,  70,  124,   ,  34, AAA,  161,   96,   20,  -19, 
AL, 04, 2010080312, 03, TCOX,  96, 279N,  679W,  70,  204,   ,   3, AAA,  209,  201,   18,  -32, 
AL, 04, 2010080312, 03, TCOX, 120, 313N,  672W,  70,  314,   , 344, AAA,  253,  390,    0,  -65, 
AL, 04, 2010080312, 03, TVCN,  12, 155N,  529W,  68,   38,   ,   0,    ,    0,    0,    0,    0, 
AL, 04, 2010080312, 03, TVCN,  24, 173N,  571W,  68,   62,   ,   0,    ,    0,    0,    0,    0, 
AL, 04, 2010080312, 03, TVCN,  36, 190N,  608W,  68,   84,   ,   0,    ,    0,    0,    0,    0, 
AL, 04, 2010080312, 03, TVCN,  48, 207N,  638W,  68,   97,   ,   0,    ,    0,    0,    0,    0, 
AL, 04, 2010080312, 03, TVCN,  72, 239N,  679W,  68,  157,   ,   0,    ,    0,    0,    0,    0, 
AL, 04, 2010080312, 03, TVCN,  96, 269N,  696W,  68,  232,   ,   0,    ,    0,    0,    0,    0, 
AL, 04, 2010080312, 03, TVCN, 120, 300N,  699W,  68,  351,   ,   0,    ,    0,    0,    0,    0, 
AL, 04, 2010080312, 03, TVCX,   0, 140N,  485W,  70,    0,   ,  72, AAA,    0,    0,    0,    0, 
AL, 04, 2010080312, 03, TVCX,  12, 155N,  529W,  70,   38,   ,  69, AAA,   39,   38,    2,    0, 
AL, 04, 2010080312, 03, TVCX,  24, 173N,  571W,  70,   62,   ,  66, AAA,   63,   62,    5,   -1, 
AL, 04, 2010080312, 03, TVCX,  36, 192N,  607W,  70,   83,   ,  62, AAA,   81,   85,    8,   -5, 
AL, 04, 2010080312, 03, TVCX,  48, 210N,  636W,  70,   99,   ,  58, AAA,  102,   98,   13,  -10, 
AL, 04, 2010080312, 03, TVCX,  72, 243N,  674W,  70,  127,   ,  40, AAA,  165,   99,   20,  -19, 
AL, 04, 2010080312, 03, TVCX,  96, 272N,  687W,  70,  200,   ,  16, AAA,  233,  172,   18,  -32, 
AL, 04, 2010080312, 03, TVCX, 120, 300N,  687W,  70,  301,   ,   0, AAA,  303,  300,    0,  -65, 
AL, 04, 2010080318, 03, GPCC,  12, 168N,  566W,  68,   36,   ,   0,    ,    0,    0,    0,    0, 
AL, 04, 2010080318, 03, GPCC,  24, 185N,  604W,  68,   72,   ,   0,    ,    0,    0,    0,    0, 
AL, 04, 2010080318, 03, GPCC,  36, 203N,  635W,  68,  100,   ,   0,    ,    0,    0,    0,    0, 
AL, 04, 2010080318, 03, GPCC,  48, 221N,  660W,  68,  129,   ,   0,    ,    0,    0,    0,    0, 
AL, 04, 2010080318, 03, GPCC,  72, 253N,  699W,  68,  192,   ,   0,    ,    0,    0,    0,    0, 
AL, 04, 2010080318, 03, GPCC,  96, 283N,  720W,  68,  266,   ,   0,    ,    0,    0,    0,    0, 
AL, 04, 2010080318, 03, GPCC, 120, 314N,  735W,  68,  356,   ,   0,    ,    0,    0,    0,    0, 
AL, 04, 2010080318, 03, TCON,  12, 169N,  566W,  68,   42,   ,   0,    ,    0,    0,    0,    0, 
AL, 04, 2010080318, 03, TCON,  24, 186N,  603W,  68,   65,   ,   0,    ,    0,    0,    0,    0, 
AL, 04, 2010080318, 03, TCON,  36, 205N,  635W,  68,   87,   ,   0,    ,    0,    0,    0,    0, 
AL, 04, 2010080318, 03, TCON,  48, 222N,  661W,  68,   84,   ,   0,    ,    0,    0,    0,    0, 
AL, 04, 2010080318, 03, TCON,  72, 256N,  700W,  68,  121,   ,   0,    ,    0,    0,    0,    0, 
AL, 04, 2010080318, 03, TCON,  96, 287N,  723W,  68,  180,   ,   0,    ,    0,    0,    0,    0, 
AL, 04, 2010080318, 03, TCON, 120, 322N,  735W,  68,  240,   ,   0,    ,    0,    0,    0,    0, 
AL, 04, 2010080318, 03, TCOX,   0, 154N,  524W,  70,    0,   ,  73, AAA,    0,    0,    0,    0, 
AL, 04, 2010080318, 03, TCOX,  12, 169N,  565W,  70,   42,   ,  68, AAA,   39,   46,    2,    0, 
AL, 04, 2010080318, 03, TCOX,  24, 187N,  603W,  70,   69,   ,  62, AAA,   62,   77,    5,   -1, 
AL, 04, 2010080318, 03, TCOX,  36, 207N,  634W,  70,   89,   ,  58, AAA,   80,  100,    8,   -5, 
AL, 04, 2010080318, 03, TCOX,  48, 225N,  659W,  70,  109,   ,  54, AAA,  102,  116,   13,  -10, 
AL, 04, 2010080318, 03, TCOX,  72, 260N,  695W,  70,  123,   ,  43, AAA,  166,   92,   20,  -19, 
AL, 04, 2010080318, 03, TCOX,  96, 291N,  714W,  70,  176,   ,  29, AAA,  240,  130,   18,  -32, 
AL, 04, 2010080318, 03, TCOX, 120, 324N,  722W,  70,  242,   ,   9, AAA,  290,  203,    0,  -65, 
AL, 04, 2010080318, 03, TVCN,  12, 168N,  566W,  68,   42,   ,   0,    ,    0,    0,    0,    0, 
AL, 04, 2010080318, 03, TVCN,  24, 185N,  604W,  68,   65,   ,   0,    ,    0,    0,    0,    0, 
AL, 04, 2010080318, 03, TVCN,  36, 203N,  635W,  68,   86,   ,   0,    ,    0,    0,    0,    0, 
AL, 04, 2010080318, 03, TVCN,  48, 221N,  660W,  68,  102,   ,   0,    ,    0,    0,    0,    0, 
AL, 04, 2010080318, 03, TVCN,  72, 253N,  699W,  68,  157,   ,   0,    ,    0,    0,    0,    0, 
AL, 04, 2010080318, 03, TVCN,  96, 283N,  720W,  68,  219,   ,   0,    ,    0,    0,    0,    0, 
AL, 04, 2010080318, 03, TVCN, 120, 314N,  735W,  68,  285,   ,   0,    ,    0,    0,    0,    0, 
AL, 04, 2010080318, 03, TVCX,   0, 154N,  524W,  70,    0,   ,  73, AAA,    0,    0,    0,    0, 
AL, 04, 2010080318, 03, TVCX,  12, 169N,  566W,  70,   42,   ,  69, AAA,   39,   45,    2,    0, 
AL, 04, 2010080318, 03, TVCX,  24, 186N,  603W,  70,   67,   ,  63, AAA,   63,   72,    5,   -1, 
AL, 04, 2010080318, 03, TVCX,  36, 205N,  634W,  70,   86,   ,  58, AAA,   79,   93,    8,   -5, 
AL, 04, 2010080318, 03, TVCX,  48, 223N,  658W,  70,  107,   ,  54, AAA,  101,  115,   13,  -10, 
AL, 04, 2010080318, 03, TVCX,  72, 257N,  693W,  70,  127,   ,  43, AAA,  161,  101,   20,  -19, 
AL, 04, 2010080318, 03, TVCX,  96, 287N,  712W,  70,  175,   ,  31, AAA,  225,  136,   18,  -32, 
AL, 04, 2010080318, 03, TVCX, 120, 317N,  723W,  70,  242,   ,  16, AAA,  269,  218,    0,  -65, 
AL, 04, 2010080400, 03, GPCC,  12, 178N,  591W,  68,   36,   ,   0,    ,    0,    0,    0,    0, 
AL, 04, 2010080400, 03, GPCC,  24, 197N,  626W,  68,   72,   ,   0,    ,    0,    0,    0,    0, 
AL, 04, 2010080400, 03, GPCC,  36, 218N,  654W,  68,  100,   ,   0,    ,    0,    0,    0,    0, 
AL, 04, 2010080400, 03, GPCC,  48, 237N,  675W,  68,  129,   ,   0,    ,    0,    0,    0,    0, 
AL, 04, 2010080400, 03, GPCC,  72, 269N,  701W,  68,  192,   ,   0,    ,    0,    0,    0,    0, 
AL, 04, 2010080400, 03, GPCC,  96, 299N,  707W,  68,  266,   ,   0,    ,    0,    0,    0,    0, 
AL, 04, 2010080400, 03, GPCC, 120, 336N,  706W,  68,  356,   ,   0,    ,    0,    0,    0,    0, 
AL, 04, 2010080400, 03, TCON,  12, 178N,  591W,  68,   50,   ,   0,    ,    0,    0,    0,    0, 
AL, 04, 2010080400, 03, TCOX,   0, 163N,  547W,  70,    0,   ,  71, AAA,    0,    0,    0,    0, 
AL, 04, 2010080400, 03, TCOX,  12, 179N,  591W,  70,   46,   ,  91, AAA,   44,   49,    2,    0, 
AL, 04, 2010080400, 03, TVCN,  12, 178N,  591W,  68,   47,   ,   0,    ,    0,    0,    0,    0, 
AL, 04, 2010080400, 03, TVCN,  24, 197N,  626W,  68,   69,   ,   0,    ,    0,    0,    0,    0, 
AL, 04, 2010080400, 03, TVCN,  36, 218N,  654W,  68,   91,   ,   0,    ,    0,    0,    0,    0, 
AL, 04, 2010080400, 03, TVCN,  48, 237N,  675W,  68,  107,   ,   0,    ,    0,    0,    0,    0, 
AL, 04, 2010080400, 03, TVCN,  72, 269N,  701W,  68,  169,   ,   0,    ,    0,    0,    0,    0, 
AL, 04, 2010080400, 03, TVCN,  96, 299N,  707W,  68,  246,   ,   0,    ,    0,    0,    0,    0, 
AL, 04, 2010080400, 03, TVCN, 120, 336N,  706W,  68,  340,   ,   0,    ,    0,    0,    0,    0, 
AL, 04, 2010080400, 03, TVCX,   0, 163N,  547W,  70,    0,   ,  74, AAA,    0,    0,    0,    0, 
AL, 04, 2010080400, 03, TVCX,  12, 179N,  590W,  70,   45,   ,  66, AAA,   41,   50,    2,    0, 
AL, 04, 2010080400, 03, TVCX,  24, 198N,  626W,  70,   70,   ,  58, AAA,   62,   79,    5,   -1, 
AL, 04, 2010080400, 03, TVCX,  36, 220N,  652W,  70,   90,   ,  50, AAA,   80,  103,    8,   -5, 
AL, 04, 2010080400, 03, TVCX,  48, 239N,  672W,  70,  109,   ,  45, AAA,  105,  114,   13,  -10, 
AL, 04, 2010080400, 03, TVCX,  72, 272N,  694W,  70,  132,   ,  24, AAA,  168,  104,   20,  -19, 
AL, 04, 2010080400, 03, TVCX,  96, 299N,  697W,  70,  193,   ,   4, AAA,  241,  155,   18,  -32, 
AL, 04, 2010080400, 03, TVCX, 120, 335N,  693W,  70,  272,   , 355, AAA,  327,  227,    0,  -65, 
AL, 04, 2010080406, 03, GPCC,  12, 190N,  611W,  68,   36,   ,   0,    ,    0,    0,    0,    0, 
AL, 04, 2010080406, 03, GPCC,  24, 211N,  642W,  68,   72,   ,   0,    ,    0,    0,    0,    0, 
AL, 04, 2010080406, 03, GPCC,  36, 231N,  665W,  68,  100,   ,   0,    ,    0,    0,    0,    0, 
AL, 04, 2010080406, 03, GPCC,  48, 248N,  680W,  68,  129,   ,   0,    ,    0,    0,    0,    0, 
AL, 04, 2010080406, 03, GPCC,  72, 279N,  694W,  68,  192,   ,   0,    ,    0,    0,    0,    0, 
AL, 04, 2010080406, 03, GPCC,  96, 309N,  692W,  68,  266,   ,   0,    ,    0,    0,    0,    0, 
AL, 04, 2010080406, 03, GPCC, 120, 348N,  678W,  68,  356,   ,   0,    ,    0,    0,    0,    0, 
AL, 04, 2010080406, 03, TCOX,   0, 170N,  570W,  70,    0,   , 197, AAA,    0,    0,    0,    0, 
AL, 04, 2010080406, 03, TVCN,  12, 190N,  611W,  68,   43,   ,   0,    ,    0,    0,    0,    0, 
AL, 04, 2010080406, 03, TVCN,  24, 211N,  642W,  68,   73,   ,   0,    ,    0,    0,    0,    0, 
AL, 04, 2010080406, 03, TVCN,  36, 231N,  665W,  68,  103,   ,   0,    ,    0,    0,    0,    0, 
AL, 04, 2010080406, 03, TVCN,  48, 248N,  680W,  68,  122,   ,   0,    ,    0,    0,    0,    0, 
AL, 04, 2010080406, 03, TVCN,  72, 279N,  694W,  68,  176,   ,   0,    ,    0,    0,    0,    0, 
AL, 04, 2010080406, 03, TVCN,  96, 309N,  692W,  68,  233,   ,   0,    ,    0,    0,    0,    0, 
AL, 04, 2010080406, 03, TVCN, 120, 348N,  678W,  68,  327,   ,   0,    ,    0,    0,    0,    0, 
AL, 04, 2010080406, 03, TVCX,   0, 170N,  570W,  70,    0,   ,  66, AAA,    0,    0,    0,    0, 
AL, 04, 2010080406, 03, TVCX,  12, 191N,  611W,  70,   41,   ,  60, AAA,   41,   43,    2,    0, 
AL, 04, 2010080406, 03, TVCX,  24, 212N,  642W,  70,   68,   ,  52, AAA,   71,   66,    5,   -1, 
AL, 04, 2010080406, 03, TVCX,  36, 233N,  663W,  70,   85,   ,  45, AAA,   96,   76,    8,   -5, 
AL, 04, 2010080406, 03, TVCX,  48, 251N,  676W,  70,  111,   ,  34, AAA,  119,  105,   13,  -10, 
AL, 04, 2010080406, 03, TVCX,  72, 280N,  686W,  70,  158,   ,   7, AAA,  159,  158,   20,  -19, 
AL, 04, 2010080406, 03, TVCX,  96, 308N,  683W,  70,  221,   , 348, AAA,  205,  239,   18,  -32, 
AL, 04, 2010080406, 03, TVCX, 120, 343N,  666W,  70,  333,   , 335, AAA,  234,  475,    0,  -65, 
AL, 04, 2010080412, 03, GPCC,  12, 200N,  631W,  68,   36,   ,   0,    ,    0,    0,    0,    0, 
AL, 04, 2010080412, 03, GPCC,  24, 221N,  658W,  68,   72,   ,   0,    ,    0,    0,    0,    0, 
AL, 04, 2010080412, 03, GPCC,  36, 240N,  677W,  68,  100,   ,   0,    ,    0,    0,    0,    0, 
AL, 04, 2010080412, 03, GPCC,  48, 258N,  688W,  68,  129,   ,   0,    ,    0,    0,    0,    0, 
AL, 04, 2010080412, 03, GPCC,  72, 293N,  690W,  68,  192,   ,   0,    ,    0,    0,    0,    0, 
AL, 04, 2010080412, 03, GPCC,  96, 338N,  671W,  68,  266,   ,   0,    ,    0,    0,    0,    0, 
AL, 04, 2010080412, 03, GPCC, 120, 362N,  676W,  68,  356,   ,   0,    ,    0,    0,    0,    0, 
AL, 04, 2010080412, 03, TCON,  12, 201N,  630W,  68,   46,   ,   0,    ,    0,    0,    0,    0, 
AL, 04, 2010080412, 03, TCON,  24, 222N,  657W,  68,   79,   ,   0,    ,    0,    0,    0,    0, 
AL, 04, 2010080412, 03, TCON,  36, 241N,  677W,  68,  110,   ,   0,    ,    0,    0,    0,    0, 
AL, 04, 2010080412, 03, TCON,  48, 258N,  688W,  68,  119,   ,   0,    ,    0,    0,    0,    0, 
AL, 04, 2010080412, 03, TCON,  72, 294N,  689W,  68,  184,   ,   0,    ,    0,    0,    0,    0, 
AL, 04, 2010080412, 03, TCON,  96, 341N,  667W,  68,  303,   ,   0,    ,    0,    0,    0,    0, 
AL, 04, 2010080412, 03, TCOX,   0, 178N,  595W,  70,    0,   ,  60, AAA,    0,    0,    0,    0, 
AL, 04, 2010080412, 03, TCOX,  12, 201N,  630W,  70,   41,   ,  54, AAA,   45,   39,    2,    0, 
AL, 04, 2010080412, 03, TCOX,  24, 223N,  657W,  70,   64,   ,  49, AAA,   83,   50,    5,   -1, 
AL, 04, 2010080412, 03, TCOX,  36, 242N,  675W,  70,   88,   ,  38, AAA,  101,   78,    8,   -5, 
AL, 04, 2010080412, 03, TCOX,  48, 259N,  684W,  70,  123,   ,  16, AAA,  118,  129,   13,  -10, 
AL, 04, 2010080412, 03, TCOX,  72, 293N,  681W,  70,  192,   , 346, AAA,  156,  237,   20,  -19, 
AL, 04, 2010080412, 03, TCOX,  96, 349N,  667W,  70,  275,   ,  92, AAA,  288,  264,   18,  -32, 
AL, 04, 2010080412, 03, TVCN,  12, 200N,  631W,  68,   46,   ,   0,    ,    0,    0,    0,    0, 
AL, 04, 2010080412, 03, TVCN,  24, 221N,  658W,  68,   80,   ,   0,    ,    0,    0,    0,    0, 
AL, 04, 2010080412, 03, TVCN,  36, 240N,  677W,  68,  106,   ,   0,    ,    0,    0,    0,    0, 
AL, 04, 2010080412, 03, TVCN,  48, 258N,  688W,  68,  124,   ,   0,    ,    0,    0,    0,    0, 
AL, 04, 2010080412, 03, TVCN,  72, 293N,  690W,  68,  191,   ,   0,    ,    0,    0,    0,    0, 
AL, 04, 2010080412, 03, TVCN,  96, 338N,  671W,  68,  311,   ,   0,    ,    0,    0,    0,    0, 
AL, 04, 2010080412, 03, TVCN, 120, 362N,  676W,  68,  388,   ,   0,    ,    0,    0,    0,    0, 
AL, 04, 2010080412, 03, TVCX,   0, 178N,  595W,  70,    0,   ,  61, AAA,    0,    0,    0,    0, 
AL, 04, 2010080412, 03, TVCX,  12, 200N,  630W,  70,   41,   ,  55, AAA,   45,   38,    2,    0, 
AL, 04, 2010080412, 03, TVCX,  24, 222N,  657W,  70,   64,   ,  48, AAA,   80,   52,    5,   -1, 
AL, 04, 2010080412, 03, TVCX,  36, 241N,  675W,  70,   88,   ,  38, AAA,   96,   81,    8,   -5, 
AL, 04, 2010080412, 03, TVCX,  48, 259N,  684W,  70,  118,   ,  19, AAA,  113,  125,   13,  -10, 
AL, 04, 2010080412, 03, TVCX,  72, 291N,  682W,  70,  184,   , 349, AAA,  155,  219,   20,  -19, 
AL, 04, 2010080412, 03, TVCX,  96, 338N,  661W,  70,  282,   , 355, AAA,  254,  313,   18,  -32, 
AL, 04, 2010080412, 03, TVCX, 120, 368N,  665W,  70,  278,   ,  37, AAA,  402,  193,    0,  -65, 
AL, 04, 2010080418, 03, GPCC,  12, 217N,  638W,  68,   36,   ,   0,    ,    0,    0,    0,    0, 
AL, 04, 2010080418, 03, GPCC,  24, 238N,  656W,  68,   72,   ,   0,    ,    0,    0,    0,    0, 
AL, 04, 2010080418, 03, GPCC,  36, 258N,  668W,  68,  100,   ,   0,    ,    0,    0,    0,    0, 
AL, 04, 2010080418, 03, GPCC,  48, 279N,  672W,  68,  129,   ,   0,    ,    0,    0,    0,    0, 
AL, 04, 2010080418, 03, GPCC,  72, 320N,  668W,  68,  192,   ,   0,    ,    0,    0,    0,    0, 
AL, 04, 2010080418, 03, GPCC,  96, 373N,  645W,  68,  266,   ,   0,    ,    0,    0,    0,    0, 
AL, 04, 2010080418, 03, GPCC, 120, 444N,  576W,  68,  356,   ,   0,    ,    0,    0,    0,    0, 
AL, 04, 2010080418, 03, TVCN,  12, 217N,  638W,  68,   39,   ,   0,    ,    0,    0,    0,    0, 
AL, 04, 2010080418, 03, TVCN,  24, 238N,  656W,  68,   61,   ,   0,    ,    0,    0,    0,    0, 
AL, 04, 2010080418, 03, TVCN,  36, 258N,  668W,  68,   84,   ,   0,    ,    0,    0,    0,    0, 
AL, 04, 2010080418, 03, TVCN,  48, 279N,  672W,  68,   94,   ,   0,    ,    0,    0,    0,    0, 
AL, 04, 2010080418, 03, TVCN,  72, 320N,  668W,  68,  132,   ,   0,    ,    0,    0,    0,    0, 
AL, 04, 2010080418, 03, TVCN,  96, 373N,  645W,  68,  172,   ,   0,    ,    0,    0,    0,    0, 
AL, 04, 2010080418, 03, TVCN, 120, 444N,  576W,  68,  256,   ,   0,    ,    0,    0,    0,    0, 
AL, 04, 2010080418, 03, TVCX,   0, 194N,  612W,  70,    0,   ,  51, AAA,    0,    0,    0,    0, 
AL, 04, 2010080418, 03, TVCX,  12, 217N,  637W,  70,   40,   ,  44, AAA,   38,   43,    2,    0, 
AL, 04, 2010080418, 03, TVCX,  24, 239N,  656W,  70,   60,   ,  35, AAA,   63,   58,    5,   -1, 
AL, 04, 2010080418, 03, TVCX,  36, 259N,  665W,  70,   77,   ,  17, AAA,   79,   76,    8,   -5, 
AL, 04, 2010080418, 03, TVCX,  48, 279N,  667W,  70,   94,   ,   2, AAA,   97,   93,   13,  -10, 
AL, 04, 2010080418, 03, TVCX,  72, 318N,  660W,  70,  136,   , 348, AAA,  143,  130,   20,  -19, 
AL, 04, 2010080418, 03, TVCX,  96, 368N,  635W,  70,  193,   , 327, AAA,  182,  206,   18,  -32, 
AL, 04, 2010080418, 03, TVCX, 120, 436N,  566W,  70,  294,   , 309, AAA,  235,  369,    0,  -65, 
AL, 04, 2010080500, 03, GPCC,  12, 223N,  651W,  68,   36,   ,   0,    ,    0,    0,    0,    0, 
AL, 04, 2010080500, 03, GPCC,  24, 242N,  668W,  68,   72,   ,   0,    ,    0,    0,    0,    0, 
AL, 04, 2010080500, 03, GPCC,  36, 261N,  678W,  68,  100,   ,   0,    ,    0,    0,    0,    0, 
AL, 04, 2010080500, 03, GPCC,  48, 281N,  679W,  68,  129,   ,   0,    ,    0,    0,    0,    0, 
AL, 04, 2010080500, 03, GPCC,  72, 319N,  668W,  68,  192,   ,   0,    ,    0,    0,    0,    0, 
AL, 04, 2010080500, 03, GPCC,  96, 372N,  638W,  68,  266,   ,   0,    ,    0,    0,    0,    0, 
AL, 04, 2010080500, 03, GPCC, 120, 439N,  564W,  68,  356,   ,   0,    ,    0,    0,    0,    0, 
AL, 04, 2010080500, 03, TVCN,  12, 223N,  651W,  68,   39,   ,   0,    ,    0,    0,    0,    0, 
AL, 04, 2010080500, 03, TVCN,  24, 242N,  668W,  68,   58,   ,   0,    ,    0,    0,    0,    0, 
AL, 04, 2010080500, 03, TVCN,  36, 261N,  678W,  68,   80,   ,   0,    ,    0,    0,    0,    0, 
AL, 04, 2010080500, 03, TVCN,  48, 281N,  679W,  68,   91,   ,   0,    ,    0,    0,    0,    0, 
AL, 04, 2010080500, 03, TVCN,  72, 319N,  668W,  68,  144,   ,   0,    ,    0,    0,    0,    0, 
AL, 04, 2010080500, 03, TVCN,  96, 372N,  638W,  68,  214,   ,   0,    ,    0,    0,    0,    0, 
AL, 04, 2010080500, 03, TVCN, 120, 439N,  564W,  68,  321,   ,   0,    ,    0,    0,    0,    0, 
AL, 04, 2010080500, 03, TVCX,   0, 202N,  628W,  70,    0,   ,  51, AAA,    0,    0,    0,    0, 
AL, 04, 2010080500, 03, TVCX,  12, 223N,  651W,  70,   40,   ,  44, AAA,   39,   42,    2,    0, 
AL, 04, 2010080500, 03, TVCX,  24, 243N,  667W,  70,   62,   ,  33, AAA,   58,   67,    5,   -1, 
AL, 04, 2010080500, 03, TVCX,  36, 262N,  675W,  70,   82,   ,  10, AAA,   70,   98,    8,   -5, 
AL, 04, 2010080500, 03, TVCX,  48, 280N,  675W,  70,  104,   , 344, AAA,   86,  128,   13,  -10, 
AL, 04, 2010080500, 03, TVCX,  72, 317N,  660W,  70,  160,   , 338, AAA,  136,  189,   20,  -19, 
AL, 04, 2010080500, 03, TVCX,  96, 367N,  630W,  70,  238,   , 323, AAA,  173,  329,   18,  -32, 
AL, 04, 2010080500, 03, TVCX, 120, 430N,  556W,  70,  328,   , 305, AAA,  232,  464,    0,  -65, 
AL, 04, 2010080506, 03, GPCC,  12, 236N,  655W,  68,   36,   ,   0,    ,    0,    0,    0,    0, 
AL, 04, 2010080506, 03, GPCC,  24, 254N,  669W,  68,   72,   ,   0,    ,    0,    0,    0,    0, 
AL, 04, 2010080506, 03, GPCC,  36, 272N,  675W,  68,  100,   ,   0,    ,    0,    0,    0,    0, 
AL, 04, 2010080506, 03, GPCC,  48, 291N,  673W,  68,  129,   ,   0,    ,    0,    0,    0,    0, 
AL, 04, 2010080506, 03, GPCC,  72, 333N,  657W,  68,  192,   ,   0,    ,    0,    0,    0,    0, 
AL, 04, 2010080506, 03, GPCC,  96, 389N,  615W,  68,  266,   ,   0,    ,    0,    0,    0,    0, 
AL, 04, 2010080506, 03, GPCC, 120, 453N,  525W,  68,  356,   ,   0,    ,    0,    0,    0,    0, 
AL, 04, 2010080506, 03, TVCN,  12, 236N,  655W,  68,   46,   ,   0,    ,    0,    0,    0,    0, 
AL, 04, 2010080506, 03, TVCN,  24, 254N,  669W,  68,   71,   ,   0,    ,    0,    0,    0,    0, 
AL, 04, 2010080506, 03, TVCN,  36, 272N,  675W,  68,   93,   ,   0,    ,    0,    0,    0,    0, 
AL, 04, 2010080506, 03, TVCN,  48, 291N,  673W,  68,  106,   ,   0,    ,    0,    0,    0,    0, 
AL, 04, 2010080506, 03, TVCN,  72, 333N,  657W,  68,  158,   ,   0,    ,    0,    0,    0,    0, 
AL, 04, 2010080506, 03, TVCN,  96, 389N,  615W,  68,  262,   ,   0,    ,    0,    0,    0,    0, 
AL, 04, 2010080506, 03, TVCN, 120, 453N,  525W,  68,  414,   ,   0,    ,    0,    0,    0,    0, 
AL, 04, 2010080506, 03, TVCX,   0, 217N,  634W,  70,    0,   ,  51, AAA,    0,    0,    0,    0, 
AL, 04, 2010080506, 03, TVCX,  12, 236N,  654W,  70,   43,   ,  43, AAA,   40,   48,    2,    0, 
AL, 04, 2010080506, 03, TVCX,  24, 254N,  668W,  70,   73,   ,  26, AAA,   61,   89,    5,   -1, 
AL, 04, 2010080506, 03, TVCX,  36, 272N,  672W,  70,   95,   ,  12, AAA,   73,  125,    8,   -5, 
AL, 04, 2010080506, 03, TVCX,  48, 290N,  669W,  70,  112,   , 351, AAA,   91,  138,   13,  -10, 
AL, 04, 2010080506, 03, TVCX,  72, 330N,  651W,  70,  172,   , 332, AAA,  141,  212,   20,  -19, 
AL, 04, 2010080506, 03, TVCX,  96, 383N,  607W,  70,  265,   , 314, AAA,  188,  376,   18,  -32, 
AL, 04, 2010080506, 03, TVCX, 120, 444N,  518W,  70,  360,   , 299, AAA,  231,  563,    0,  -65, 
AL, 04, 2010080512, 03, GPCC,  12, 247N,  665W,  68,   36,   ,   0,    ,    0,    0,    0,    0, 
AL, 04, 2010080512, 03, GPCC,  24, 264N,  674W,  68,   72,   ,   0,    ,    0,    0,    0,    0, 
AL, 04, 2010080512, 03, GPCC,  36, 281N,  674W,  68,  100,   ,   0,    ,    0,    0,    0,    0, 
AL, 04, 2010080512, 03, GPCC,  48, 300N,  672W,  68,  129,   ,   0,    ,    0,    0,    0,    0, 
AL, 04, 2010080512, 03, GPCC,  72, 346N,  659W,  68,  192,   ,   0,    ,    0,    0,    0,    0, 
AL, 04, 2010080512, 03, GPCC,  96, 416N,  598W,  68,  266,   ,   0,    ,    0,    0,    0,    0, 
AL, 04, 2010080512, 03, GPCC, 120, 483N,  471W,  68,  356,   ,   0,    ,    0,    0,    0,    0, 
AL, 04, 2010080512, 03, TVCN,  12, 247N,  665W,  68,   41,   ,   0,    ,    0,    0,    0,    0, 
AL, 04, 2010080512, 03, TVCN,  24, 264N,  674W,  68,   69,   ,   0,    ,    0,    0,    0,    0, 
AL, 04, 2010080512, 03, TVCN,  36, 281N,  674W,  68,   92,   ,   0,    ,    0,    0,    0,    0, 
AL, 04, 2010080512, 03, TVCN,  48, 300N,  672W,  68,  110,   ,   0,    ,    0,    0,    0,    0, 
AL, 04, 2010080512, 03, TVCN,  72, 346N,  659W,  68,  170,   ,   0,    ,    0,    0,    0,    0, 
AL, 04, 2010080512, 03, TVCN,  96, 416N,  598W,  68,  244,   ,   0,    ,    0,    0,    0,    0, 
AL, 04, 2010080512, 03, TVCN, 120, 483N,  471W,  68,  348,   ,   0,    ,    0,    0,    0,    0, 
AL, 04, 2010080512, 03, TVCX,   0, 230N,  650W,  70,    0,   ,  47, AAA,    0,    0,    0,    0, 
AL, 04, 2010080512, 03, TVCX,  12, 247N,  665W,  70,   43,   ,  33, AAA,   35,   53,    2,    0, 
AL, 04, 2010080512, 03, TVCX,  24, 264N,  673W,  70,   71,   ,   6, AAA,   60,   84,    5,   -1, 
AL, 04, 2010080512, 03, TVCX,  36, 281N,  672W,  70,   93,   , 355, AAA,   73,  120,    8,   -5, 
AL, 04, 2010080512, 03, TVCX,  48, 300N,  668W,  70,  113,   , 353, AAA,   99,  129,   13,  -10, 
AL, 04, 2010080512, 03, TVCX,  72, 344N,  652W,  70,  177,   , 334, AAA,  151,  209,   20,  -19, 
AL, 04, 2010080512, 03, TVCX,  96, 410N,  591W,  70,  243,   , 307, AAA,  193,  308,   18,  -32, 
AL, 04, 2010080512, 03, TVCX, 120, 473N,  465W,  70,  318,   , 293, AAA,  205,  495,    0,  -65, 
AL, 04, 2010080518, 03, GPCC,  12, 263N,  669W,  68,   36,   ,   0,    ,    0,    0,    0,    0, 
AL, 04, 2010080518, 03, GPCC,  24, 280N,  672W,  68,   72,   ,   0,    ,    0,    0,    0,    0, 
AL, 04, 2010080518, 03, GPCC,  36, 297N,  669W,  68,  100,   ,   0,    ,    0,    0,    0,    0, 
AL, 04, 2010080518, 03, GPCC,  48, 315N,  665W,  68,  129,   ,   0,    ,    0,    0,    0,    0, 
AL, 04, 2010080518, 03, GPCC,  72, 361N,  642W,  68,  192,   ,   0,    ,    0,    0,    0,    0, 
AL, 04, 2010080518, 03, GPCC,  96, 410N,  586W,  68,  266,   ,   0,    ,    0,    0,    0,    0, 
AL, 04, 2010080518, 03, GPCC, 120, 470N,  491W,  68,  356,   ,   0,    ,    0,    0,    0,    0, 
AL, 04, 2010080518, 03, TVCN,  12, 263N,  669W,  68,   48,   ,   0,    ,    0,    0,    0,    0, 
AL, 04, 2010080518, 03, TVCN,  24, 280N,  672W,  68,   77,   ,   0,    ,    0,    0,    0,    0, 
AL, 04, 2010080518, 03, TVCN,  36, 297N,  669W,  68,  101,   ,   0,    ,    0,    0,    0,    0, 
AL, 04, 2010080518, 03, TVCN,  48, 315N,  665W,  68,  118,   ,   0,    ,    0,    0,    0,    0, 
AL, 04, 2010080518, 03, TVCN,  72, 361N,  642W,  68,  187,   ,   0,    ,    0,    0,    0,    0, 
AL, 04, 2010080518, 03, TVCN,  96, 410N,  586W,  68,  395,   ,   0,    ,    0,    0,    0,    0, 
AL, 04, 2010080518, 03, TVCN, 120, 470N,  491W,  68,  526,   ,   0,    ,    0,    0,    0,    0, 
AL, 04, 2010080518, 03, TVCX,   0, 244N,  658W,  70,    0,   ,  36, AAA,    0,    0,    0,    0, 
AL, 04, 2010080518, 03, TVCX,  12, 263N,  668W,  70,   46,   ,  11, AAA,   42,   51,    2,    0, 
AL, 04, 2010080518, 03, TVCX,  24, 281N,  671W,  70,   71,   ,  63, AAA,   67,   76,    5,   -1, 
AL, 04, 2010080518, 03, TVCX,  36, 297N,  667W,  70,   95,   , 345, AAA,   82,  111,    8,   -5, 
AL, 04, 2010080518, 03, TVCX,  48, 315N,  660W,  70,  120,   , 343, AAA,  100,  144,   13,  -10, 
AL, 04, 2010080518, 03, TVCX,  72, 357N,  635W,  70,  192,   , 325, AAA,  140,  265,   20,  -19, 
AL, 04, 2010080518, 03, TVCX,  96, 403N,  580W,  70,  327,   , 302, AAA,  173,  622,   18,  -32, 
AL, 04, 2010080518, 03, TVCX, 120, 461N,  483W,  70,  390,   , 300, AAA,  245,  624,    0,  -65, 
AL, 04, 2010080600, 03, GPCC,  12, 274N,  667W,  68,   36,   ,   0,    ,    0,    0,    0,    0, 
AL, 04, 2010080600, 03, GPCC,  24, 290N,  666W,  68,   72,   ,   0,    ,    0,    0,    0,    0, 
AL, 04, 2010080600, 03, GPCC,  36, 305N,  661W,  68,  100,   ,   0,    ,    0,    0,    0,    0, 
AL, 04, 2010080600, 03, GPCC,  48, 320N,  656W,  68,  129,   ,   0,    ,    0,    0,    0,    0, 
AL, 04, 2010080600, 03, GPCC,  72, 367N,  631W,  68,  192,   ,   0,    ,    0,    0,    0,    0, 
AL, 04, 2010080600, 03, GPCC,  96, 430N,  563W,  68,  266,   ,   0,    ,    0,    0,    0,    0, 
AL, 04, 2010080600, 03, GPCC, 120, 516N,  432W,  68,  356,   ,   0,    ,    0,    0,    0,    0, 
AL, 04, 2010080600, 03, TVCN,  12, 274N,  667W,  68,   43,   ,   0,    ,    0,    0,    0,    0, 
AL, 04, 2010080600, 03, TVCN,  24, 290N,  666W,  68,   69,   ,   0,    ,    0,    0,    0,    0, 
AL, 04, 2010080600, 03, TVCN,  36, 305N,  661W,  68,   95,   ,   0,    ,    0,    0,    0,    0, 
AL, 04, 2010080600, 03, TVCN,  48, 320N,  656W,  68,  119,   ,   0,    ,    0,    0,    0,    0, 
AL, 04, 2010080600, 03, TVCN,  72, 367N,  631W,  68,  196,   ,   0,    ,    0,    0,    0,    0, 
AL, 04, 2010080600, 03, TVCN,  96, 430N,  563W,  68,  306,   ,   0,    ,    0,    0,    0,    0, 
AL, 04, 2010080600, 03, TVCN, 120, 516N,  432W,  68,  263,   ,   0,    ,    0,    0,    0,    0, 
AL, 04, 2010080600, 03, TVCX,   0, 256N,  663W,  70,    0,   ,  19, AAA,    0,    0,    0,    0, 
AL, 04, 2010080600, 03, TVCX,  12, 274N,  667W,  70,   42,   ,  13, AAA,   38,   48,    2,    0, 
AL, 04, 2010080600, 03, TVCX,  24, 289N,  665W,  70,   68,   , 351, AAA,   64,   73,    5,   -1, 
AL, 04, 2010080600, 03, TVCX,  36, 304N,  659W,  70,   92,   , 342, AAA,   80,  108,    8,   -5, 
AL, 04, 2010080600, 03, TVCX,  48, 319N,  652W,  70,  121,   , 339, AAA,   96,  154,   13,  -10, 
AL, 04, 2010080600, 03, TVCX,  72, 363N,  624W,  70,  198,   , 324, AAA,  140,  281,   20,  -19, 
AL, 04, 2010080600, 03, TVCX,  96, 424N,  556W,  70,  271,   , 307, AAA,  192,  384,   18,  -32, 
AL, 04, 2010080600, 03, TVCX, 120, 507N,  423W,  70,  234,   , 302, AAA,  258,  212,    0,  -65, 
AL, 04, 2010080606, 03, GPCC,  12, 282N,  672W,  68,   36,   ,   0,    ,    0,    0,    0,    0, 
AL, 04, 2010080606, 03, GPCC,  24, 299N,  667W,  68,   72,   ,   0,    ,    0,    0,    0,    0, 
AL, 04, 2010080606, 03, GPCC,  36, 317N,  660W,  68,  100,   ,   0,    ,    0,    0,    0,    0, 
AL, 04, 2010080606, 03, GPCC,  48, 338N,  651W,  68,  129,   ,   0,    ,    0,    0,    0,    0, 
AL, 04, 2010080606, 03, GPCC,  72, 399N,  605W,  68,  192,   ,   0,    ,    0,    0,    0,    0, 
AL, 04, 2010080606, 03, GPCC,  96, 444N,  534W,  68,  266,   ,   0,    ,    0,    0,    0,    0, 
AL, 04, 2010080606, 03, GPCC, 120, 514N,  390W,  68,  356,   ,   0,    ,    0,    0,    0,    0, 
AL, 04, 2010080606, 03, TCON,  12, 281N,  671W,  68,   53,   ,   0,    ,    0,    0,    0,    0, 
AL, 04, 2010080606, 03, TCON,  24, 298N,  666W,  68,   79,   ,   0,    ,    0,    0,    0,    0, 
AL, 04, 2010080606, 03, TCON,  36, 316N,  659W,  68,  104,   ,   0,    ,    0,    0,    0,    0, 
AL, 04, 2010080606, 03, TCON,  48, 338N,  651W,  68,  137,   ,   0,    ,    0,    0,    0,    0, 
AL, 04, 2010080606, 03, TCON,  72, 398N,  603W,  68,  270,   ,   0,    ,    0,    0,    0,    0, 
AL, 04, 2010080606, 03, TCOX,   0, 264N,  673W,  70,    0,   , 358, AAA,    0,    0,    0,    0, 
AL, 04, 2010080606, 03, TCOX,  12, 281N,  671W,  70,   47,   , 350, AAA,   41,   55,    2,    0, 
AL, 04, 2010080606, 03, TCOX,  24, 298N,  665W,  70,   77,   , 342, AAA,   66,   91,    5,   -1, 
AL, 04, 2010080606, 03, TCOX,  36, 316N,  657W,  70,  102,   , 340, AAA,   78,  134,    8,   -5, 
AL, 04, 2010080606, 03, TCOX,  48, 336N,  646W,  70,  133,   , 334, AAA,   92,  192,   13,  -10, 
AL, 04, 2010080606, 03, TCOX,  72, 404N,  603W,  70,  201,   ,  92, AAA,  183,  223,   20,  -19, 
AL, 04, 2010080606, 03, TVCN,  12, 282N,  672W,  68,   48,   ,   0,    ,    0,    0,    0,    0, 
AL, 04, 2010080606, 03, TVCN,  24, 299N,  667W,  68,   75,   ,   0,    ,    0,    0,    0,    0, 
AL, 04, 2010080606, 03, TVCN,  36, 317N,  660W,  68,   99,   ,   0,    ,    0,    0,    0,    0, 
AL, 04, 2010080606, 03, TVCN,  48, 338N,  651W,  68,  125,   ,   0,    ,    0,    0,    0,    0, 
AL, 04, 2010080606, 03, TVCN,  72, 399N,  605W,  68,  249,   ,   0,    ,    0,    0,    0,    0, 
AL, 04, 2010080606, 03, TVCN,  96, 444N,  534W,  68,  409,   ,   0,    ,    0,    0,    0,    0, 
AL, 04, 2010080606, 03, TVCN, 120, 514N,  390W,  68,  453,   ,   0,    ,    0,    0,    0,    0, 
AL, 04, 2010080606, 03, TVCX,   0, 264N,  673W,  70,    0,   ,   0, AAA,    0,    0,    0,    0, 
AL, 04, 2010080606, 03, TVCX,  12, 282N,  671W,  70,   45,   , 353, AAA,   41,   51,    2,    0, 
AL, 04, 2010080606, 03, TVCX,  24, 299N,  666W,  70,   72,   , 342, AAA,   64,   83,    5,   -1, 
AL, 04, 2010080606, 03, TVCX,  36, 316N,  658W,  70,   97,   , 339, AAA,   76,  125,    8,   -5, 
AL, 04, 2010080606, 03, TVCX,  48, 336N,  647W,  70,  129,   , 334, AAA,   89,  190,   13,  -10, 
AL, 04, 2010080606, 03, TVCX,  72, 395N,  599W,  70,  223,   , 310, AAA,  138,  363,   20,  -19, 
AL, 04, 2010080606, 03, TVCX,  96, 436N,  528W,  70,  320,   , 299, AAA,  178,  576,   18,  -32, 
AL, 04, 2010080606, 03, TVCX, 120, 504N,  383W,  70,  323,   , 294, AAA,  309,  338,    0,  -65, 
AL, 04, 2010080612, 03, GPCC,  12, 287N,  666W,  68,   36,   ,   0,    ,    0,    0,    0,    0, 
AL, 04, 2010080612, 03, GPCC,  24, 304N,  657W,  68,   72,   ,   0,    ,    0,    0,    0,    0, 
AL, 04, 2010080612, 03, GPCC,  36, 324N,  647W,  68,  100,   ,   0,    ,    0,    0,    0,    0, 
AL, 04, 2010080612, 03, GPCC,  48, 347N,  634W,  68,  129,   ,   0,    ,    0,    0,    0,    0, 
AL, 04, 2010080612, 03, GPCC,  72, 407N,  581W,  68,  192,   ,   0,    ,    0,    0,    0,    0, 
AL, 04, 2010080612, 03, GPCC,  96, 475N,  484W,  68,  266,   ,   0,    ,    0,    0,    0,    0, 
AL, 04, 2010080612, 03, GPCC, 120, 543N,  363W,  68,  356,   ,   0,    ,    0,    0,    0,    0, 
AL, 04, 2010080612, 03, TCON,  12, 287N,  665W,  68,   47,   ,   0,    ,    0,    0,    0,    0, 
AL, 04, 2010080612, 03, TCON,  24, 304N,  655W,  68,   72,   ,   0,    ,    0,    0,    0,    0, 
AL, 04, 2010080612, 03, TCON,  36, 323N,  645W,  68,  103,   ,   0,    ,    0,    0,    0,    0, 
AL, 04, 2010080612, 03, TCON,  48, 346N,  632W,  68,  147,   ,   0,    ,    0,    0,    0,    0, 
AL, 04, 2010080612, 03, TCON,  72, 406N,  579W,  68,  298,   ,   0,    ,    0,    0,    0,    0, 
AL, 04, 2010080612, 03, TCOX,   0, 269N,  671W,  70,    0,   , 346, AAA,    0,    0,    0,    0, 
AL, 04, 2010080612, 03, TCOX,  12, 286N,  665W,  70,   43,   , 336, AAA,   42,   44,    2,    0, 
AL, 04, 2010080612, 03, TCOX,  24, 303N,  654W,  70,   72,   , 331, AAA,   66,   81,    5,   -1, 
AL, 04, 2010080612, 03, TCOX,  36, 322N,  642W,  70,  102,   , 331, AAA,   74,  141,    8,   -5, 
AL, 04, 2010080612, 03, TCOX,  48, 344N,  628W,  70,  137,   , 328, AAA,   89,  213,   13,  -10, 
AL, 04, 2010080612, 03, TCOX,  72, 413N,  579W,  70,  210,   ,  92, AAA,  194,  228,   20,  -19, 
AL, 04, 2010080612, 03, TVCN,  12, 287N,  666W,  68,   44,   ,   0,    ,    0,    0,    0,    0, 
AL, 04, 2010080612, 03, TVCN,  24, 304N,  657W,  68,   73,   ,   0,    ,    0,    0,    0,    0, 
AL, 04, 2010080612, 03, TVCN,  36, 324N,  647W,  68,  103,   ,   0,    ,    0,    0,    0,    0, 
AL, 04, 2010080612, 03, TVCN,  48, 347N,  634W,  68,  140,   ,   0,    ,    0,    0,    0,    0, 
AL, 04, 2010080612, 03, TVCN,  72, 407N,  581W,  68,  271,   ,   0,    ,    0,    0,    0,    0, 
AL, 04, 2010080612, 03, TVCN,  96, 475N,  484W,  68,  444,   ,   0,    ,    0,    0,    0,    0, 
AL, 04, 2010080612, 03, TVCN, 120, 543N,  363W,  68,  458,   ,   0,    ,    0,    0,    0,    0, 
AL, 04, 2010080612, 03, TVCX,   0, 269N,  671W,  70,    0,   , 350, AAA,    0,    0,    0,    0, 
AL, 04, 2010080612, 03, TVCX,  12, 287N,  666W,  70,   41,   , 339, AAA,   41,   42,    2,    0, 
AL, 04, 2010080612, 03, TVCX,  24, 304N,  656W,  70,   71,   , 332, AAA,   66,   77,    5,   -1, 
AL, 04, 2010080612, 03, TVCX,  36, 323N,  644W,  70,  101,   , 332, AAA,   76,  134,    8,   -5, 
AL, 04, 2010080612, 03, TVCX,  48, 345N,  630W,  70,  138,   , 328, AAA,   90,  212,   13,  -10, 
AL, 04, 2010080612, 03, TVCX,  72, 402N,  575W,  70,  232,   , 310, AAA,  144,  376,   20,  -19, 
AL, 04, 2010080612, 03, TVCX,  96, 469N,  477W,  70,  329,   , 305, AAA,  194,  557,   18,  -32, 
AL, 04, 2010080612, 03, TVCX, 120, 533N,  357W,  70,  310,   , 289, AAA,  243,  397,    0,  -65, 
AL, 04, 2010080618, 03, GPCC,  12, 294N,  664W,  68,   36,   ,   0,    ,    0,    0,    0,    0, 
AL, 04, 2010080618, 03, GPCC,  24, 309N,  656W,  68,   72,   ,   0,    ,    0,    0,    0,    0, 
AL, 04, 2010080618, 03, GPCC,  36, 326N,  651W,  68,  100,   ,   0,    ,    0,    0,    0,    0, 
AL, 04, 2010080618, 03, GPCC,  48, 349N,  644W,  68,  129,   ,   0,    ,    0,    0,    0,    0, 
AL, 04, 2010080618, 03, GPCC,  72, 408N,  595W,  68,  192,   ,   0,    ,    0,    0,    0,    0, 
AL, 04, 2010080618, 03, GPCC,  96, 465N,  499W,  68,  266,   ,   0,    ,    0,    0,    0,    0, 
AL, 04, 2010080618, 03, GPCC, 120, 533N,  417W,  68,  356,   ,   0,    ,    0,    0,    0,    0, 
AL, 04, 2010080618, 03, TCON,  12, 293N,  663W,  68,   43,   ,   0,    ,    0,    0,    0,    0, 
AL, 04, 2010080618, 03, TCON,  24, 309N,  656W,  68,   65,   ,   0,    ,    0,    0,    0,    0, 
AL, 04, 2010080618, 03, TCON,  36, 326N,  651W,  68,   93,   ,   0,    ,    0,    0,    0,    0, 
AL, 04, 2010080618, 03, TCON,  48, 348N,  644W,  68,  122,   ,   0,    ,    0,    0,    0,    0, 
AL, 04, 2010080618, 03, TCON,  72, 408N,  597W,  68,  236,   ,   0,    ,    0,    0,    0,    0, 
AL, 04, 2010080618, 03, TCOX,   0, 279N,  669W,  70,    0,   , 339, AAA,    0,    0,    0,    0, 
AL, 04, 2010080618, 03, TCOX,  12, 293N,  663W,  70,   42,   , 336, AAA,   39,   47,    2,    0, 
AL, 04, 2010080618, 03, TCOX,  24, 308N,  655W,  70,   67,   , 339, AAA,   64,   72,    5,   -1, 
AL, 04, 2010080618, 03, TCOX,  36, 326N,  648W,  70,   90,   , 344, AAA,   78,  106,    8,   -5, 
AL, 04, 2010080618, 03, TCOX,  48, 347N,  639W,  70,  118,   , 340, AAA,   92,  153,   13,  -10, 
AL, 04, 2010080618, 03, TCOX,  72, 414N,  597W,  70,  181,   ,  92, AAA,  163,  202,   20,  -19, 
AL, 04, 2010080618, 03, TVCN,  12, 294N,  664W,  68,   42,   ,   0,    ,    0,    0,    0,    0, 
AL, 04, 2010080618, 03, TVCN,  24, 309N,  656W,  68,   65,   ,   0,    ,    0,    0,    0,    0, 
AL, 04, 2010080618, 03, TVCN,  36, 326N,  651W,  68,   91,   ,   0,    ,    0,    0,    0,    0, 
AL, 04, 2010080618, 03, TVCN,  48, 349N,  644W,  68,  111,   ,   0,    ,    0,    0,    0,    0, 
AL, 04, 2010080618, 03, TVCN,  72, 408N,  595W,  68,  198,   ,   0,    ,    0,    0,    0,    0, 
AL, 04, 2010080618, 03, TVCN,  96, 465N,  499W,  68,  269,   ,   0,    ,    0,    0,    0,    0, 
AL, 04, 2010080618, 03, TVCN, 120, 533N,  417W,  68,  245,   ,   0,    ,    0,    0,    0,    0, 
AL, 04, 2010080618, 03, TVCX,   0, 279N,  669W,  70,    0,   , 344, AAA,    0,    0,    0,    0, 
AL, 04, 2010080618, 03, TVCX,  12, 294N,  663W,  70,   41,   , 338, AAA,   39,   45,    2,    0, 
AL, 04, 2010080618, 03, TVCX,  24, 309N,  656W,  70,   65,   , 338, AAA,   63,   68,    5,   -1, 
AL, 04, 2010080618, 03, TVCX,  36, 326N,  648W,  70,   87,   , 342, AAA,   78,   99,    8,   -5, 
AL, 04, 2010080618, 03, TVCX,  48, 347N,  639W,  70,  114,   , 338, AAA,   92,  141,   13,  -10, 
AL, 04, 2010080618, 03, TVCX,  72, 402N,  589W,  70,  189,   , 308, AAA,  141,  253,   20,  -19, 
AL, 04, 2010080618, 03, TVCX,  96, 457N,  493W,  70,  238,   , 300, AAA,  180,  316,   18,  -32, 
AL, 04, 2010080618, 03, TVCX, 120, 532N,  399W,  70,  219,   , 355, AAA,  263,  183,    0,  -65, 
AL, 04, 2010080700, 03, GPCC,  12, 302N,  659W,  68,   36,   ,   0,    ,    0,    0,    0,    0, 
AL, 04, 2010080700, 03, GPCC,  24, 317N,  652W,  68,   72,   ,   0,    ,    0,    0,    0,    0, 
AL, 04, 2010080700, 03, GPCC,  36, 336N,  645W,  68,  100,   ,   0,    ,    0,    0,    0,    0, 
AL, 04, 2010080700, 03, GPCC,  48, 361N,  635W,  68,  129,   ,   0,    ,    0,    0,    0,    0, 
AL, 04, 2010080700, 03, GPCC,  72, 424N,  572W,  68,  192,   ,   0,    ,    0,    0,    0,    0, 
AL, 04, 2010080700, 03, GPCC,  96, 492N,  463W,  68,  266,   ,   0,    ,    0,    0,    0,    0, 
AL, 04, 2010080700, 03, GPCC, 120, 555N,  360W,  68,  356,   ,   0,    ,    0,    0,    0,    0, 
AL, 04, 2010080700, 03, TCON,  12, 301N,  659W,  68,   42,   ,   0,    ,    0,    0,    0,    0, 
AL, 04, 2010080700, 03, TCON,  24, 316N,  653W,  68,   69,   ,   0,    ,    0,    0,    0,    0, 
AL, 04, 2010080700, 03, TCON,  36, 336N,  648W,  68,  102,   ,   0,    ,    0,    0,    0,    0, 
AL, 04, 2010080700, 03, TCON,  48, 361N,  639W,  68,  143,   ,   0,    ,    0,    0,    0,    0, 
AL, 04, 2010080700, 03, TCON,  72, 423N,  579W,  68,  263,   ,   0,    ,    0,    0,    0,    0, 
AL, 04, 2010080700, 03, TCOX,   0, 287N,  666W,  70,    0,   , 333, AAA,    0,    0,    0,    0, 
AL, 04, 2010080700, 03, TCOX,  12, 301N,  659W,  70,   42,   , 336, AAA,   39,   45,    2,    0, 
AL, 04, 2010080700, 03, TCOX,  24, 316N,  652W,  70,   72,   , 342, AAA,   63,   84,    5,   -1, 
AL, 04, 2010080700, 03, TCOX,  36, 335N,  645W,  70,  101,   , 344, AAA,   76,  137,    8,   -5, 
AL, 04, 2010080700, 03, TCOX,  48, 359N,  635W,  70,  136,   , 335, AAA,   96,  192,   13,  -10, 
AL, 04, 2010080700, 03, TCOX,  72, 418N,  573W,  70,  208,   , 310, AAA,  147,  296,   20,  -19, 
AL, 04, 2010080700, 03, TVCN,  12, 302N,  659W,  68,   40,   ,   0,    ,    0,    0,    0,    0, 
AL, 04, 2010080700, 03, TVCN,  24, 317N,  652W,  68,   69,   ,   0,    ,    0,    0,    0,    0, 
AL, 04, 2010080700, 03, TVCN,  36, 336N,  645W,  68,  100,   ,   0,    ,    0,    0,    0,    0, 
AL, 04, 2010080700, 03, TVCN,  48, 361N,  635W,  68,  134,   ,   0,    ,    0,    0,    0,    0, 
AL, 04, 2010080700, 03, TVCN,  72, 424N,  572W,  68,  229,   ,   0,    ,    0,    0,    0,    0, 
AL, 04, 2010080700, 03, TVCN,  96, 492N,  463W,  68,  313,   ,   0,    ,    0,    0,    0,    0, 
AL, 04, 2010080700, 03, TVCN, 120, 555N,  360W,  68,  403,   ,   0,    ,    0,    0,    0,    0, 
AL, 04, 2010080700, 03, TVCX,   0, 287N,  666W,  70,    0,   , 335, AAA,    0,    0,    0,    0, 
AL, 04, 2010080700, 03, TVCX,  12, 301N,  659W,  70,   41,   , 334, AAA,   37,   46,    2,    0, 
AL, 04, 2010080700, 03, TVCX,  24, 317N,  651W,  70,   70,   , 338, AAA,   61,   81,    5,   -1, 
AL, 04, 2010080700, 03, TVCX,  36, 336N,  643W,  70,   99,   , 341, AAA,   74,  133,    8,   -5, 
AL, 04, 2010080700, 03, TVCX,  48, 360N,  631W,  70,  132,   , 332, AAA,   96,  183,   13,  -10, 
AL, 04, 2010080700, 03, TVCX,  72, 418N,  567W,  70,  204,   , 307, AAA,  146,  288,   20,  -19, 
AL, 04, 2010080700, 03, TVCX,  96, 484N,  456W,  70,  255,   , 300, AAA,  191,  341,   18,  -32, 
AL, 04, 2010080700, 03, TVCX, 120, 545N,  353W,  70,  288,   , 292, AAA,  249,  334,    0,  -65, 
AL, 04, 2010080706, 03, GPCC,  12, 306N,  657W,  68,   36,   ,   0,    ,    0,    0,    0,    0, 
AL, 04, 2010080706, 03, GPCC,  24, 325N,  650W,  68,   72,   ,   0,    ,    0,    0,    0,    0, 
AL, 04, 2010080706, 03, GPCC,  36, 351N,  639W,  68,  100,   ,   0,    ,    0,    0,    0,    0, 
AL, 04, 2010080706, 03, GPCC,  48, 382N,  620W,  68,  129,   ,   0,    ,    0,    0,    0,    0, 
AL, 04, 2010080706, 03, GPCC,  72, 453N,  530W,  68,  192,   ,   0,    ,    0,    0,    0,    0, 
AL, 04, 2010080706, 03, GPCC,  96, 526N,  418W,  68,  266,   ,   0,    ,    0,    0,    0,    0, 
AL, 04, 2010080706, 03, GPCC, 120, 602N,  318W,  68,  356,   ,   0,    ,    0,    0,    0,    0, 
AL, 04, 2010080706, 03, TCON,  12, 306N,  657W,  68,   42,   ,   0,    ,    0,    0,    0,    0, 
AL, 04, 2010080706, 03, TCON,  24, 325N,  650W,  68,   69,   ,   0,    ,    0,    0,    0,    0, 
AL, 04, 2010080706, 03, TCON,  36, 350N,  641W,  68,  103,   ,   0,    ,    0,    0,    0,    0, 
AL, 04, 2010080706, 03, TCON,  48, 382N,  623W,  68,  147,   ,   0,    ,    0,    0,    0,    0, 
AL, 04, 2010080706, 03, TCOX,   0, 289N,  666W,  70,    0,   , 328, AAA,    0,    0,    0,    0, 
AL, 04, 2010080706, 03, TCOX,  12, 306N,  657W,  70,   41,   , 336, AAA,   39,   45,    2,    0, 
AL, 04, 2010080706, 03, TCOX,  24, 325N,  649W,  70,   72,   , 341, AAA,   61,   87,    5,   -1, 
AL, 04, 2010080706, 03, TCOX,  36, 350N,  639W,  70,  103,   , 337, AAA,   74,  144,    8,   -5, 
AL, 04, 2010080706, 03, TCOX,  48, 380N,  619W,  70,  136,   , 329, AAA,   96,  195,   13,  -10, 
AL, 04, 2010080706, 03, TVCN,  12, 306N,  657W,  68,   40,   ,   0,    ,    0,    0,    0,    0, 
AL, 04, 2010080706, 03, TVCN,  24, 325N,  650W,  68,   67,   ,   0,    ,    0,    0,    0,    0, 
AL, 04, 2010080706, 03, TVCN,  36, 351N,  639W,  68,   99,   ,   0,    ,    0,    0,    0,    0, 
AL, 04, 2010080706, 03, TVCN,  48, 382N,  620W,  68,  134,   ,   0,    ,    0,    0,    0,    0, 
AL, 04, 2010080706, 03, TVCN,  72, 453N,  530W,  68,  201,   ,   0,    ,    0,    0,    0,    0, 
AL, 04, 2010080706, 03, TVCN,  96, 526N,  418W,  68,  264,   ,   0,    ,    0,    0,    0,    0, 
AL, 04, 2010080706, 03, TVCN, 120, 602N,  318W,  68,  421,   ,   0,    ,    0,    0,    0,    0, 
AL, 04, 2010080706, 03, TVCX,   0, 289N,  666W,  70,    0,   , 330, AAA,    0,    0,    0,    0, 
AL, 04, 2010080706, 03, TVCX,  12, 306N,  657W,  70,   40,   , 336, AAA,   38,   44,    2,    0, 
AL, 04, 2010080706, 03, TVCX,  24, 325N,  649W,  70,   70,   , 339, AAA,   59,   83,    5,   -1, 
AL, 04, 2010080706, 03, TVCX,  36, 350N,  637W,  70,  100,   , 334, AAA,   73,  139,    8,   -5, 
AL, 04, 2010080706, 03, TVCX,  48, 379N,  615W,  70,  132,   , 322, AAA,   91,  193,   13,  -10, 
AL, 04, 2010080706, 03, TVCX,  72, 447N,  526W,  70,  176,   , 303, AAA,  146,  213,   20,  -19, 
AL, 04, 2010080706, 03, TVCX,  96, 520N,  410W,  70,  225,   , 306, AAA,  170,  301,   18,  -32, 
AL, 04, 2010080706, 03, TVCX, 120, 593N,  306W,  70,  287,   , 305, AAA,  348,  237,    0,  -65, 
AL, 04, 2010080712, 03, GPCC,  12, 310N,  659W,  68,   36,   ,   0,    ,    0,    0,    0,    0, 
AL, 04, 2010080712, 03, GPCC,  24, 332N,  652W,  68,   72,   ,   0,    ,    0,    0,    0,    0, 
AL, 04, 2010080712, 03, GPCC,  36, 360N,  640W,  68,  100,   ,   0,    ,    0,    0,    0,    0, 
AL, 04, 2010080712, 03, GPCC,  48, 393N,  614W,  68,  129,   ,   0,    ,    0,    0,    0,    0, 
AL, 04, 2010080712, 03, GPCC,  72, 457N,  506W,  68,  192,   ,   0,    ,    0,    0,    0,    0, 
AL, 04, 2010080712, 03, GPCC,  96,   0N,    0W,  68,  266,   ,   0,    ,    0,    0,    0,    0, 
AL, 04, 2010080712, 03, GPCC, 120,   0N,    0W,  68,  356,   ,   0,    ,    0,    0,    0,    0, 
AL, 04, 2010080712, 03, TCON,  12, 310N,  659W,  68,   40,   ,   0,    ,    0,    0,    0,    0, 
AL, 04, 2010080712, 03, TCON,  24, 332N,  653W,  68,   66,   ,   0,    ,    0,    0,    0,    0, 
AL, 04, 2010080712, 03, TCON,  36, 361N,  641W,  68,  100,   ,   0,    ,    0,    0,    0,    0, 
AL, 04, 2010080712, 03, TCON,  48, 395N,  616W,  68,  137,   ,   0,    ,    0,    0,    0,    0, 
AL, 04, 2010080712, 03, TCOX,   0, 292N,  665W,  70,    0,   , 340, AAA,    0,    0,    0,    0, 
AL, 04, 2010080712, 03, TCOX,  12, 310N,  659W,  70,   41,   , 343, AAA,   38,   45,    2,    0, 
AL, 04, 2010080712, 03, TCOX,  24, 332N,  652W,  70,   69,   , 342, AAA,   62,   78,    5,   -1, 
AL, 04, 2010080712, 03, TCOX,  36, 360N,  639W,  70,   97,   , 332, AAA,   78,  122,    8,   -5, 
AL, 04, 2010080712, 03, TCOX,  48, 392N,  612W,  70,  126,   , 322, AAA,   98,  162,   13,  -10, 
AL, 04, 2010080712, 03, TVCN,  12, 310N,  659W,  68,   39,   ,   0,    ,    0,    0,    0,    0, 
AL, 04, 2010080712, 03, TVCN,  24, 332N,  652W,  68,   66,   ,   0,    ,    0,    0,    0,    0, 
AL, 04, 2010080712, 03, TVCN,  36, 360N,  640W,  68,   97,   ,   0,    ,    0,    0,    0,    0, 
AL, 04, 2010080712, 03, TVCN,  48, 393N,  614W,  68,  119,   ,   0,    ,    0,    0,    0,    0, 
AL, 04, 2010080712, 03, TVCN,  72, 457N,  506W,  68,  130,   ,   0,    ,    0,    0,    0,    0, 
AL, 04, 2010080712, 03, TVCX,   0, 292N,  665W,  70,    0,   , 340, AAA,    0,    0,    0,    0, 
AL, 04, 2010080712, 03, TVCX,  12, 309N,  659W,  70,   40,   , 342, AAA,   37,   44,    2,    0, 
AL, 04, 2010080712, 03, TVCX,  24, 331N,  651W,  70,   67,   , 340, AAA,   62,   73,    5,   -1, 
AL, 04, 2010080712, 03, TVCX,  36, 359N,  637W,  70,   92,   , 330, AAA,   80,  107,    8,   -5, 
AL, 04, 2010080712, 03, TVCX,  48, 390N,  610W,  70,  117,   , 317, AAA,   96,  144,   13,  -10, 
AL, 04, 2010080712, 03, TVCX,  72, 463N,  506W,  70,  112,   ,  92, AAA,  140,   90,   20,  -19, 
AL, 04, 2010080718, 03, GPCC,  12, 304N,  656W,  68,   36,   ,   0,    ,    0,    0,    0,    0, 
AL, 04, 2010080718, 03, GPCC,  24, 323N,  656W,  68,   72,   ,   0,    ,    0,    0,    0,    0, 
AL, 04, 2010080718, 03, GPCC,  36, 351N,  651W,  68,  100,   ,   0,    ,    0,    0,    0,    0, 
AL, 04, 2010080718, 03, GPCC,  48, 385N,  629W,  68,  129,   ,   0,    ,    0,    0,    0,    0, 
AL, 04, 2010080718, 03, GPCC,  72,   0N,    0W,  68,  192,   ,   0,    ,    0,    0,    0,    0, 
AL, 04, 2010080718, 03, GPCC,  96,   0N,    0W,  68,  266,   ,   0,    ,    0,    0,    0,    0, 
AL, 04, 2010080718, 03, GPCC, 120,   0N,    0W,  68,  356,   ,   0,    ,    0,    0,    0,    0, 
AL, 04, 2010080718, 03, TCON,  12, 304N,  656W,  68,   43,   ,   0,    ,    0,    0,    0,    0, 
AL, 04, 2010080718, 03, TCON,  24, 323N,  656W,  68,   67,   ,   0,    ,    0,    0,    0,    0, 
AL, 04, 2010080718, 03, TCON,  36, 350N,  650W,  68,   96,   ,   0,    ,    0,    0,    0,    0, 
AL, 04, 2010080718, 03, TCON,  48, 385N,  629W,  68,  140,   ,   0,    ,    0,    0,    0,    0, 
AL, 04, 2010080718, 03, TCOX,   0, 291N,  658W,  70,    0,   , 341, AAA,    0,    0,    0,    0, 
AL, 04, 2010080718, 03, TCOX,  12, 304N,  655W,  70,   43,   , 359, AAA,   39,   48,    2,    0, 
AL, 04, 2010080718, 03, TCOX,  24, 323N,  655W,  70,   71,   , 359, AAA,   62,   83,    5,   -1, 
AL, 04, 2010080718, 03, TCOX,  36, 350N,  648W,  70,   97,   , 346, AAA,   75,  128,    8,   -5, 
AL, 04, 2010080718, 03, TCOX,  48, 389N,  629W,  70,  120,   ,  92, AAA,  116,  126,   13,  -10, 
AL, 04, 2010080718, 03, TVCN,  12, 304N,  656W,  68,   42,   ,   0,    ,    0,    0,    0,    0, 
AL, 04, 2010080718, 03, TVCN,  24, 323N,  656W,  68,   67,   ,   0,    ,    0,    0,    0,    0, 
AL, 04, 2010080718, 03, TVCN,  36, 351N,  651W,  68,   94,   ,   0,    ,    0,    0,    0,    0, 
AL, 04, 2010080718, 03, TVCN,  48, 385N,  629W,  68,  125,   ,   0,    ,    0,    0,    0,    0, 
AL, 04, 2010080718, 03, TVCX,   0, 291N,  658W,  70,    0,   , 343, AAA,    0,    0,    0,    0, 
AL, 04, 2010080718, 03, TVCX,  12, 304N,  656W,  70,   42,   , 358, AAA,   39,   46,    2,    0, 
AL, 04, 2010080718, 03, TVCX,  24, 323N,  655W,  70,   69,   , 358, AAA,   61,   79,    5,   -1, 
AL, 04, 2010080718, 03, TVCX,  36, 350N,  648W,  70,   94,   , 343, AAA,   73,  122,    8,   -5, 
AL, 04, 2010080718, 03, TVCX,  48, 383N,  625W,  70,  122,   , 323, AAA,   97,  156,   13,  -10, 
AL, 04, 2010080800, 03, GPCC,  12, 306N,  657W,  68,   36,   ,   0,    ,    0,    0,    0,    0, 
AL, 04, 2010080800, 03, GPCC,  24, 325N,  659W,  68,   72,   ,   0,    ,    0,    0,    0,    0, 
AL, 04, 2010080800, 03, GPCC,  36, 351N,  652W,  68,  100,   ,   0,    ,    0,    0,    0,    0, 
AL, 04, 2010080800, 03, GPCC,  48, 382N,  631W,  68,  129,   ,   0,    ,    0,    0,    0,    0, 
AL, 04, 2010080800, 03, GPCC,  72, 459N,  543W,  68,  192,   ,   0,    ,    0,    0,    0,    0, 
AL, 04, 2010080800, 03, GPCC,  96,   0N,    0W,  68,  266,   ,   0,    ,    0,    0,    0,    0, 
AL, 04, 2010080800, 03, GPCC, 120,   0N,    0W,  68,  356,   ,   0,    ,    0,    0,    0,    0, 
AL, 04, 2010080800, 03, TCON,  12, 306N,  657W,  68,   34,   ,   0,    ,    0,    0,    0,    0, 
AL, 04, 2010080800, 03, TCON,  24, 325N,  660W,  68,   58,   ,   0,    ,    0,    0,    0,    0, 
AL, 04, 2010080800, 03, TCON,  36, 350N,  654W,  68,   83,   ,   0,    ,    0,    0,    0,    0, 
AL, 04, 2010080800, 03, TCON,  48, 380N,  634W,  68,  114,   ,   0,    ,    0,    0,    0,    0, 
AL, 04, 2010080800, 03, TCOX,   0, 295N,  656W,  70,    0,   ,   1, AAA,    0,    0,    0,    0, 
AL, 04, 2010080800, 03, TCOX,  12, 306N,  656W,  70,   38,   ,   7, AAA,   36,   41,    2,    0, 
AL, 04, 2010080800, 03, TCOX,  24, 325N,  659W,  70,   64,   , 337, AAA,   58,   72,    5,   -1, 
AL, 04, 2010080800, 03, TCOX,  36, 350N,  651W,  70,   88,   , 345, AAA,   71,  110,    8,   -5, 
AL, 04, 2010080800, 03, TCOX,  48, 384N,  634W,  70,  105,   ,  92, AAA,  100,  112,   13,  -10, 
AL, 04, 2010080800, 03, TVCN,  12, 306N,  657W,  68,   37,   ,   0,    ,    0,    0,    0,    0, 
AL, 04, 2010080800, 03, TVCN,  24, 325N,  659W,  68,   64,   ,   0,    ,    0,    0,    0,    0, 
AL, 04, 2010080800, 03, TVCN,  36, 351N,  652W,  68,   92,   ,   0,    ,    0,    0,    0,    0, 
AL, 04, 2010080800, 03, TVCN,  48, 382N,  631W,  68,  117,   ,   0,    ,    0,    0,    0,    0, 
AL, 04, 2010080800, 03, TVCN,  72, 459N,  543W,  68,  214,   ,   0,    ,    0,    0,    0,    0, 
AL, 04, 2010080800, 03, TVCX,   0, 295N,  656W,  70,    0,   ,   0, AAA,    0,    0,    0,    0, 
AL, 04, 2010080800, 03, TVCX,  12, 306N,  656W,  70,   39,   ,   6, AAA,   37,   42,    2,    0, 
AL, 04, 2010080800, 03, TVCX,  24, 325N,  658W,  70,   67,   , 345, AAA,   60,   77,    5,   -1, 
AL, 04, 2010080800, 03, TVCX,  36, 350N,  650W,  70,   93,   , 340, AAA,   73,  119,    8,   -5, 
AL, 04, 2010080800, 03, TVCX,  48, 379N,  627W,  70,  117,   , 317, AAA,   93,  150,   13,  -10, 
AL, 04, 2010080800, 03, TVCX,  72, 465N,  543W,  70,  168,   ,  92, AAA,  183,  155,   20,  -19, 
AL, 04, 2010080806, 03, GPCC,  12, 314N,  659W,  68,   36,   ,   0,    ,    0,    0,    0,    0, 
AL, 04, 2010080806, 03, GPCC,  24, 330N,  661W,  68,   72,   ,   0,    ,    0,    0,    0,    0, 
AL, 04, 2010080806, 03, GPCC,  36, 351N,  655W,  68,  100,   ,   0,    ,    0,    0,    0,    0, 
AL, 04, 2010080806, 03, GPCC,  48, 379N,  628W,  68,  129,   ,   0,    ,    0,    0,    0,    0, 
AL, 04, 2010080806, 03, GPCC,  72, 435N,  545W,  68,  192,   ,   0,    ,    0,    0,    0,    0, 
AL, 04, 2010080806, 03, GPCC,  96,   0N,    0W,  68,  266,   ,   0,    ,    0,    0,    0,    0, 
AL, 04, 2010080806, 03, GPCC, 120,   0N,    0W,  68,  356,   ,   0,    ,    0,    0,    0,    0, 
AL, 04, 2010080806, 03, TCON,  12, 314N,  659W,  68,   39,   ,   0,    ,    0,    0,    0,    0, 
AL, 04, 2010080806, 03, TCON,  24, 330N,  662W,  68,   60,   ,   0,    ,    0,    0,    0,    0, 
AL, 04, 2010080806, 03, TCON,  36, 350N,  658W,  68,   88,   ,   0,    ,    0,    0,    0,    0, 
AL, 04, 2010080806, 03, TCOX,   0, 303N,  657W,  70,    0,   ,  12, AAA,    0,    0,    0,    0, 
AL, 04, 2010080806, 03, TCOX,  12, 314N,  659W,  70,   39,   ,  16, AAA,   39,   40,    2,    0, 
AL, 04, 2010080806, 03, TCOX,  24, 330N,  662W,  70,   62,   , 310, AAA,   62,   62,    5,   -1, 
AL, 04, 2010080806, 03, TCOX,  36, 352N,  658W,  70,   85,   ,  92, AAA,   78,   93,    8,   -5, 
AL, 04, 2010080806, 03, TVCN,  12, 314N,  659W,  68,   38,   ,   0,    ,    0,    0,    0,    0, 
AL, 04, 2010080806, 03, TVCN,  24, 330N,  661W,  68,   62,   ,   0,    ,    0,    0,    0,    0, 
AL, 04, 2010080806, 03, TVCN,  36, 351N,  655W,  68,   93,   ,   0,    ,    0,    0,    0,    0, 
AL, 04, 2010080806, 03, TVCN,  48, 379N,  628W,  68,  114,   ,   0,    ,    0,    0,    0,    0, 
AL, 04, 2010080806, 03, TVCN,  72, 435N,  545W,  68,  151,   ,   0,    ,    0,    0,    0,    0, 
AL, 04, 2010080806, 03, TVCX,   0, 303N,  657W,  70,    0,   ,  11, AAA,    0,    0,    0,    0, 
AL, 04, 2010080806, 03, TVCX,  12, 314N,  658W,  70,   39,   ,  10, AAA,   38,   41,    2,    0, 
AL, 04, 2010080806, 03, TVCX,  24, 330N,  660W,  70,   62,   , 341, AAA,   62,   64,    5,   -1, 
AL, 04, 2010080806, 03, TVCX,  36, 351N,  653W,  70,   91,   , 336, AAA,   76,  110,    8,   -5, 
AL, 04, 2010080806, 03, TVCX,  48, 376N,  626W,  70,  117,   , 311, AAA,   91,  151,   13,  -10, 
AL, 04, 2010080806, 03, TVCX,  72, 441N,  545W,  70,  139,   ,  92, AAA,  146,  134,   20,  -19, 
AL, 04, 2010080812, 03, GPCC,  12, 330N,  657W,  68,   36,   ,   0,    ,    0,    0,    0,    0, 
AL, 04, 2010080812, 03, GPCC,  24, 351N,  653W,  68,   72,   ,   0,    ,    0,    0,    0,    0, 
AL, 04, 2010080812, 03, GPCC,  36, 376N,  634W,  68,  100,   ,   0,    ,    0,    0,    0,    0, 
AL, 04, 2010080812, 03, GPCC,  48, 410N,  590W,  68,  129,   ,   0,    ,    0,    0,    0,    0, 
AL, 04, 2010080812, 03, GPCC,  72,   0N,    0W,  68,  192,   ,   0,    ,    0,    0,    0,    0, 
AL, 04, 2010080812, 03, GPCC,  96,   0N,    0W,  68,  266,   ,   0,    ,    0,    0,    0,    0, 
AL, 04, 2010080812, 03, GPCC, 120,   0N,    0W,  68,  356,   ,   0,    ,    0,    0,    0,    0, 
AL, 04, 2010080812, 03, TCON,  12, 330N,  658W,  68,   42,   ,   0,    ,    0,    0,    0,    0, 
AL, 04, 2010080812, 03, TCON,  24, 350N,  655W,  68,   67,   ,   0,    ,    0,    0,    0,    0, 
AL, 04, 2010080812, 03, TCON,  36, 373N,  639W,  68,  107,   ,   0,    ,    0,    0,    0,    0, 
AL, 04, 2010080812, 03, TCOX,   0, 314N,  656W,  70,    0,   ,  16, AAA,    0,    0,    0,    0, 
AL, 04, 2010080812, 03, TCOX,  12, 330N,  657W,  70,   43,   , 340, AAA,   36,   51,    2,    0, 
AL, 04, 2010080812, 03, TCOX,  24, 350N,  654W,  70,   72,   , 349, AAA,   61,   85,    5,   -1, 
AL, 04, 2010080812, 03, TCOX,  36, 375N,  639W,  70,   99,   ,  92, AAA,   84,  118,    8,   -5, 
AL, 04, 2010080812, 03, TVCN,  12, 330N,  657W,  68,   43,   ,   0,    ,    0,    0,    0,    0, 
AL, 04, 2010080812, 03, TVCN,  24, 351N,  653W,  68,   70,   ,   0,    ,    0,    0,    0,    0, 
AL, 04, 2010080812, 03, TVCN,  36, 376N,  634W,  68,  110,   ,   0,    ,    0,    0,    0,    0, 
AL, 04, 2010080812, 03, TVCN,  48, 410N,  590W,  68,  123,   ,   0,    ,    0,    0,    0,    0, 
AL, 04, 2010080812, 03, TVCX,   0, 314N,  656W,  70,    0,   ,  11, AAA,    0,    0,    0,    0, 
AL, 04, 2010080812, 03, TVCX,  12, 330N,  657W,  70,   43,   , 353, AAA,   37,   52,    2,    0, 
AL, 04, 2010080812, 03, TVCX,  24, 350N,  652W,  70,   71,   , 342, AAA,   61,   84,    5,   -1, 
AL, 04, 2010080812, 03, TVCX,  36, 374N,  632W,  70,  107,   , 317, AAA,   71,  161,    8,   -5, 
AL, 04, 2010080812, 03, TVCX,  48, 407N,  587W,  70,  127,   , 309, AAA,   84,  196,   13,  -10, 
AL, 04, 2010080818, 03, GPCC,  12, 346N,  654W,  68,   36,   ,   0,    ,    0,    0,    0,    0, 
AL, 04, 2010080818, 03, GPCC,  24, 372N,  640W,  68,   72,   ,   0,    ,    0,    0,    0,    0, 
AL, 04, 2010080818, 03, GPCC,  36, 400N,  609W,  68,  100,   ,   0,    ,    0,    0,    0,    0, 
AL, 04, 2010080818, 03, GPCC,  48, 424N,  566W,  68,  129,   ,   0,    ,    0,    0,    0,    0, 
AL, 04, 2010080818, 03, GPCC,  72,   0N,    0W,  68,  192,   ,   0,    ,    0,    0,    0,    0, 
AL, 04, 2010080818, 03, GPCC,  96,   0N,    0W,  68,  266,   ,   0,    ,    0,    0,    0,    0, 
AL, 04, 2010080818, 03, GPCC, 120,   0N,    0W,  68,  356,   ,   0,    ,    0,    0,    0,    0, 
AL, 04, 2010080818, 03, TVCN,  12, 346N,  654W,  68,   42,   ,   0,    ,    0,    0,    0,    0, 
AL, 04, 2010080818, 03, TVCN,  24, 372N,  640W,  68,   75,   ,   0,    ,    0,    0,    0,    0, 
AL, 04, 2010080818, 03, TVCN,  36, 400N,  609W,  68,  114,   ,   0,    ,    0,    0,    0,    0, 
AL, 04, 2010080818, 03, TVCN,  48, 424N,  566W,  68,  129,   ,   0,    ,    0,    0,    0,    0, 
AL, 04, 2010080818, 03, TVCX,   0, 324N,  657W,  70,    0,   , 359, AAA,    0,    0,    0,    0, 
AL, 04, 2010080818, 03, TVCX,  12, 346N,  654W,  70,   43,   , 347, AAA,   37,   52,    2,    0, 
AL, 04, 2010080818, 03, TVCX,  24, 371N,  639W,  70,   74,   , 323, AAA,   59,   94,    5,   -1, 
AL, 04, 2010080818, 03, TVCX,  36, 398N,  607W,  70,  101,   , 310, AAA,   78,  133,    8,   -5, 
AL, 04, 2010080818, 03, TVCX,  48, 428N,  567W,  70,  118,   ,  92, AAA,  115,  123,   13,  -10, 
