AL, 14, 2010091812, 03, GPCC,  12,   0N,    0W,  68,   36,   ,   0,    ,    0,    0,    0,    0, 
AL, 14, 2010091812, 03, GPCC,  24,   0N,    0W,  68,   72,   ,   0,    ,    0,    0,    0,    0, 
AL, 14, 2010091812, 03, GPCC,  36,   0N,    0W,  68,  100,   ,   0,    ,    0,    0,    0,    0, 
AL, 14, 2010091812, 03, GPCC,  48,   0N,    0W,  68,  129,   ,   0,    ,    0,    0,    0,    0, 
AL, 14, 2010091812, 03, GPCC,  72,   0N,    0W,  68,  192,   ,   0,    ,    0,    0,    0,    0, 
AL, 14, 2010091812, 03, GPCC,  96,   0N,    0W,  68,  266,   ,   0,    ,    0,    0,    0,    0, 
AL, 14, 2010091812, 03, GPCC, 120,   0N,    0W,  68,  356,   ,   0,    ,    0,    0,    0,    0, 
AL, 14, 2010091818, 03, GPCC,  12, 136N,  297W,  68,   36,   ,   0,    ,    0,    0,    0,    0, 
AL, 14, 2010091818, 03, GPCC,  24, 144N,  311W,  68,   72,   ,   0,    ,    0,    0,    0,    0, 
AL, 14, 2010091818, 03, GPCC,  36, 153N,  319W,  68,  100,   ,   0,    ,    0,    0,    0,    0, 
AL, 14, 2010091818, 03, GPCC,  48, 160N,  327W,  68,  129,   ,   0,    ,    0,    0,    0,    0, 
AL, 14, 2010091818, 03, GPCC,  72, 166N,  339W,  68,  192,   ,   0,    ,    0,    0,    0,    0, 
AL, 14, 2010091818, 03, GPCC,  96, 169N,  359W,  68,  266,   ,   0,    ,    0,    0,    0,    0, 
AL, 14, 2010091818, 03, GPCC, 120, 177N,  396W,  68,  356,   ,   0,    ,    0,    0,    0,    0, 
AL, 14, 2010091818, 03, TVCN,  12, 136N,  297W,  68,   40,   ,   0,    ,    0,    0,    0,    0, 
AL, 14, 2010091818, 03, TVCN,  24, 144N,  311W,  68,   65,   ,   0,    ,    0,    0,    0,    0, 
AL, 14, 2010091818, 03, TVCN,  36, 153N,  319W,  68,   91,   ,   0,    ,    0,    0,    0,    0, 
AL, 14, 2010091818, 03, TVCN,  48, 160N,  327W,  68,  112,   ,   0,    ,    0,    0,    0,    0, 
AL, 14, 2010091818, 03, TVCN,  72, 166N,  339W,  68,  183,   ,   0,    ,    0,    0,    0,    0, 
AL, 14, 2010091818, 03, TVCN,  96, 169N,  359W,  68,  242,   ,   0,    ,    0,    0,    0,    0, 
AL, 14, 2010091818, 03, TVCN, 120, 177N,  396W,  68,  270,   ,   0,    ,    0,    0,    0,    0, 
AL, 14, 2010091818, 03, TVCX,   0, 127N,  282W,  70,    0,   ,  61, AAA,    0,    0,    0,    0, 
AL, 14, 2010091818, 03, TVCX,  12, 136N,  297W,  70,   40,   ,  59, AAA,   38,   44,    2,    0, 
AL, 14, 2010091818, 03, TVCX,  24, 145N,  310W,  70,   67,   ,  51, AAA,   61,   76,    5,   -1, 
AL, 14, 2010091818, 03, TVCX,  36, 155N,  318W,  70,   93,   ,  45, AAA,   85,  103,    8,   -5, 
AL, 14, 2010091818, 03, TVCX,  48, 163N,  324W,  70,  114,   ,  53, AAA,  119,  111,   13,  -10, 
AL, 14, 2010091818, 03, TVCX,  72, 172N,  338W,  70,  154,   ,  78, AAA,  202,  118,   20,  -19, 
AL, 14, 2010091818, 03, TVCX,  96, 177N,  357W,  70,  190,   ,  79, AAA,  288,  126,   18,  -32, 
AL, 14, 2010091818, 03, TVCX, 120, 188N,  394W,  70,  232,   ,  79, AAA,  295,  183,    0,  -65, 
AL, 14, 2010091900, 03, GPCC,  12, 148N,  307W,  68,   36,   ,   0,    ,    0,    0,    0,    0, 
AL, 14, 2010091900, 03, GPCC,  24, 157N,  317W,  68,   72,   ,   0,    ,    0,    0,    0,    0, 
AL, 14, 2010091900, 03, GPCC,  36, 166N,  324W,  68,  100,   ,   0,    ,    0,    0,    0,    0, 
AL, 14, 2010091900, 03, GPCC,  48, 171N,  330W,  68,  129,   ,   0,    ,    0,    0,    0,    0, 
AL, 14, 2010091900, 03, GPCC,  72, 175N,  335W,  68,  192,   ,   0,    ,    0,    0,    0,    0, 
AL, 14, 2010091900, 03, GPCC,  96, 182N,  351W,  68,  266,   ,   0,    ,    0,    0,    0,    0, 
AL, 14, 2010091900, 03, GPCC, 120, 187N,  381W,  68,  356,   ,   0,    ,    0,    0,    0,    0, 
AL, 14, 2010091900, 03, TVCN,  12, 148N,  307W,  68,   44,   ,   0,    ,    0,    0,    0,    0, 
AL, 14, 2010091900, 03, TVCN,  24, 157N,  317W,  68,   74,   ,   0,    ,    0,    0,    0,    0, 
AL, 14, 2010091900, 03, TVCN,  36, 166N,  324W,  68,   99,   ,   0,    ,    0,    0,    0,    0, 
AL, 14, 2010091900, 03, TVCN,  48, 171N,  330W,  68,  117,   ,   0,    ,    0,    0,    0,    0, 
AL, 14, 2010091900, 03, TVCN,  72, 175N,  335W,  68,  174,   ,   0,    ,    0,    0,    0,    0, 
AL, 14, 2010091900, 03, TVCN,  96, 182N,  351W,  68,  241,   ,   0,    ,    0,    0,    0,    0, 
AL, 14, 2010091900, 03, TVCN, 120, 187N,  381W,  68,  315,   ,   0,    ,    0,    0,    0,    0, 
AL, 14, 2010091900, 03, TVCX,   0, 138N,  293W,  70,    0,   ,  56, AAA,    0,    0,    0,    0, 
AL, 14, 2010091900, 03, TVCX,  12, 148N,  307W,  70,   41,   ,  51, AAA,   43,   40,    2,    0, 
AL, 14, 2010091900, 03, TVCX,  24, 158N,  317W,  70,   72,   ,  43, AAA,   67,   78,    5,   -1, 
AL, 14, 2010091900, 03, TVCX,  36, 167N,  322W,  70,   96,   ,  43, AAA,   90,  105,    8,   -5, 
AL, 14, 2010091900, 03, TVCX,  48, 174N,  327W,  70,  116,   ,  54, AAA,  118,  115,   13,  -10, 
AL, 14, 2010091900, 03, TVCX,  72, 180N,  330W,  70,  174,   ,  43, AAA,  181,  168,   20,  -19, 
AL, 14, 2010091900, 03, TVCX,  96, 190N,  349W,  70,  217,   ,  80, AAA,  265,  179,   18,  -32, 
AL, 14, 2010091900, 03, TVCX, 120, 197N,  378W,  70,  298,   ,  74, AAA,  275,  324,    0,  -65, 
AL, 14, 2010091906, 03, GPCC,  12, 153N,  317W,  68,   36,   ,   0,    ,    0,    0,    0,    0, 
AL, 14, 2010091906, 03, GPCC,  24, 160N,  326W,  68,   72,   ,   0,    ,    0,    0,    0,    0, 
AL, 14, 2010091906, 03, GPCC,  36, 167N,  331W,  68,  100,   ,   0,    ,    0,    0,    0,    0, 
AL, 14, 2010091906, 03, GPCC,  48, 172N,  336W,  68,  129,   ,   0,    ,    0,    0,    0,    0, 
AL, 14, 2010091906, 03, GPCC,  72, 178N,  344W,  68,  192,   ,   0,    ,    0,    0,    0,    0, 
AL, 14, 2010091906, 03, GPCC,  96, 185N,  367W,  68,  266,   ,   0,    ,    0,    0,    0,    0, 
AL, 14, 2010091906, 03, GPCC, 120, 195N,  397W,  68,  356,   ,   0,    ,    0,    0,    0,    0, 
AL, 14, 2010091906, 03, TVCN,  12, 153N,  317W,  68,   42,   ,   0,    ,    0,    0,    0,    0, 
AL, 14, 2010091906, 03, TVCN,  24, 160N,  326W,  68,   70,   ,   0,    ,    0,    0,    0,    0, 
AL, 14, 2010091906, 03, TVCN,  36, 167N,  331W,  68,   90,   ,   0,    ,    0,    0,    0,    0, 
AL, 14, 2010091906, 03, TVCN,  48, 172N,  336W,  68,  100,   ,   0,    ,    0,    0,    0,    0, 
AL, 14, 2010091906, 03, TVCN,  72, 178N,  344W,  68,  147,   ,   0,    ,    0,    0,    0,    0, 
AL, 14, 2010091906, 03, TVCN,  96, 185N,  367W,  68,  182,   ,   0,    ,    0,    0,    0,    0, 
AL, 14, 2010091906, 03, TVCN, 120, 195N,  397W,  68,  225,   ,   0,    ,    0,    0,    0,    0, 
AL, 14, 2010091906, 03, TVCX,   0, 145N,  302W,  70,    0,   ,  66, AAA,    0,    0,    0,    0, 
AL, 14, 2010091906, 03, TVCX,  12, 153N,  317W,  70,   42,   ,  58, AAA,   41,   44,    2,    0, 
AL, 14, 2010091906, 03, TVCX,  24, 160N,  326W,  70,   69,   ,  42, AAA,   64,   75,    5,   -1, 
AL, 14, 2010091906, 03, TVCX,  36, 169N,  329W,  70,   89,   ,  39, AAA,   85,   96,    8,   -5, 
AL, 14, 2010091906, 03, TVCX,  48, 174N,  334W,  70,  109,   ,  47, AAA,  108,  111,   13,  -10, 
AL, 14, 2010091906, 03, TVCX,  72, 184N,  340W,  70,  146,   ,  62, AAA,  176,  122,   20,  -19, 
AL, 14, 2010091906, 03, TVCX,  96, 193N,  366W,  70,  186,   ,  75, AAA,  226,  155,   18,  -32, 
AL, 14, 2010091906, 03, TVCX, 120, 205N,  392W,  70,  266,   ,  67, AAA,  225,  315,    0,  -65, 
AL, 14, 2010091912, 03, GPCC,  12, 156N,  319W,  68,   36,   ,   0,    ,    0,    0,    0,    0, 
AL, 14, 2010091912, 03, GPCC,  24, 163N,  324W,  68,   72,   ,   0,    ,    0,    0,    0,    0, 
AL, 14, 2010091912, 03, GPCC,  36, 169N,  327W,  68,  100,   ,   0,    ,    0,    0,    0,    0, 
AL, 14, 2010091912, 03, GPCC,  48, 173N,  328W,  68,  129,   ,   0,    ,    0,    0,    0,    0, 
AL, 14, 2010091912, 03, GPCC,  72, 181N,  329W,  68,  192,   ,   0,    ,    0,    0,    0,    0, 
AL, 14, 2010091912, 03, GPCC,  96, 191N,  342W,  68,  266,   ,   0,    ,    0,    0,    0,    0, 
AL, 14, 2010091912, 03, GPCC, 120, 208N,  353W,  68,  356,   ,   0,    ,    0,    0,    0,    0, 
AL, 14, 2010091912, 03, TVCN,  12, 156N,  319W,  68,   40,   ,   0,    ,    0,    0,    0,    0, 
AL, 14, 2010091912, 03, TVCN,  24, 163N,  324W,  68,   65,   ,   0,    ,    0,    0,    0,    0, 
AL, 14, 2010091912, 03, TVCN,  36, 169N,  327W,  68,   85,   ,   0,    ,    0,    0,    0,    0, 
AL, 14, 2010091912, 03, TVCN,  48, 173N,  328W,  68,  107,   ,   0,    ,    0,    0,    0,    0, 
AL, 14, 2010091912, 03, TVCN,  72, 181N,  329W,  68,  167,   ,   0,    ,    0,    0,    0,    0, 
AL, 14, 2010091912, 03, TVCN,  96, 191N,  342W,  68,  222,   ,   0,    ,    0,    0,    0,    0, 
AL, 14, 2010091912, 03, TVCN, 120, 208N,  353W,  68,  278,   ,   0,    ,    0,    0,    0,    0, 
AL, 14, 2010091912, 03, TVCX,   0, 150N,  308W,  70,    0,   ,  69, AAA,    0,    0,    0,    0, 
AL, 14, 2010091912, 03, TVCX,  12, 156N,  319W,  70,   40,   ,  45, AAA,   39,   43,    2,    0, 
AL, 14, 2010091912, 03, TVCX,  24, 164N,  323W,  70,   66,   ,  30, AAA,   62,   72,    5,   -1, 
AL, 14, 2010091912, 03, TVCX,  36, 169N,  324W,  70,   86,   ,  25, AAA,   85,   88,    8,   -5, 
AL, 14, 2010091912, 03, TVCX,  48, 173N,  324W,  70,  118,   ,  13, AAA,  107,  132,   13,  -10, 
AL, 14, 2010091912, 03, TVCX,  72, 183N,  322W,  70,  173,   ,  20, AAA,  177,  170,   20,  -19, 
AL, 14, 2010091912, 03, TVCX,  96, 197N,  336W,  70,  214,   ,  52, AAA,  251,  183,   18,  -32, 
AL, 14, 2010091912, 03, TVCX, 120, 210N,  342W,  70,  305,   ,  12, AAA,  243,  382,    0,  -65, 
AL, 14, 2010091918, 03, GPCC,  12, 161N,  318W,  68,   36,   ,   0,    ,    0,    0,    0,    0, 
AL, 14, 2010091918, 03, GPCC,  24, 169N,  323W,  68,   72,   ,   0,    ,    0,    0,    0,    0, 
AL, 14, 2010091918, 03, GPCC,  36, 173N,  326W,  68,  100,   ,   0,    ,    0,    0,    0,    0, 
AL, 14, 2010091918, 03, GPCC,  48, 178N,  328W,  68,  129,   ,   0,    ,    0,    0,    0,    0, 
AL, 14, 2010091918, 03, GPCC,  72, 186N,  340W,  68,  192,   ,   0,    ,    0,    0,    0,    0, 
AL, 14, 2010091918, 03, GPCC,  96, 197N,  366W,  68,  266,   ,   0,    ,    0,    0,    0,    0, 
AL, 14, 2010091918, 03, GPCC, 120, 209N,  379W,  68,  356,   ,   0,    ,    0,    0,    0,    0, 
AL, 14, 2010091918, 03, TVCN,  12, 161N,  318W,  68,   41,   ,   0,    ,    0,    0,    0,    0, 
AL, 14, 2010091918, 03, TVCN,  24, 169N,  323W,  68,   67,   ,   0,    ,    0,    0,    0,    0, 
AL, 14, 2010091918, 03, TVCN,  36, 173N,  326W,  68,   89,   ,   0,    ,    0,    0,    0,    0, 
AL, 14, 2010091918, 03, TVCN,  48, 178N,  328W,  68,  104,   ,   0,    ,    0,    0,    0,    0, 
AL, 14, 2010091918, 03, TVCN,  72, 186N,  340W,  68,  144,   ,   0,    ,    0,    0,    0,    0, 
AL, 14, 2010091918, 03, TVCN,  96, 197N,  366W,  68,  181,   ,   0,    ,    0,    0,    0,    0, 
AL, 14, 2010091918, 03, TVCN, 120, 209N,  379W,  68,  228,   ,   0,    ,    0,    0,    0,    0, 
AL, 14, 2010091918, 03, TVCX,   0, 153N,  310W,  70,    0,   ,  46, AAA,    0,    0,    0,    0, 
AL, 14, 2010091918, 03, TVCX,  12, 162N,  318W,  70,   40,   ,  37, AAA,   41,   40,    2,    0, 
AL, 14, 2010091918, 03, TVCX,  24, 169N,  322W,  70,   65,   ,  34, AAA,   67,   64,    5,   -1, 
AL, 14, 2010091918, 03, TVCX,  36, 174N,  323W,  70,   89,   ,  28, AAA,   84,   95,    8,   -5, 
AL, 14, 2010091918, 03, TVCX,  48, 180N,  324W,  70,  112,   ,  30, AAA,  107,  118,   13,  -10, 
AL, 14, 2010091918, 03, TVCX,  72, 192N,  337W,  70,  154,   ,  68, AAA,  165,  145,   20,  -19, 
AL, 14, 2010091918, 03, TVCX,  96, 204N,  361W,  70,  199,   ,  62, AAA,  206,  194,   18,  -32, 
AL, 14, 2010091918, 03, TVCX, 120, 213N,  368W,  70,  269,   ,  23, AAA,  235,  309,    0,  -65, 
AL, 14, 2010092000, 03, GPCC,  12, 164N,  322W,  68,   36,   ,   0,    ,    0,    0,    0,    0, 
AL, 14, 2010092000, 03, GPCC,  24, 170N,  324W,  68,   72,   ,   0,    ,    0,    0,    0,    0, 
AL, 14, 2010092000, 03, GPCC,  36, 174N,  324W,  68,  100,   ,   0,    ,    0,    0,    0,    0, 
AL, 14, 2010092000, 03, GPCC,  48, 179N,  323W,  68,  129,   ,   0,    ,    0,    0,    0,    0, 
AL, 14, 2010092000, 03, GPCC,  72, 185N,  329W,  68,  192,   ,   0,    ,    0,    0,    0,    0, 
AL, 14, 2010092000, 03, GPCC,  96, 196N,  342W,  68,  266,   ,   0,    ,    0,    0,    0,    0, 
AL, 14, 2010092000, 03, GPCC, 120, 218N,  345W,  68,  356,   ,   0,    ,    0,    0,    0,    0, 
AL, 14, 2010092000, 03, TVCN,  12, 164N,  322W,  68,   41,   ,   0,    ,    0,    0,    0,    0, 
AL, 14, 2010092000, 03, TVCN,  24, 170N,  324W,  68,   67,   ,   0,    ,    0,    0,    0,    0, 
AL, 14, 2010092000, 03, TVCN,  36, 174N,  324W,  68,   94,   ,   0,    ,    0,    0,    0,    0, 
AL, 14, 2010092000, 03, TVCN,  48, 179N,  323W,  68,  111,   ,   0,    ,    0,    0,    0,    0, 
AL, 14, 2010092000, 03, TVCN,  72, 185N,  329W,  68,  170,   ,   0,    ,    0,    0,    0,    0, 
AL, 14, 2010092000, 03, TVCN,  96, 196N,  342W,  68,  228,   ,   0,    ,    0,    0,    0,    0, 
AL, 14, 2010092000, 03, TVCN, 120, 218N,  345W,  68,  273,   ,   0,    ,    0,    0,    0,    0, 
AL, 14, 2010092000, 03, TVCX,   0, 156N,  316W,  70,    0,   ,  38, AAA,    0,    0,    0,    0, 
AL, 14, 2010092000, 03, TVCX,  12, 164N,  322W,  70,   40,   ,  28, AAA,   41,   41,    2,    0, 
AL, 14, 2010092000, 03, TVCX,  24, 170N,  323W,  70,   65,   ,   7, AAA,   65,   67,    5,   -1, 
AL, 14, 2010092000, 03, TVCX,  36, 174N,  322W,  70,   93,   , 353, AAA,   87,  101,    8,   -5, 
AL, 14, 2010092000, 03, TVCX,  48, 181N,  319W,  70,  115,   ,  28, AAA,  110,  122,   13,  -10, 
AL, 14, 2010092000, 03, TVCX,  72, 191N,  326W,  70,  169,   ,  62, AAA,  179,  160,   20,  -19, 
AL, 14, 2010092000, 03, TVCX,  96, 199N,  334W,  70,  235,   ,  23, AAA,  233,  238,   18,  -32, 
AL, 14, 2010092000, 03, TVCX, 120, 218N,  333W,  70,  304,   ,   0, AAA,  249,  374,    0,  -65, 
AL, 14, 2010092006, 03, GPCC,  12, 170N,  328W,  68,   36,   ,   0,    ,    0,    0,    0,    0, 
AL, 14, 2010092006, 03, GPCC,  24, 173N,  329W,  68,   72,   ,   0,    ,    0,    0,    0,    0, 
AL, 14, 2010092006, 03, GPCC,  36, 176N,  328W,  68,  100,   ,   0,    ,    0,    0,    0,    0, 
AL, 14, 2010092006, 03, GPCC,  48, 179N,  329W,  68,  129,   ,   0,    ,    0,    0,    0,    0, 
AL, 14, 2010092006, 03, GPCC,  72, 184N,  341W,  68,  192,   ,   0,    ,    0,    0,    0,    0, 
AL, 14, 2010092006, 03, GPCC,  96, 191N,  362W,  68,  266,   ,   0,    ,    0,    0,    0,    0, 
AL, 14, 2010092006, 03, GPCC, 120, 203N,  377W,  68,  356,   ,   0,    ,    0,    0,    0,    0, 
AL, 14, 2010092006, 03, TVCN,  12, 170N,  328W,  68,   40,   ,   0,    ,    0,    0,    0,    0, 
AL, 14, 2010092006, 03, TVCN,  24, 173N,  329W,  68,   68,   ,   0,    ,    0,    0,    0,    0, 
AL, 14, 2010092006, 03, TVCN,  36, 176N,  328W,  68,   97,   ,   0,    ,    0,    0,    0,    0, 
AL, 14, 2010092006, 03, TVCN,  48, 179N,  329W,  68,  115,   ,   0,    ,    0,    0,    0,    0, 
AL, 14, 2010092006, 03, TVCN,  72, 184N,  341W,  68,  168,   ,   0,    ,    0,    0,    0,    0, 
AL, 14, 2010092006, 03, TVCN,  96, 191N,  362W,  68,  226,   ,   0,    ,    0,    0,    0,    0, 
AL, 14, 2010092006, 03, TVCN, 120, 203N,  377W,  68,  264,   ,   0,    ,    0,    0,    0,    0, 
AL, 14, 2010092006, 03, TVCX,   0, 164N,  323W,  70,    0,   ,  40, AAA,    0,    0,    0,    0, 
AL, 14, 2010092006, 03, TVCX,  12, 170N,  328W,  70,   40,   ,  28, AAA,   39,   43,    2,    0, 
AL, 14, 2010092006, 03, TVCX,  24, 174N,  329W,  70,   69,   ,  49, AAA,   61,   78,    5,   -1, 
AL, 14, 2010092006, 03, TVCX,  36, 176N,  326W,  70,   91,   , 334, AAA,   90,   93,    8,   -5, 
AL, 14, 2010092006, 03, TVCX,  48, 181N,  325W,  70,  118,   ,  19, AAA,  116,  122,   13,  -10, 
AL, 14, 2010092006, 03, TVCX,  72, 190N,  339W,  70,  168,   ,  76, AAA,  177,  160,   20,  -19, 
AL, 14, 2010092006, 03, TVCX,  96, 199N,  357W,  70,  230,   ,  63, AAA,  229,  232,   18,  -32, 
AL, 14, 2010092006, 03, TVCX, 120, 209N,  368W,  70,  315,   ,  37, AAA,  217,  459,    0,  -65, 
AL, 14, 2010092012, 03, GPCC,  12, 169N,  325W,  68,   36,   ,   0,    ,    0,    0,    0,    0, 
AL, 14, 2010092012, 03, GPCC,  24, 174N,  324W,  68,   72,   ,   0,    ,    0,    0,    0,    0, 
AL, 14, 2010092012, 03, GPCC,  36, 178N,  323W,  68,  100,   ,   0,    ,    0,    0,    0,    0, 
AL, 14, 2010092012, 03, GPCC,  48, 181N,  324W,  68,  129,   ,   0,    ,    0,    0,    0,    0, 
AL, 14, 2010092012, 03, GPCC,  72, 188N,  334W,  68,  192,   ,   0,    ,    0,    0,    0,    0, 
AL, 14, 2010092012, 03, GPCC,  96, 203N,  349W,  68,  266,   ,   0,    ,    0,    0,    0,    0, 
AL, 14, 2010092012, 03, GPCC, 120, 223N,  351W,  68,  356,   ,   0,    ,    0,    0,    0,    0, 
AL, 14, 2010092012, 03, TVCN,  12, 169N,  325W,  68,   43,   ,   0,    ,    0,    0,    0,    0, 
AL, 14, 2010092012, 03, TVCN,  24, 174N,  324W,  68,   74,   ,   0,    ,    0,    0,    0,    0, 
AL, 14, 2010092012, 03, TVCN,  36, 178N,  323W,  68,  102,   ,   0,    ,    0,    0,    0,    0, 
AL, 14, 2010092012, 03, TVCN,  48, 181N,  324W,  68,  120,   ,   0,    ,    0,    0,    0,    0, 
AL, 14, 2010092012, 03, TVCN,  72, 188N,  334W,  68,  181,   ,   0,    ,    0,    0,    0,    0, 
AL, 14, 2010092012, 03, TVCN,  96, 203N,  349W,  68,  248,   ,   0,    ,    0,    0,    0,    0, 
AL, 14, 2010092012, 03, TVCN, 120, 223N,  351W,  68,  332,   ,   0,    ,    0,    0,    0,    0, 
AL, 14, 2010092012, 03, TVCX,   0, 164N,  323W,  70,    0,   ,  30, AAA,    0,    0,    0,    0, 
AL, 14, 2010092012, 03, TVCX,  12, 169N,  325W,  70,   43,   ,  32, AAA,   40,   46,    2,    0, 
AL, 14, 2010092012, 03, TVCX,  24, 174N,  323W,  70,   73,   , 351, AAA,   64,   83,    5,   -1, 
AL, 14, 2010092012, 03, TVCX,  36, 175N,  323W,  70,   95,   , 289, AAA,   96,   96,    8,   -5, 
AL, 14, 2010092012, 03, TVCX,  48, 183N,  320W,  70,  123,   ,  28, AAA,  115,  133,   13,  -10, 
AL, 14, 2010092012, 03, TVCX,  72, 194N,  330W,  70,  162,   ,  57, AAA,  194,  137,   20,  -19, 
AL, 14, 2010092012, 03, TVCX,  96, 206N,  341W,  70,  247,   ,  28, AAA,  253,  242,   18,  -32, 
AL, 14, 2010092012, 03, TVCX, 120, 220N,  340W,  70,  355,   , 346, AAA,  236,  536,    0,  -65, 
AL, 14, 2010092018, 03, GPCC,  12, 167N,  320W,  68,   36,   ,   0,    ,    0,    0,    0,    0, 
AL, 14, 2010092018, 03, GPCC,  24, 172N,  317W,  68,   72,   ,   0,    ,    0,    0,    0,    0, 
AL, 14, 2010092018, 03, GPCC,  36, 176N,  318W,  68,  100,   ,   0,    ,    0,    0,    0,    0, 
AL, 14, 2010092018, 03, GPCC,  48, 181N,  322W,  68,  129,   ,   0,    ,    0,    0,    0,    0, 
AL, 14, 2010092018, 03, GPCC,  72, 193N,  340W,  68,  192,   ,   0,    ,    0,    0,    0,    0, 
AL, 14, 2010092018, 03, GPCC,  96, 211N,  354W,  68,  266,   ,   0,    ,    0,    0,    0,    0, 
AL, 14, 2010092018, 03, GPCC, 120, 227N,  352W,  68,  356,   ,   0,    ,    0,    0,    0,    0, 
AL, 14, 2010092018, 03, TVCN,  12, 167N,  320W,  68,   40,   ,   0,    ,    0,    0,    0,    0, 
AL, 14, 2010092018, 03, TVCN,  24, 172N,  317W,  68,   71,   ,   0,    ,    0,    0,    0,    0, 
AL, 14, 2010092018, 03, TVCN,  36, 176N,  318W,  68,  101,   ,   0,    ,    0,    0,    0,    0, 
AL, 14, 2010092018, 03, TVCN,  48, 181N,  322W,  68,  117,   ,   0,    ,    0,    0,    0,    0, 
AL, 14, 2010092018, 03, TVCN,  72, 193N,  340W,  68,  151,   ,   0,    ,    0,    0,    0,    0, 
AL, 14, 2010092018, 03, TVCN,  96, 211N,  354W,  68,  195,   ,   0,    ,    0,    0,    0,    0, 
AL, 14, 2010092018, 03, TVCN, 120, 227N,  352W,  68,  306,   ,   0,    ,    0,    0,    0,    0, 
AL, 14, 2010092018, 03, TVCX,   0, 163N,  320W,  70,    0,   , 359, AAA,    0,    0,    0,    0, 
AL, 14, 2010092018, 03, TVCX,  12, 167N,  319W,  70,   40,   , 350, AAA,   39,   42,    2,    0, 
AL, 14, 2010092018, 03, TVCX,  24, 171N,  317W,  70,   69,   , 319, AAA,   69,   69,    5,   -1, 
AL, 14, 2010092018, 03, TVCX,  36, 176N,  316W,  70,   99,   ,  24, AAA,   88,  113,    8,   -5, 
AL, 14, 2010092018, 03, TVCX,  48, 183N,  319W,  70,  123,   ,  43, AAA,  113,  136,   13,  -10, 
AL, 14, 2010092018, 03, TVCX,  72, 198N,  336W,  70,  162,   ,  58, AAA,  170,  156,   20,  -19, 
AL, 14, 2010092018, 03, TVCX,  96, 211N,  345W,  70,  216,   ,   5, AAA,  213,  220,   18,  -32, 
AL, 14, 2010092018, 03, TVCX, 120, 224N,  341W,  70,  328,   , 344, AAA,  262,  411,    0,  -65, 
AL, 14, 2010092100, 03, GPCC,  12, 175N,  317W,  68,   36,   ,   0,    ,    0,    0,    0,    0, 
AL, 14, 2010092100, 03, GPCC,  24, 179N,  316W,  68,   72,   ,   0,    ,    0,    0,    0,    0, 
AL, 14, 2010092100, 03, GPCC,  36, 183N,  318W,  68,  100,   ,   0,    ,    0,    0,    0,    0, 
AL, 14, 2010092100, 03, GPCC,  48, 188N,  324W,  68,  129,   ,   0,    ,    0,    0,    0,    0, 
AL, 14, 2010092100, 03, GPCC,  72, 201N,  344W,  68,  192,   ,   0,    ,    0,    0,    0,    0, 
AL, 14, 2010092100, 03, GPCC,  96, 219N,  353W,  68,  266,   ,   0,    ,    0,    0,    0,    0, 
AL, 14, 2010092100, 03, GPCC, 120, 237N,  348W,  68,  356,   ,   0,    ,    0,    0,    0,    0, 
AL, 14, 2010092100, 03, TVCN,  12, 175N,  317W,  68,   42,   ,   0,    ,    0,    0,    0,    0, 
AL, 14, 2010092100, 03, TVCN,  24, 179N,  316W,  68,   74,   ,   0,    ,    0,    0,    0,    0, 
AL, 14, 2010092100, 03, TVCN,  36, 183N,  318W,  68,  102,   ,   0,    ,    0,    0,    0,    0, 
AL, 14, 2010092100, 03, TVCN,  48, 188N,  324W,  68,  118,   ,   0,    ,    0,    0,    0,    0, 
AL, 14, 2010092100, 03, TVCN,  72, 201N,  344W,  68,  143,   ,   0,    ,    0,    0,    0,    0, 
AL, 14, 2010092100, 03, TVCN,  96, 219N,  353W,  68,  209,   ,   0,    ,    0,    0,    0,    0, 
AL, 14, 2010092100, 03, TVCN, 120, 237N,  348W,  68,  338,   ,   0,    ,    0,    0,    0,    0, 
AL, 14, 2010092100, 03, TVCX,   0, 170N,  319W,  70,    0,   , 325, AAA,    0,    0,    0,    0, 
AL, 14, 2010092100, 03, TVCX,  12, 174N,  316W,  70,   40,   , 345, AAA,   41,   41,    2,    0, 
AL, 14, 2010092100, 03, TVCX,  24, 179N,  315W,  70,   73,   ,  22, AAA,   65,   82,    5,   -1, 
AL, 14, 2010092100, 03, TVCX,  36, 184N,  316W,  70,  100,   ,  35, AAA,   91,  111,    8,   -5, 
AL, 14, 2010092100, 03, TVCX,  48, 191N,  321W,  70,  122,   ,  51, AAA,  114,  132,   13,  -10, 
AL, 14, 2010092100, 03, TVCX,  72, 206N,  340W,  70,  155,   ,  47, AAA,  165,  147,   20,  -19, 
AL, 14, 2010092100, 03, TVCX,  96, 227N,  353W,  70,  214,   ,  90, AAA,  237,  195,   18,  -32, 
AL, 14, 2010092100, 03, TVCX, 120, 233N,  337W,  70,  351,   , 336, AAA,  262,  471,    0,  -65, 
AL, 14, 2010092106, 03, GPCC,  12, 182N,  316W,  68,   36,   ,   0,    ,    0,    0,    0,    0, 
AL, 14, 2010092106, 03, GPCC,  24, 185N,  318W,  68,   72,   ,   0,    ,    0,    0,    0,    0, 
AL, 14, 2010092106, 03, GPCC,  36, 184N,  321W,  68,  100,   ,   0,    ,    0,    0,    0,    0, 
AL, 14, 2010092106, 03, GPCC,  48, 184N,  328W,  68,  129,   ,   0,    ,    0,    0,    0,    0, 
AL, 14, 2010092106, 03, GPCC,  72, 190N,  348W,  68,  192,   ,   0,    ,    0,    0,    0,    0, 
AL, 14, 2010092106, 03, GPCC,  96, 197N,  368W,  68,  266,   ,   0,    ,    0,    0,    0,    0, 
AL, 14, 2010092106, 03, GPCC, 120, 208N,  388W,  68,  356,   ,   0,    ,    0,    0,    0,    0, 
AL, 14, 2010092106, 03, TCON,  12, 183N,  314W,  68,   47,   ,   0,    ,    0,    0,    0,    0, 
AL, 14, 2010092106, 03, TCON,  24, 186N,  315W,  68,   69,   ,   0,    ,    0,    0,    0,    0, 
AL, 14, 2010092106, 03, TCON,  36, 186N,  317W,  68,   94,   ,   0,    ,    0,    0,    0,    0, 
AL, 14, 2010092106, 03, TCON,  48, 187N,  322W,  68,  112,   ,   0,    ,    0,    0,    0,    0, 
AL, 14, 2010092106, 03, TCON,  72, 194N,  340W,  68,  172,   ,   0,    ,    0,    0,    0,    0, 
AL, 14, 2010092106, 03, TCON,  96, 201N,  359W,  68,  218,   ,   0,    ,    0,    0,    0,    0, 
AL, 14, 2010092106, 03, TCON, 120, 212N,  379W,  68,  280,   ,   0,    ,    0,    0,    0,    0, 
AL, 14, 2010092106, 03, TCOX,   0, 175N,  318W,  70,    0,   , 332, AAA,    0,    0,    0,    0, 
AL, 14, 2010092106, 03, TCOX,  12, 183N,  314W,  70,   43,   , 356, AAA,   42,   45,    2,    0, 
AL, 14, 2010092106, 03, TCOX,  24, 187N,  314W,  70,   66,   ,  45, AAA,   71,   62,    5,   -1, 
AL, 14, 2010092106, 03, TCOX,  36, 189N,  317W,  70,   94,   ,  87, AAA,   90,   99,    8,   -5, 
AL, 14, 2010092106, 03, TCOX,  48, 191N,  321W,  70,  112,   ,  75, AAA,  117,  109,   13,  -10, 
AL, 14, 2010092106, 03, TCOX,  72, 200N,  338W,  70,  166,   ,  71, AAA,  186,  149,   20,  -19, 
AL, 14, 2010092106, 03, TCOX,  96, 209N,  356W,  70,  204,   ,  65, AAA,  252,  166,   18,  -32, 
AL, 14, 2010092106, 03, TCOX, 120, 221N,  373W,  70,  275,   ,  58, AAA,  296,  256,    0,  -65, 
AL, 14, 2010092106, 03, TVCN,  12, 182N,  316W,  68,   47,   ,   0,    ,    0,    0,    0,    0, 
AL, 14, 2010092106, 03, TVCN,  24, 185N,  318W,  68,   78,   ,   0,    ,    0,    0,    0,    0, 
AL, 14, 2010092106, 03, TVCN,  36, 184N,  321W,  68,  107,   ,   0,    ,    0,    0,    0,    0, 
AL, 14, 2010092106, 03, TVCN,  48, 184N,  328W,  68,  132,   ,   0,    ,    0,    0,    0,    0, 
AL, 14, 2010092106, 03, TVCN,  72, 190N,  348W,  68,  192,   ,   0,    ,    0,    0,    0,    0, 
AL, 14, 2010092106, 03, TVCN,  96, 197N,  368W,  68,  257,   ,   0,    ,    0,    0,    0,    0, 
AL, 14, 2010092106, 03, TVCN, 120, 208N,  388W,  68,  327,   ,   0,    ,    0,    0,    0,    0, 
AL, 14, 2010092106, 03, TVCX,   0, 175N,  318W,  70,    0,   , 347, AAA,    0,    0,    0,    0, 
AL, 14, 2010092106, 03, TVCX,  12, 182N,  316W,  70,   45,   , 289, AAA,   40,   53,    2,    0, 
AL, 14, 2010092106, 03, TVCX,  24, 185N,  317W,  70,   71,   ,  56, AAA,   74,   70,    5,   -1, 
AL, 14, 2010092106, 03, TVCX,  36, 186N,  322W,  70,  106,   ,  96, AAA,   87,  130,    8,   -5, 
AL, 14, 2010092106, 03, TVCX,  48, 188N,  328W,  70,  133,   ,  87, AAA,  115,  156,   13,  -10, 
AL, 14, 2010092106, 03, TVCX,  72, 196N,  346W,  70,  187,   ,  73, AAA,  183,  193,   20,  -19, 
AL, 14, 2010092106, 03, TVCX,  96, 205N,  364W,  70,  241,   ,  65, AAA,  260,  225,   18,  -32, 
AL, 14, 2010092106, 03, TVCX, 120, 217N,  382W,  70,  304,   ,  59, AAA,  325,  286,    0,  -65, 
AL, 14, 2010092112, 03, GPCC,  12, 183N,  317W,  68,   36,   ,   0,    ,    0,    0,    0,    0, 
AL, 14, 2010092112, 03, GPCC,  24, 183N,  319W,  68,   72,   ,   0,    ,    0,    0,    0,    0, 
AL, 14, 2010092112, 03, GPCC,  36, 182N,  322W,  68,  100,   ,   0,    ,    0,    0,    0,    0, 
AL, 14, 2010092112, 03, GPCC,  48, 182N,  327W,  68,  129,   ,   0,    ,    0,    0,    0,    0, 
AL, 14, 2010092112, 03, GPCC,  72, 190N,  341W,  68,  192,   ,   0,    ,    0,    0,    0,    0, 
AL, 14, 2010092112, 03, GPCC,  96, 202N,  357W,  68,  266,   ,   0,    ,    0,    0,    0,    0, 
AL, 14, 2010092112, 03, GPCC, 120, 221N,  357W,  68,  356,   ,   0,    ,    0,    0,    0,    0, 
AL, 14, 2010092112, 03, TCON,  12, 183N,  317W,  68,   38,   ,   0,    ,    0,    0,    0,    0, 
AL, 14, 2010092112, 03, TCON,  24, 182N,  317W,  68,   59,   ,   0,    ,    0,    0,    0,    0, 
AL, 14, 2010092112, 03, TCON,  36, 183N,  317W,  68,   86,   ,   0,    ,    0,    0,    0,    0, 
AL, 14, 2010092112, 03, TCON,  48, 184N,  320W,  68,  110,   ,   0,    ,    0,    0,    0,    0, 
AL, 14, 2010092112, 03, TCON,  72, 193N,  330W,  68,  179,   ,   0,    ,    0,    0,    0,    0, 
AL, 14, 2010092112, 03, TCON,  96, 209N,  342W,  68,  255,   ,   0,    ,    0,    0,    0,    0, 
AL, 14, 2010092112, 03, TCON, 120, 222N,  358W,  68,  360,   ,   0,    ,    0,    0,    0,    0, 
AL, 14, 2010092112, 03, TCOX,   0, 179N,  317W,  70,    0,   , 357, AAA,    0,    0,    0,    0, 
AL, 14, 2010092112, 03, TCOX,  12, 182N,  316W,  70,   39,   , 341, AAA,   37,   42,    2,    0, 
AL, 14, 2010092112, 03, TCOX,  24, 182N,  316W,  70,   63,   , 349, AAA,   62,   64,    5,   -1, 
AL, 14, 2010092112, 03, TCOX,  36, 185N,  316W,  70,   85,   ,  56, AAA,   89,   82,    8,   -5, 
AL, 14, 2010092112, 03, TCOX,  48, 187N,  318W,  70,  110,   ,  62, AAA,  113,  108,   13,  -10, 
AL, 14, 2010092112, 03, TCOX,  72, 198N,  324W,  70,  150,   ,  41, AAA,  193,  117,   20,  -19, 
AL, 14, 2010092112, 03, TCOX,  96, 215N,  336W,  70,  207,   ,  45, AAA,  291,  148,   18,  -32, 
AL, 14, 2010092112, 03, TCOX, 120, 231N,  351W,  70,  292,   ,  53, AAA,  390,  220,    0,  -65, 
AL, 14, 2010092112, 03, TVCN,  12, 183N,  317W,  68,   40,   ,   0,    ,    0,    0,    0,    0, 
AL, 14, 2010092112, 03, TVCN,  24, 183N,  319W,  68,   69,   ,   0,    ,    0,    0,    0,    0, 
AL, 14, 2010092112, 03, TVCN,  36, 182N,  322W,  68,  101,   ,   0,    ,    0,    0,    0,    0, 
AL, 14, 2010092112, 03, TVCN,  48, 182N,  327W,  68,  131,   ,   0,    ,    0,    0,    0,    0, 
AL, 14, 2010092112, 03, TVCN,  72, 190N,  341W,  68,  203,   ,   0,    ,    0,    0,    0,    0, 
AL, 14, 2010092112, 03, TVCN,  96, 202N,  357W,  68,  299,   ,   0,    ,    0,    0,    0,    0, 
AL, 14, 2010092112, 03, TVCN, 120, 221N,  357W,  68,  324,   ,   0,    ,    0,    0,    0,    0, 
AL, 14, 2010092112, 03, TVCX,   0, 179N,  317W,  70,    0,   ,   0, AAA,    0,    0,    0,    0, 
AL, 14, 2010092112, 03, TVCX,  12, 183N,  317W,  70,   40,   ,  24, AAA,   38,   43,    2,    0, 
AL, 14, 2010092112, 03, TVCX,  24, 184N,  319W,  70,   72,   , 107, AAA,   60,   86,    5,   -1, 
AL, 14, 2010092112, 03, TVCX,  36, 184N,  322W,  70,  102,   , 115, AAA,   84,  125,    8,   -5, 
AL, 14, 2010092112, 03, TVCX,  48, 186N,  327W,  70,  133,   ,  81, AAA,  108,  164,   13,  -10, 
AL, 14, 2010092112, 03, TVCX,  72, 196N,  337W,  70,  187,   ,  54, AAA,  200,  176,   20,  -19, 
AL, 14, 2010092112, 03, TVCX,  96, 210N,  356W,  70,  282,   ,  79, AAA,  276,  290,   18,  -32, 
AL, 14, 2010092112, 03, TVCX, 120, 228N,  348W,  70,  273,   ,  42, AAA,  359,  208,    0,  -65, 
AL, 14, 2010092118, 03, GPCC,  12, 182N,  317W,  68,   36,   ,   0,    ,    0,    0,    0,    0, 
AL, 14, 2010092118, 03, GPCC,  24, 181N,  317W,  68,   72,   ,   0,    ,    0,    0,    0,    0, 
AL, 14, 2010092118, 03, GPCC,  36, 180N,  320W,  68,  100,   ,   0,    ,    0,    0,    0,    0, 
AL, 14, 2010092118, 03, GPCC,  48, 181N,  324W,  68,  129,   ,   0,    ,    0,    0,    0,    0, 
AL, 14, 2010092118, 03, GPCC,  72, 193N,  334W,  68,  192,   ,   0,    ,    0,    0,    0,    0, 
AL, 14, 2010092118, 03, GPCC,  96, 212N,  345W,  68,  266,   ,   0,    ,    0,    0,    0,    0, 
AL, 14, 2010092118, 03, GPCC, 120, 216N,  376W,  68,  356,   ,   0,    ,    0,    0,    0,    0, 
AL, 14, 2010092118, 03, TCON,  12, 182N,  315W,  68,   38,   ,   0,    ,    0,    0,    0,    0, 
AL, 14, 2010092118, 03, TCON,  24, 182N,  314W,  68,   63,   ,   0,    ,    0,    0,    0,    0, 
AL, 14, 2010092118, 03, TCON,  36, 182N,  314W,  68,   96,   ,   0,    ,    0,    0,    0,    0, 
AL, 14, 2010092118, 03, TCON,  48, 185N,  317W,  68,  131,   ,   0,    ,    0,    0,    0,    0, 
AL, 14, 2010092118, 03, TCON,  72, 198N,  326W,  68,  195,   ,   0,    ,    0,    0,    0,    0, 
AL, 14, 2010092118, 03, TCON,  96, 219N,  336W,  68,  299,   ,   0,    ,    0,    0,    0,    0, 
AL, 14, 2010092118, 03, TCOX,   0, 182N,  316W,  70,    0,   , 321, AAA,    0,    0,    0,    0, 
AL, 14, 2010092118, 03, TCOX,  12, 182N,  315W,  70,   41,   , 275, AAA,   36,   48,    2,    0, 
AL, 14, 2010092118, 03, TCOX,  24, 181N,  314W,  70,   68,   , 272, AAA,   60,   78,    5,   -1, 
AL, 14, 2010092118, 03, TCOX,  36, 185N,  314W,  70,   97,   ,  72, AAA,   92,  103,    8,   -5, 
AL, 14, 2010092118, 03, TCOX,  48, 187N,  315W,  70,  115,   ,  47, AAA,  133,  101,   13,  -10, 
AL, 14, 2010092118, 03, TCOX,  72, 201N,  320W,  70,  153,   ,  28, AAA,  205,  115,   20,  -19, 
AL, 14, 2010092118, 03, TCOX,  96, 227N,  336W,  70,  287,   ,  91, AAA,  286,  289,   18,  -32, 
AL, 14, 2010092118, 03, TVCN,  12, 182N,  317W,  68,   42,   ,   0,    ,    0,    0,    0,    0, 
AL, 14, 2010092118, 03, TVCN,  24, 181N,  317W,  68,   80,   ,   0,    ,    0,    0,    0,    0, 
AL, 14, 2010092118, 03, TVCN,  36, 180N,  320W,  68,  115,   ,   0,    ,    0,    0,    0,    0, 
AL, 14, 2010092118, 03, TVCN,  48, 181N,  324W,  68,  148,   ,   0,    ,    0,    0,    0,    0, 
AL, 14, 2010092118, 03, TVCN,  72, 193N,  334W,  68,  208,   ,   0,    ,    0,    0,    0,    0, 
AL, 14, 2010092118, 03, TVCN,  96, 212N,  345W,  68,  317,   ,   0,    ,    0,    0,    0,    0, 
AL, 14, 2010092118, 03, TVCN, 120, 216N,  376W,  68,  348,   ,   0,    ,    0,    0,    0,    0, 
AL, 14, 2010092118, 03, TVCX,   0, 182N,  316W,  70,    0,   ,  28, AAA,    0,    0,    0,    0, 
AL, 14, 2010092118, 03, TVCX,  12, 183N,  317W,  70,   41,   , 142, AAA,   40,   44,    2,    0, 
AL, 14, 2010092118, 03, TVCX,  24, 182N,  318W,  70,   74,   , 150, AAA,   72,   78,    5,   -1, 
AL, 14, 2010092118, 03, TVCX,  36, 180N,  318W,  70,   92,   ,   8, AAA,  112,   76,    8,   -5, 
AL, 14, 2010092118, 03, TVCX,  48, 185N,  324W,  70,  143,   ,  76, AAA,  123,  167,   13,  -10, 
AL, 14, 2010092118, 03, TVCX,  72, 197N,  328W,  70,  167,   ,  33, AAA,  214,  131,   20,  -19, 
AL, 14, 2010092118, 03, TVCX,  96, 218N,  339W,  70,  239,   ,  46, AAA,  345,  167,   18,  -32, 
AL, 14, 2010092118, 03, TVCX, 120, 219N,  365W,  70,  291,   ,  18, AAA,  362,  234,    0,  -65, 
AL, 14, 2010092200, 03, GPCC,  12, 180N,  314W,  68,   36,   ,   0,    ,    0,    0,    0,    0, 
AL, 14, 2010092200, 03, GPCC,  24, 177N,  315W,  68,   72,   ,   0,    ,    0,    0,    0,    0, 
AL, 14, 2010092200, 03, GPCC,  36, 177N,  317W,  68,  100,   ,   0,    ,    0,    0,    0,    0, 
AL, 14, 2010092200, 03, GPCC,  48, 180N,  321W,  68,  129,   ,   0,    ,    0,    0,    0,    0, 
AL, 14, 2010092200, 03, GPCC,  72, 191N,  333W,  68,  192,   ,   0,    ,    0,    0,    0,    0, 
AL, 14, 2010092200, 03, GPCC,  96, 208N,  344W,  68,  266,   ,   0,    ,    0,    0,    0,    0, 
AL, 14, 2010092200, 03, GPCC, 120, 213N,  381W,  68,  356,   ,   0,    ,    0,    0,    0,    0, 
AL, 14, 2010092200, 03, TCON,  12, 180N,  313W,  68,   46,   ,   0,    ,    0,    0,    0,    0, 
AL, 14, 2010092200, 03, TCON,  24, 179N,  311W,  68,   79,   ,   0,    ,    0,    0,    0,    0, 
AL, 14, 2010092200, 03, TCON,  36, 180N,  311W,  68,  120,   ,   0,    ,    0,    0,    0,    0, 
AL, 14, 2010092200, 03, TCON,  48, 184N,  314W,  68,  154,   ,   0,    ,    0,    0,    0,    0, 
AL, 14, 2010092200, 03, TCON,  72, 195N,  327W,  68,  221,   ,   0,    ,    0,    0,    0,    0, 
AL, 14, 2010092200, 03, TCON,  96, 214N,  338W,  68,  327,   ,   0,    ,    0,    0,    0,    0, 
AL, 14, 2010092200, 03, TCOX,   0, 182N,  313W,  70,    0,   , 262, AAA,    0,    0,    0,    0, 
AL, 14, 2010092200, 03, TCOX,  12, 180N,  313W,  70,   43,   , 232, AAA,   43,   44,    2,    0, 
AL, 14, 2010092200, 03, TCOX,  24, 178N,  311W,  70,   80,   , 269, AAA,   62,  106,    5,   -1, 
AL, 14, 2010092200, 03, TCOX,  36, 180N,  309W,  70,   99,   ,   4, AAA,  118,   83,    8,   -5, 
AL, 14, 2010092200, 03, TCOX,  48, 186N,  311W,  70,  118,   ,  42, AAA,  154,   91,   13,  -10, 
AL, 14, 2010092200, 03, TCOX,  72, 200N,  321W,  70,  153,   ,  39, AAA,  222,  106,   20,  -19, 
AL, 14, 2010092200, 03, TCOX,  96, 222N,  338W,  70,  304,   ,  91, AAA,  318,  292,   18,  -32, 
AL, 14, 2010092200, 03, TVCN,  12, 180N,  314W,  68,   49,   ,   0,    ,    0,    0,    0,    0, 
AL, 14, 2010092200, 03, TVCN,  24, 177N,  315W,  68,   90,   ,   0,    ,    0,    0,    0,    0, 
AL, 14, 2010092200, 03, TVCN,  36, 177N,  317W,  68,  131,   ,   0,    ,    0,    0,    0,    0, 
AL, 14, 2010092200, 03, TVCN,  48, 180N,  321W,  68,  167,   ,   0,    ,    0,    0,    0,    0, 
AL, 14, 2010092200, 03, TVCN,  72, 191N,  333W,  68,  229,   ,   0,    ,    0,    0,    0,    0, 
AL, 14, 2010092200, 03, TVCN,  96, 208N,  344W,  68,  339,   ,   0,    ,    0,    0,    0,    0, 
AL, 14, 2010092200, 03, TVCN, 120, 213N,  381W,  68,  395,   ,   0,    ,    0,    0,    0,    0, 
AL, 14, 2010092200, 03, TVCX,   0, 182N,  313W,  70,    0,   , 139, AAA,    0,    0,    0,    0, 
AL, 14, 2010092200, 03, TVCX,  12, 180N,  315W,  70,   43,   , 158, AAA,   46,   41,    2,    0, 
AL, 14, 2010092200, 03, TVCX,  24, 178N,  316W,  70,   85,   , 122, AAA,   66,  111,    5,   -1, 
AL, 14, 2010092200, 03, TVCX,  36, 179N,  316W,  70,  122,   ,  74, AAA,  104,  143,    8,   -5, 
AL, 14, 2010092200, 03, TVCX,  48, 183N,  318W,  70,  141,   ,  52, AAA,  154,  130,   13,  -10, 
AL, 14, 2010092200, 03, TVCX,  72, 195N,  327W,  70,  167,   ,  39, AAA,  228,  123,   20,  -19, 
AL, 14, 2010092200, 03, TVCX,  96, 210N,  335W,  70,  277,   ,  11, AAA,  343,  225,   18,  -32, 
AL, 14, 2010092200, 03, TVCX, 120, 219N,  371W,  70,  301,   ,  31, AAA,  427,  214,    0,  -65, 
AL, 14, 2010092206, 03, GPCC,  12, 177N,  305W,  68,   36,   ,   0,    ,    0,    0,    0,    0, 
AL, 14, 2010092206, 03, GPCC,  24, 175N,  307W,  68,   72,   ,   0,    ,    0,    0,    0,    0, 
AL, 14, 2010092206, 03, GPCC,  36, 175N,  310W,  68,  100,   ,   0,    ,    0,    0,    0,    0, 
AL, 14, 2010092206, 03, GPCC,  48, 176N,  317W,  68,  129,   ,   0,    ,    0,    0,    0,    0, 
AL, 14, 2010092206, 03, GPCC,  72, 186N,  333W,  68,  192,   ,   0,    ,    0,    0,    0,    0, 
AL, 14, 2010092206, 03, GPCC,  96, 198N,  355W,  68,  266,   ,   0,    ,    0,    0,    0,    0, 
AL, 14, 2010092206, 03, GPCC, 120, 214N,  388W,  68,  356,   ,   0,    ,    0,    0,    0,    0, 
AL, 14, 2010092206, 03, TCON,  12, 179N,  303W,  68,   44,   ,   0,    ,    0,    0,    0,    0, 
AL, 14, 2010092206, 03, TCON,  24, 178N,  303W,  68,   72,   ,   0,    ,    0,    0,    0,    0, 
AL, 14, 2010092206, 03, TCON,  36, 178N,  305W,  68,   99,   ,   0,    ,    0,    0,    0,    0, 
AL, 14, 2010092206, 03, TCON,  48, 179N,  311W,  68,  120,   ,   0,    ,    0,    0,    0,    0, 
AL, 14, 2010092206, 03, TCON,  72, 188N,  328W,  68,  163,   ,   0,    ,    0,    0,    0,    0, 
AL, 14, 2010092206, 03, TCON,  96, 202N,  350W,  68,  231,   ,   0,    ,    0,    0,    0,    0, 
AL, 14, 2010092206, 03, TCON, 120, 222N,  383W,  68,  305,   ,   0,    ,    0,    0,    0,    0, 
AL, 14, 2010092206, 03, TCOX,   0, 179N,  306W,  70,    0,   , 180, AAA,    0,    0,    0,    0, 
AL, 14, 2010092206, 03, TCOX,  12, 179N,  304W,  70,   39,   , 198, AAA,   44,   36,    2,    0, 
AL, 14, 2010092206, 03, TCOX,  24, 178N,  303W,  70,   76,   , 113, AAA,   60,   97,    5,   -1, 
AL, 14, 2010092206, 03, TCOX,  36, 180N,  305W,  70,   98,   ,  85, AAA,   90,  108,    8,   -5, 
AL, 14, 2010092206, 03, TCOX,  48, 183N,  310W,  70,  117,   ,  73, AAA,  117,  118,   13,  -10, 
AL, 14, 2010092206, 03, TCOX,  72, 194N,  324W,  70,  152,   ,  57, AAA,  183,  127,   20,  -19, 
AL, 14, 2010092206, 03, TCOX,  96, 210N,  345W,  70,  198,   ,  59, AAA,  270,  146,   18,  -32, 
AL, 14, 2010092206, 03, TCOX, 120, 231N,  377W,  70,  259,   ,  58, AAA,  341,  198,    0,  -65, 
AL, 14, 2010092206, 03, TVCN,  12, 177N,  305W,  68,   51,   ,   0,    ,    0,    0,    0,    0, 
AL, 14, 2010092206, 03, TVCN,  24, 175N,  307W,  68,   87,   ,   0,    ,    0,    0,    0,    0, 
AL, 14, 2010092206, 03, TVCN,  36, 175N,  310W,  68,  119,   ,   0,    ,    0,    0,    0,    0, 
AL, 14, 2010092206, 03, TVCN,  48, 176N,  317W,  68,  144,   ,   0,    ,    0,    0,    0,    0, 
AL, 14, 2010092206, 03, TVCN,  72, 186N,  333W,  68,  185,   ,   0,    ,    0,    0,    0,    0, 
AL, 14, 2010092206, 03, TVCN,  96, 198N,  355W,  68,  250,   ,   0,    ,    0,    0,    0,    0, 
AL, 14, 2010092206, 03, TVCN, 120, 214N,  388W,  68,  316,   ,   0,    ,    0,    0,    0,    0, 
AL, 14, 2010092206, 03, TVCX,   0, 179N,  306W,  70,    0,   , 213, AAA,    0,    0,    0,    0, 
AL, 14, 2010092206, 03, TVCX,  12, 178N,  305W,  70,   47,   , 121, AAA,   41,   55,    2,    0, 
AL, 14, 2010092206, 03, TVCX,  24, 176N,  307W,  70,   83,   , 109, AAA,   63,  111,    5,   -1, 
AL, 14, 2010092206, 03, TVCX,  36, 177N,  310W,  70,  114,   ,  82, AAA,   92,  141,    8,   -5, 
AL, 14, 2010092206, 03, TVCX,  48, 180N,  315W,  70,  139,   ,  72, AAA,  122,  158,   13,  -10, 
AL, 14, 2010092206, 03, TVCX,  72, 191N,  330W,  70,  175,   ,  59, AAA,  193,  158,   20,  -19, 
AL, 14, 2010092206, 03, TVCX,  96, 205N,  351W,  70,  222,   ,  63, AAA,  280,  177,   18,  -32, 
AL, 14, 2010092206, 03, TVCX, 120, 224N,  383W,  70,  273,   ,  63, AAA,  344,  216,    0,  -65, 
AL, 14, 2010092212, 03, GPCC,  12, 170N,  303W,  68,   36,   ,   0,    ,    0,    0,    0,    0, 
AL, 14, 2010092212, 03, GPCC,  24, 170N,  304W,  68,   72,   ,   0,    ,    0,    0,    0,    0, 
AL, 14, 2010092212, 03, GPCC,  36, 170N,  307W,  68,  100,   ,   0,    ,    0,    0,    0,    0, 
AL, 14, 2010092212, 03, GPCC,  48, 173N,  313W,  68,  129,   ,   0,    ,    0,    0,    0,    0, 
AL, 14, 2010092212, 03, GPCC,  72, 187N,  327W,  68,  192,   ,   0,    ,    0,    0,    0,    0, 
AL, 14, 2010092212, 03, GPCC,  96, 202N,  348W,  68,  266,   ,   0,    ,    0,    0,    0,    0, 
AL, 14, 2010092212, 03, GPCC, 120, 216N,  380W,  68,  356,   ,   0,    ,    0,    0,    0,    0, 
AL, 14, 2010092212, 03, TCON,  12, 170N,  303W,  68,   36,   ,   0,    ,    0,    0,    0,    0, 
AL, 14, 2010092212, 03, TCON,  24, 170N,  302W,  68,   57,   ,   0,    ,    0,    0,    0,    0, 
AL, 14, 2010092212, 03, TCON,  36, 171N,  303W,  68,   78,   ,   0,    ,    0,    0,    0,    0, 
AL, 14, 2010092212, 03, TCON,  48, 174N,  307W,  68,   99,   ,   0,    ,    0,    0,    0,    0, 
AL, 14, 2010092212, 03, TCON,  72, 188N,  320W,  68,  166,   ,   0,    ,    0,    0,    0,    0, 
AL, 14, 2010092212, 03, TCON,  96, 206N,  339W,  68,  244,   ,   0,    ,    0,    0,    0,    0, 
AL, 14, 2010092212, 03, TCON, 120, 219N,  369W,  68,  374,   ,   0,    ,    0,    0,    0,    0, 
AL, 14, 2010092212, 03, TCOX,   0, 171N,  306W,  70,    0,   , 190, AAA,    0,    0,    0,    0, 
AL, 14, 2010092212, 03, TCOX,  12, 170N,  303W,  70,   37,   , 208, AAA,   38,   37,    2,    0, 
AL, 14, 2010092212, 03, TCOX,  24, 170N,  301W,  70,   62,   ,  53, AAA,   60,   65,    5,   -1, 
AL, 14, 2010092212, 03, TCOX,  36, 173N,  302W,  70,   78,   ,  54, AAA,   85,   73,    8,   -5, 
AL, 14, 2010092212, 03, TCOX,  48, 176N,  305W,  70,   98,   ,  49, AAA,  108,   89,   13,  -10, 
AL, 14, 2010092212, 03, TCOX,  72, 192N,  314W,  70,  154,   ,  41, AAA,  177,  135,   20,  -19, 
AL, 14, 2010092212, 03, TCOX,  96, 213N,  334W,  70,  217,   ,  57, AAA,  275,  171,   18,  -32, 
AL, 14, 2010092212, 03, TCOX, 120, 229N,  365W,  70,  331,   ,  70, AAA,  379,  290,    0,  -65, 
AL, 14, 2010092212, 03, TVCN,  12, 170N,  303W,  68,   41,   ,   0,    ,    0,    0,    0,    0, 
AL, 14, 2010092212, 03, TVCN,  24, 170N,  304W,  68,   69,   ,   0,    ,    0,    0,    0,    0, 
AL, 14, 2010092212, 03, TVCN,  36, 170N,  307W,  68,   96,   ,   0,    ,    0,    0,    0,    0, 
AL, 14, 2010092212, 03, TVCN,  48, 173N,  313W,  68,  121,   ,   0,    ,    0,    0,    0,    0, 
AL, 14, 2010092212, 03, TVCN,  72, 187N,  327W,  68,  178,   ,   0,    ,    0,    0,    0,    0, 
AL, 14, 2010092212, 03, TVCN,  96, 202N,  348W,  68,  252,   ,   0,    ,    0,    0,    0,    0, 
AL, 14, 2010092212, 03, TVCN, 120, 216N,  380W,  68,  355,   ,   0,    ,    0,    0,    0,    0, 
AL, 14, 2010092212, 03, TVCX,   0, 171N,  306W,  70,    0,   , 188, AAA,    0,    0,    0,    0, 
AL, 14, 2010092212, 03, TVCX,  12, 170N,  303W,  70,   41,   , 221, AAA,   37,   47,    2,    0, 
AL, 14, 2010092212, 03, TVCX,  24, 170N,  303W,  70,   66,   ,   5, AAA,   68,   65,    5,   -1, 
AL, 14, 2010092212, 03, TVCX,  36, 173N,  307W,  70,   96,   ,  80, AAA,   83,  112,    8,   -5, 
AL, 14, 2010092212, 03, TVCX,  48, 176N,  311W,  70,  119,   ,  58, AAA,  118,  120,   13,  -10, 
AL, 14, 2010092212, 03, TVCX,  72, 191N,  323W,  70,  168,   ,  47, AAA,  191,  149,   20,  -19, 
AL, 14, 2010092212, 03, TVCX,  96, 210N,  344W,  70,  233,   ,  61, AAA,  272,  200,   18,  -32, 
AL, 14, 2010092212, 03, TVCX, 120, 226N,  376W,  70,  323,   ,  70, AAA,  352,  298,    0,  -65, 
AL, 14, 2010092218, 03, GPCC,  12, 177N,  299W,  68,   36,   ,   0,    ,    0,    0,    0,    0, 
AL, 14, 2010092218, 03, GPCC,  24, 179N,  300W,  68,   72,   ,   0,    ,    0,    0,    0,    0, 
AL, 14, 2010092218, 03, GPCC,  36, 185N,  305W,  68,  100,   ,   0,    ,    0,    0,    0,    0, 
AL, 14, 2010092218, 03, GPCC,  48, 191N,  312W,  68,  129,   ,   0,    ,    0,    0,    0,    0, 
AL, 14, 2010092218, 03, GPCC,  72, 207N,  324W,  68,  192,   ,   0,    ,    0,    0,    0,    0, 
AL, 14, 2010092218, 03, GPCC,  96, 224N,  347W,  68,  266,   ,   0,    ,    0,    0,    0,    0, 
AL, 14, 2010092218, 03, GPCC, 120, 245N,  379W,  68,  356,   ,   0,    ,    0,    0,    0,    0, 
AL, 14, 2010092218, 03, TCON,  12, 176N,  300W,  68,   34,   ,   0,    ,    0,    0,    0,    0, 
AL, 14, 2010092218, 03, TCON,  24, 179N,  301W,  68,   56,   ,   0,    ,    0,    0,    0,    0, 
AL, 14, 2010092218, 03, TCON,  36, 184N,  306W,  68,   77,   ,   0,    ,    0,    0,    0,    0, 
AL, 14, 2010092218, 03, TCON,  48, 191N,  312W,  68,   94,   ,   0,    ,    0,    0,    0,    0, 
AL, 14, 2010092218, 03, TCON,  72, 207N,  323W,  68,  154,   ,   0,    ,    0,    0,    0,    0, 
AL, 14, 2010092218, 03, TCON,  96, 225N,  345W,  68,  209,   ,   0,    ,    0,    0,    0,    0, 
AL, 14, 2010092218, 03, TCON, 120, 246N,  375W,  68,  247,   ,   0,    ,    0,    0,    0,    0, 
AL, 14, 2010092218, 03, TCOX,   0, 177N,  302W,  70,    0,   , 221, AAA,    0,    0,    0,    0, 
AL, 14, 2010092218, 03, TCOX,  12, 176N,  300W,  70,   37,   , 322, AAA,   36,   40,    2,    0, 
AL, 14, 2010092218, 03, TCOX,  24, 179N,  300W,  70,   59,   ,  25, AAA,   61,   57,    5,   -1, 
AL, 14, 2010092218, 03, TCOX,  36, 186N,  304W,  70,   76,   ,  43, AAA,   86,   68,    8,   -5, 
AL, 14, 2010092218, 03, TCOX,  48, 193N,  309W,  70,   97,   ,  40, AAA,  108,   88,   13,  -10, 
AL, 14, 2010092218, 03, TCOX,  72, 211N,  317W,  70,  150,   ,  36, AAA,  177,  128,   20,  -19, 
AL, 14, 2010092218, 03, TCOX,  96, 232N,  340W,  70,  178,   ,  59, AAA,  254,  125,   18,  -32, 
AL, 14, 2010092218, 03, TCOX, 120, 254N,  367W,  70,  246,   ,  47, AAA,  285,  213,    0,  -65, 
AL, 14, 2010092218, 03, TVCN,  12, 177N,  299W,  68,   39,   ,   0,    ,    0,    0,    0,    0, 
AL, 14, 2010092218, 03, TVCN,  24, 179N,  300W,  68,   64,   ,   0,    ,    0,    0,    0,    0, 
AL, 14, 2010092218, 03, TVCN,  36, 185N,  305W,  68,   85,   ,   0,    ,    0,    0,    0,    0, 
AL, 14, 2010092218, 03, TVCN,  48, 191N,  312W,  68,  100,   ,   0,    ,    0,    0,    0,    0, 
AL, 14, 2010092218, 03, TVCN,  72, 207N,  324W,  68,  152,   ,   0,    ,    0,    0,    0,    0, 
AL, 14, 2010092218, 03, TVCN,  96, 224N,  347W,  68,  206,   ,   0,    ,    0,    0,    0,    0, 
AL, 14, 2010092218, 03, TVCN, 120, 245N,  379W,  68,  253,   ,   0,    ,    0,    0,    0,    0, 
AL, 14, 2010092218, 03, TVCX,   0, 177N,  302W,  70,    0,   , 191, AAA,    0,    0,    0,    0, 
AL, 14, 2010092218, 03, TVCX,  12, 176N,  299W,  70,   40,   , 292, AAA,   37,   46,    2,    0, 
AL, 14, 2010092218, 03, TVCX,  24, 180N,  299W,  70,   62,   ,  24, AAA,   66,   60,    5,   -1, 
AL, 14, 2010092218, 03, TVCX,  36, 187N,  303W,  70,   82,   ,  46, AAA,   89,   77,    8,   -5, 
AL, 14, 2010092218, 03, TVCX,  48, 193N,  309W,  70,  101,   ,  43, AAA,  112,   92,   13,  -10, 
AL, 14, 2010092218, 03, TVCX,  72, 212N,  319W,  70,  146,   ,  41, AAA,  180,  119,   20,  -19, 
AL, 14, 2010092218, 03, TVCX,  96, 231N,  342W,  70,  187,   ,  60, AAA,  249,  141,   18,  -32, 
AL, 14, 2010092218, 03, TVCX, 120, 253N,  372W,  70,  252,   ,  52, AAA,  281,  226,    0,  -65, 
AL, 14, 2010092300, 03, GPCC,  12, 178N,  295W,  68,   36,   ,   0,    ,    0,    0,    0,    0, 
AL, 14, 2010092300, 03, GPCC,  24, 181N,  299W,  68,   72,   ,   0,    ,    0,    0,    0,    0, 
AL, 14, 2010092300, 03, GPCC,  36, 185N,  305W,  68,  100,   ,   0,    ,    0,    0,    0,    0, 
AL, 14, 2010092300, 03, GPCC,  48, 192N,  310W,  68,  129,   ,   0,    ,    0,    0,    0,    0, 
AL, 14, 2010092300, 03, GPCC,  72, 213N,  323W,  68,  192,   ,   0,    ,    0,    0,    0,    0, 
AL, 14, 2010092300, 03, GPCC,  96, 233N,  346W,  68,  266,   ,   0,    ,    0,    0,    0,    0, 
AL, 14, 2010092300, 03, GPCC, 120, 258N,  373W,  68,  356,   ,   0,    ,    0,    0,    0,    0, 
AL, 14, 2010092300, 03, TCON,  12, 177N,  296W,  68,   39,   ,   0,    ,    0,    0,    0,    0, 
AL, 14, 2010092300, 03, TCON,  24, 180N,  299W,  68,   60,   ,   0,    ,    0,    0,    0,    0, 
AL, 14, 2010092300, 03, TCON,  36, 185N,  304W,  68,   82,   ,   0,    ,    0,    0,    0,    0, 
AL, 14, 2010092300, 03, TCON,  48, 192N,  308W,  68,  101,   ,   0,    ,    0,    0,    0,    0, 
AL, 14, 2010092300, 03, TCON,  72, 213N,  318W,  68,  162,   ,   0,    ,    0,    0,    0,    0, 
AL, 14, 2010092300, 03, TCON,  96, 236N,  339W,  68,  247,   ,   0,    ,    0,    0,    0,    0, 
AL, 14, 2010092300, 03, TCON, 120, 261N,  362W,  68,  352,   ,   0,    ,    0,    0,    0,    0, 
AL, 14, 2010092300, 03, TCOX,   0, 176N,  296W,  70,    0,   , 279, AAA,    0,    0,    0,    0, 
AL, 14, 2010092300, 03, TCOX,  12, 177N,  295W,  70,   39,   ,  28, AAA,   39,   41,    2,    0, 
AL, 14, 2010092300, 03, TCOX,  24, 181N,  298W,  70,   61,   ,  49, AAA,   64,   60,    5,   -1, 
AL, 14, 2010092300, 03, TCOX,  36, 185N,  302W,  70,   88,   ,  38, AAA,   81,   96,    8,   -5, 
AL, 14, 2010092300, 03, TCOX,  48, 194N,  304W,  70,  112,   ,  27, AAA,   98,  130,   13,  -10, 
AL, 14, 2010092300, 03, TCOX,  72, 216N,  312W,  70,  159,   ,  32, AAA,  179,  141,   20,  -19, 
AL, 14, 2010092300, 03, TCOX,  96, 242N,  332W,  70,  212,   ,  43, AAA,  283,  159,   18,  -32, 
AL, 14, 2010092300, 03, TCOX, 120, 268N,  353W,  70,  298,   ,  44, AAA,  376,  238,    0,  -65, 
AL, 14, 2010092300, 03, TVCN,  12, 178N,  295W,  68,   42,   ,   0,    ,    0,    0,    0,    0, 
AL, 14, 2010092300, 03, TVCN,  24, 181N,  299W,  68,   67,   ,   0,    ,    0,    0,    0,    0, 
AL, 14, 2010092300, 03, TVCN,  36, 185N,  305W,  68,   89,   ,   0,    ,    0,    0,    0,    0, 
AL, 14, 2010092300, 03, TVCN,  48, 192N,  310W,  68,  107,   ,   0,    ,    0,    0,    0,    0, 
AL, 14, 2010092300, 03, TVCN,  72, 213N,  323W,  68,  160,   ,   0,    ,    0,    0,    0,    0, 
AL, 14, 2010092300, 03, TVCN,  96, 233N,  346W,  68,  242,   ,   0,    ,    0,    0,    0,    0, 
AL, 14, 2010092300, 03, TVCN, 120, 258N,  373W,  68,  335,   ,   0,    ,    0,    0,    0,    0, 
AL, 14, 2010092300, 03, TVCX,   0, 176N,  296W,  70,    0,   , 294, AAA,    0,    0,    0,    0, 
AL, 14, 2010092300, 03, TVCX,  12, 178N,  295W,  70,   41,   ,  41, AAA,   39,   45,    2,    0, 
AL, 14, 2010092300, 03, TVCX,  24, 182N,  298W,  70,   67,   ,  51, AAA,   65,   70,    5,   -1, 
AL, 14, 2010092300, 03, TVCX,  36, 187N,  303W,  70,   90,   ,  45, AAA,   87,   94,    8,   -5, 
AL, 14, 2010092300, 03, TVCX,  48, 194N,  307W,  70,  110,   ,  33, AAA,  107,  115,   13,  -10, 
AL, 14, 2010092300, 03, TVCX,  72, 217N,  317W,  70,  159,   ,  39, AAA,  182,  141,   20,  -19, 
AL, 14, 2010092300, 03, TVCX,  96, 240N,  340W,  70,  218,   ,  49, AAA,  275,  174,   18,  -32, 
AL, 14, 2010092300, 03, TVCX, 120, 266N,  365W,  70,  298,   ,  50, AAA,  354,  252,    0,  -65, 
AL, 14, 2010092306, 03, GPCC,  12, 182N,  292W,  68,   36,   ,   0,    ,    0,    0,    0,    0, 
AL, 14, 2010092306, 03, GPCC,  24, 188N,  297W,  68,   72,   ,   0,    ,    0,    0,    0,    0, 
AL, 14, 2010092306, 03, GPCC,  36, 194N,  303W,  68,  100,   ,   0,    ,    0,    0,    0,    0, 
AL, 14, 2010092306, 03, GPCC,  48, 203N,  309W,  68,  129,   ,   0,    ,    0,    0,    0,    0, 
AL, 14, 2010092306, 03, GPCC,  72, 224N,  326W,  68,  192,   ,   0,    ,    0,    0,    0,    0, 
AL, 14, 2010092306, 03, GPCC,  96, 241N,  352W,  68,  266,   ,   0,    ,    0,    0,    0,    0, 
AL, 14, 2010092306, 03, GPCC, 120, 268N,  371W,  68,  356,   ,   0,    ,    0,    0,    0,    0, 
AL, 14, 2010092306, 03, TCON,  12, 181N,  292W,  68,   40,   ,   0,    ,    0,    0,    0,    0, 
AL, 14, 2010092306, 03, TCON,  24, 186N,  296W,  68,   61,   ,   0,    ,    0,    0,    0,    0, 
AL, 14, 2010092306, 03, TCON,  36, 193N,  300W,  68,   81,   ,   0,    ,    0,    0,    0,    0, 
AL, 14, 2010092306, 03, TCON,  48, 202N,  306W,  68,   96,   ,   0,    ,    0,    0,    0,    0, 
AL, 14, 2010092306, 03, TCON,  72, 223N,  321W,  68,  160,   ,   0,    ,    0,    0,    0,    0, 
AL, 14, 2010092306, 03, TCON,  96, 240N,  345W,  68,  241,   ,   0,    ,    0,    0,    0,    0, 
AL, 14, 2010092306, 03, TCOX,   0, 177N,  291W,  70,    0,   ,   2, AAA,    0,    0,    0,    0, 
AL, 14, 2010092306, 03, TCOX,  12, 181N,  292W,  70,   41,   ,  19, AAA,   39,   44,    2,    0, 
AL, 14, 2010092306, 03, TCOX,  24, 187N,  295W,  70,   66,   ,  36, AAA,   61,   73,    5,   -1, 
AL, 14, 2010092306, 03, TCOX,  36, 194N,  298W,  70,   86,   ,  33, AAA,   81,   92,    8,   -5, 
AL, 14, 2010092306, 03, TCOX,  48, 204N,  302W,  70,  104,   ,  30, AAA,  103,  106,   13,  -10, 
AL, 14, 2010092306, 03, TCOX,  72, 227N,  316W,  70,  154,   ,  45, AAA,  181,  132,   20,  -19, 
AL, 14, 2010092306, 03, TCOX,  96, 248N,  340W,  70,  229,   ,  60, AAA,  275,  192,   18,  -32, 
AL, 14, 2010092306, 03, TVCN,  12, 182N,  292W,  68,   42,   ,   0,    ,    0,    0,    0,    0, 
AL, 14, 2010092306, 03, TVCN,  24, 188N,  297W,  68,   66,   ,   0,    ,    0,    0,    0,    0, 
AL, 14, 2010092306, 03, TVCN,  36, 194N,  303W,  68,   87,   ,   0,    ,    0,    0,    0,    0, 
AL, 14, 2010092306, 03, TVCN,  48, 203N,  309W,  68,  102,   ,   0,    ,    0,    0,    0,    0, 
AL, 14, 2010092306, 03, TVCN,  72, 224N,  326W,  68,  165,   ,   0,    ,    0,    0,    0,    0, 
AL, 14, 2010092306, 03, TVCN,  96, 241N,  352W,  68,  253,   ,   0,    ,    0,    0,    0,    0, 
AL, 14, 2010092306, 03, TVCN, 120, 268N,  371W,  68,  316,   ,   0,    ,    0,    0,    0,    0, 
AL, 14, 2010092306, 03, TVCX,   0, 177N,  291W,  70,    0,   ,   2, AAA,    0,    0,    0,    0, 
AL, 14, 2010092306, 03, TVCX,  12, 182N,  292W,  70,   42,   ,  22, AAA,   38,   48,    2,    0, 
AL, 14, 2010092306, 03, TVCX,  24, 188N,  296W,  70,   69,   ,  40, AAA,   60,   81,    5,   -1, 
AL, 14, 2010092306, 03, TVCX,  36, 196N,  301W,  70,   90,   ,  39, AAA,   81,  102,    8,   -5, 
AL, 14, 2010092306, 03, TVCX,  48, 205N,  306W,  70,  110,   ,  35, AAA,  105,  116,   13,  -10, 
AL, 14, 2010092306, 03, TVCX,  72, 228N,  321W,  70,  165,   ,  49, AAA,  182,  150,   20,  -19, 
AL, 14, 2010092306, 03, TVCX,  96, 249N,  348W,  70,  235,   ,  61, AAA,  269,  205,   18,  -32, 
AL, 14, 2010092306, 03, TVCX, 120, 268N,  359W,  70,  267,   ,   1, AAA,  334,  214,    0,  -65, 
AL, 14, 2010092312, 03, GPCC,  12, 180N,  288W,  68,   36,   ,   0,    ,    0,    0,    0,    0, 
AL, 14, 2010092312, 03, GPCC,  24, 187N,  291W,  68,   72,   ,   0,    ,    0,    0,    0,    0, 
AL, 14, 2010092312, 03, GPCC,  36, 195N,  296W,  68,  100,   ,   0,    ,    0,    0,    0,    0, 
AL, 14, 2010092312, 03, GPCC,  48, 207N,  302W,  68,  129,   ,   0,    ,    0,    0,    0,    0, 
AL, 14, 2010092312, 03, GPCC,  72, 231N,  318W,  68,  192,   ,   0,    ,    0,    0,    0,    0, 
AL, 14, 2010092312, 03, GPCC,  96, 248N,  342W,  68,  266,   ,   0,    ,    0,    0,    0,    0, 
AL, 14, 2010092312, 03, GPCC, 120, 267N,  365W,  68,  356,   ,   0,    ,    0,    0,    0,    0, 
AL, 14, 2010092312, 03, TCON,  12, 180N,  288W,  68,   43,   ,   0,    ,    0,    0,    0,    0, 
AL, 14, 2010092312, 03, TCON,  24, 187N,  291W,  68,   61,   ,   0,    ,    0,    0,    0,    0, 
AL, 14, 2010092312, 03, TCON,  36, 196N,  295W,  68,   79,   ,   0,    ,    0,    0,    0,    0, 
AL, 14, 2010092312, 03, TCON,  48, 208N,  298W,  68,   94,   ,   0,    ,    0,    0,    0,    0, 
AL, 14, 2010092312, 03, TCON,  72, 234N,  311W,  68,  160,   ,   0,    ,    0,    0,    0,    0, 
AL, 14, 2010092312, 03, TCON,  96, 253N,  332W,  68,  251,   ,   0,    ,    0,    0,    0,    0, 
AL, 14, 2010092312, 03, TCON, 120, 269N,  353W,  68,  359,   ,   0,    ,    0,    0,    0,    0, 
AL, 14, 2010092312, 03, TCOX,   0, 175N,  288W,  70,    0,   ,   0, AAA,    0,    0,    0,    0, 
AL, 14, 2010092312, 03, TCOX,  12, 180N,  288W,  70,   44,   ,   5, AAA,   37,   53,    2,    0, 
AL, 14, 2010092312, 03, TCOX,  24, 187N,  290W,  70,   68,   ,  24, AAA,   58,   81,    5,   -1, 
AL, 14, 2010092312, 03, TCOX,  36, 196N,  292W,  70,   86,   ,  19, AAA,   79,   95,    8,   -5, 
AL, 14, 2010092312, 03, TCOX,  48, 210N,  294W,  70,  101,   ,  18, AAA,  103,  101,   13,  -10, 
AL, 14, 2010092312, 03, TCOX,  72, 239N,  305W,  70,  149,   ,  39, AAA,  183,  123,   20,  -19, 
AL, 14, 2010092312, 03, TCOX,  96, 259N,  326W,  70,  232,   ,  53, AAA,  281,  192,   18,  -32, 
AL, 14, 2010092312, 03, TCOX, 120, 277N,  345W,  70,  323,   ,  49, AAA,  356,  294,    0,  -65, 
AL, 14, 2010092312, 03, TVCN,  12, 180N,  288W,  68,   43,   ,   0,    ,    0,    0,    0,    0, 
AL, 14, 2010092312, 03, TVCN,  24, 187N,  291W,  68,   65,   ,   0,    ,    0,    0,    0,    0, 
AL, 14, 2010092312, 03, TVCN,  36, 195N,  296W,  68,   84,   ,   0,    ,    0,    0,    0,    0, 
AL, 14, 2010092312, 03, TVCN,  48, 207N,  302W,  68,   98,   ,   0,    ,    0,    0,    0,    0, 
AL, 14, 2010092312, 03, TVCN,  72, 231N,  318W,  68,  166,   ,   0,    ,    0,    0,    0,    0, 
AL, 14, 2010092312, 03, TVCN,  96, 248N,  342W,  68,  257,   ,   0,    ,    0,    0,    0,    0, 
AL, 14, 2010092312, 03, TVCN, 120, 267N,  365W,  68,  344,   ,   0,    ,    0,    0,    0,    0, 
AL, 14, 2010092312, 03, TVCX,   0, 175N,  288W,  70,    0,   , 346, AAA,    0,    0,    0,    0, 
AL, 14, 2010092312, 03, TVCX,  12, 180N,  287W,  70,   44,   ,  11, AAA,   38,   52,    2,    0, 
AL, 14, 2010092312, 03, TVCX,  24, 187N,  291W,  70,   70,   ,  31, AAA,   57,   87,    5,   -1, 
AL, 14, 2010092312, 03, TVCX,  36, 196N,  294W,  70,   88,   ,  28, AAA,   80,   99,    8,   -5, 
AL, 14, 2010092312, 03, TVCX,  48, 208N,  298W,  70,  105,   ,  26, AAA,  107,  105,   13,  -10, 
AL, 14, 2010092312, 03, TVCX,  72, 235N,  313W,  70,  156,   ,  47, AAA,  188,  131,   20,  -19, 
AL, 14, 2010092312, 03, TVCX,  96, 255N,  337W,  70,  234,   ,  54, AAA,  282,  195,   18,  -32, 
AL, 14, 2010092312, 03, TVCX, 120, 275N,  357W,  70,  310,   ,  46, AAA,  348,  277,    0,  -65, 
AL, 14, 2010092318, 03, GPCC,  12, 181N,  285W,  68,   36,   ,   0,    ,    0,    0,    0,    0, 
AL, 14, 2010092318, 03, GPCC,  24, 191N,  288W,  68,   72,   ,   0,    ,    0,    0,    0,    0, 
AL, 14, 2010092318, 03, GPCC,  36, 203N,  294W,  68,  100,   ,   0,    ,    0,    0,    0,    0, 
AL, 14, 2010092318, 03, GPCC,  48, 218N,  300W,  68,  129,   ,   0,    ,    0,    0,    0,    0, 
AL, 14, 2010092318, 03, GPCC,  72, 244N,  316W,  68,  192,   ,   0,    ,    0,    0,    0,    0, 
AL, 14, 2010092318, 03, GPCC,  96, 262N,  347W,  68,  266,   ,   0,    ,    0,    0,    0,    0, 
AL, 14, 2010092318, 03, GPCC, 120, 287N,  366W,  68,  356,   ,   0,    ,    0,    0,    0,    0, 
AL, 14, 2010092318, 03, TCON,  12, 182N,  285W,  68,   37,   ,   0,    ,    0,    0,    0,    0, 
AL, 14, 2010092318, 03, TCON,  24, 191N,  287W,  68,   51,   ,   0,    ,    0,    0,    0,    0, 
AL, 14, 2010092318, 03, TCON,  36, 205N,  292W,  68,   72,   ,   0,    ,    0,    0,    0,    0, 
AL, 14, 2010092318, 03, TCON,  48, 220N,  297W,  68,   87,   ,   0,    ,    0,    0,    0,    0, 
AL, 14, 2010092318, 03, TCON,  72, 248N,  310W,  68,  139,   ,   0,    ,    0,    0,    0,    0, 
AL, 14, 2010092318, 03, TCOX,   0, 175N,  286W,  70,    0,   , 325, AAA,    0,    0,    0,    0, 
AL, 14, 2010092318, 03, TCOX,  12, 182N,  284W,  70,   40,   ,  34, AAA,   36,   46,    2,    0, 
AL, 14, 2010092318, 03, TCOX,  24, 192N,  286W,  70,   59,   ,  16, AAA,   56,   63,    5,   -1, 
AL, 14, 2010092318, 03, TCOX,  36, 205N,  290W,  70,   77,   ,  19, AAA,   80,   74,    8,   -5, 
AL, 14, 2010092318, 03, TCOX,  48, 222N,  293W,  70,   97,   ,  18, AAA,  101,   95,   13,  -10, 
AL, 14, 2010092318, 03, TCOX,  72, 253N,  304W,  70,  137,   ,  42, AAA,  171,  111,   20,  -19, 
AL, 14, 2010092318, 03, TVCN,  12, 181N,  285W,  68,   38,   ,   0,    ,    0,    0,    0,    0, 
AL, 14, 2010092318, 03, TVCN,  24, 191N,  288W,  68,   57,   ,   0,    ,    0,    0,    0,    0, 
AL, 14, 2010092318, 03, TVCN,  36, 203N,  294W,  68,   78,   ,   0,    ,    0,    0,    0,    0, 
AL, 14, 2010092318, 03, TVCN,  48, 218N,  300W,  68,   95,   ,   0,    ,    0,    0,    0,    0, 
AL, 14, 2010092318, 03, TVCN,  72, 244N,  316W,  68,  157,   ,   0,    ,    0,    0,    0,    0, 
AL, 14, 2010092318, 03, TVCN,  96, 262N,  347W,  68,  238,   ,   0,    ,    0,    0,    0,    0, 
AL, 14, 2010092318, 03, TVCN, 120, 287N,  366W,  68,  322,   ,   0,    ,    0,    0,    0,    0, 
AL, 14, 2010092318, 03, TVCX,   0, 175N,  286W,  70,    0,   , 325, AAA,    0,    0,    0,    0, 
AL, 14, 2010092318, 03, TVCX,  12, 182N,  284W,  70,   41,   ,  26, AAA,   37,   46,    2,    0, 
AL, 14, 2010092318, 03, TVCX,  24, 191N,  287W,  70,   60,   ,  21, AAA,   60,   61,    5,   -1, 
AL, 14, 2010092318, 03, TVCX,  36, 204N,  291W,  70,   77,   ,  23, AAA,   84,   72,    8,   -5, 
AL, 14, 2010092318, 03, TVCX,  48, 220N,  296W,  70,   98,   ,  24, AAA,  109,   89,   13,  -10, 
AL, 14, 2010092318, 03, TVCX,  72, 248N,  312W,  70,  144,   ,  48, AAA,  185,  113,   20,  -19, 
AL, 14, 2010092318, 03, TVCX,  96, 268N,  342W,  70,  219,   ,  56, AAA,  269,  178,   18,  -32, 
AL, 14, 2010092318, 03, TVCX, 120, 290N,  354W,  70,  273,   ,  15, AAA,  340,  220,    0,  -65, 
AL, 14, 2010092400, 03, GPCC,  12, 188N,  282W,  68,   36,   ,   0,    ,    0,    0,    0,    0, 
AL, 14, 2010092400, 03, GPCC,  24, 200N,  287W,  68,   72,   ,   0,    ,    0,    0,    0,    0, 
AL, 14, 2010092400, 03, GPCC,  36, 214N,  292W,  68,  100,   ,   0,    ,    0,    0,    0,    0, 
AL, 14, 2010092400, 03, GPCC,  48, 229N,  298W,  68,  129,   ,   0,    ,    0,    0,    0,    0, 
AL, 14, 2010092400, 03, GPCC,  72, 253N,  315W,  68,  192,   ,   0,    ,    0,    0,    0,    0, 
AL, 14, 2010092400, 03, GPCC,  96, 272N,  338W,  68,  266,   ,   0,    ,    0,    0,    0,    0, 
AL, 14, 2010092400, 03, GPCC, 120, 290N,  348W,  68,  356,   ,   0,    ,    0,    0,    0,    0, 
AL, 14, 2010092400, 03, TCON,  12, 188N,  282W,  68,   38,   ,   0,    ,    0,    0,    0,    0, 
AL, 14, 2010092400, 03, TCON,  24, 200N,  285W,  68,   58,   ,   0,    ,    0,    0,    0,    0, 
AL, 14, 2010092400, 03, TCON,  36, 215N,  290W,  68,   82,   ,   0,    ,    0,    0,    0,    0, 
AL, 14, 2010092400, 03, TCON,  48, 231N,  295W,  68,   99,   ,   0,    ,    0,    0,    0,    0, 
AL, 14, 2010092400, 03, TCON,  72, 256N,  308W,  68,  173,   ,   0,    ,    0,    0,    0,    0, 
AL, 14, 2010092400, 03, TCOX,   0, 179N,  282W,  70,    0,   ,   0, AAA,    0,    0,    0,    0, 
AL, 14, 2010092400, 03, TCOX,  12, 188N,  282W,  70,   39,   ,   2, AAA,   39,   41,    2,    0, 
AL, 14, 2010092400, 03, TCOX,  24, 200N,  285W,  70,   60,   ,  16, AAA,   62,   59,    5,   -1, 
AL, 14, 2010092400, 03, TCOX,  36, 216N,  287W,  70,   79,   ,  16, AAA,   88,   72,    8,   -5, 
AL, 14, 2010092400, 03, TCOX,  48, 233N,  291W,  70,  100,   ,  20, AAA,  112,   90,   13,  -10, 
AL, 14, 2010092400, 03, TCOX,  72, 260N,  302W,  70,  146,   ,  34, AAA,  193,  111,   20,  -19, 
AL, 14, 2010092400, 03, TVCN,  12, 188N,  282W,  68,   38,   ,   0,    ,    0,    0,    0,    0, 
AL, 14, 2010092400, 03, TVCN,  24, 200N,  287W,  68,   60,   ,   0,    ,    0,    0,    0,    0, 
AL, 14, 2010092400, 03, TVCN,  36, 214N,  292W,  68,   85,   ,   0,    ,    0,    0,    0,    0, 
AL, 14, 2010092400, 03, TVCN,  48, 229N,  298W,  68,  102,   ,   0,    ,    0,    0,    0,    0, 
AL, 14, 2010092400, 03, TVCN,  72, 253N,  315W,  68,  175,   ,   0,    ,    0,    0,    0,    0, 
AL, 14, 2010092400, 03, TVCN,  96, 272N,  338W,  68,  286,   ,   0,    ,    0,    0,    0,    0, 
AL, 14, 2010092400, 03, TVCN, 120, 290N,  348W,  68,  379,   ,   0,    ,    0,    0,    0,    0, 
AL, 14, 2010092400, 03, TVCX,   0, 179N,  282W,  70,    0,   ,   0, AAA,    0,    0,    0,    0, 
AL, 14, 2010092400, 03, TVCX,  12, 188N,  282W,  70,   39,   ,   5, AAA,   38,   41,    2,    0, 
AL, 14, 2010092400, 03, TVCX,  24, 200N,  286W,  70,   61,   ,  21, AAA,   63,   60,    5,   -1, 
AL, 14, 2010092400, 03, TVCX,  36, 215N,  290W,  70,   79,   ,  21, AAA,   90,   70,    8,   -5, 
AL, 14, 2010092400, 03, TVCX,  48, 231N,  294W,  70,   98,   ,  25, AAA,  116,   84,   13,  -10, 
AL, 14, 2010092400, 03, TVCX,  72, 258N,  310W,  70,  151,   ,  45, AAA,  196,  117,   20,  -19, 
AL, 14, 2010092400, 03, TVCX,  96, 278N,  331W,  70,  244,   ,  43, AAA,  305,  195,   18,  -32, 
AL, 14, 2010092400, 03, TVCX, 120, 294N,  336W,  70,  296,   ,  20, AAA,  396,  222,    0,  -65, 
AL, 14, 2010092406, 03, GPCC,  12, 192N,  279W,  68,   36,   ,   0,    ,    0,    0,    0,    0, 
AL, 14, 2010092406, 03, GPCC,  24, 205N,  282W,  68,   72,   ,   0,    ,    0,    0,    0,    0, 
AL, 14, 2010092406, 03, GPCC,  36, 220N,  285W,  68,  100,   ,   0,    ,    0,    0,    0,    0, 
AL, 14, 2010092406, 03, GPCC,  48, 235N,  288W,  68,  129,   ,   0,    ,    0,    0,    0,    0, 
AL, 14, 2010092406, 03, GPCC,  72, 258N,  297W,  68,  192,   ,   0,    ,    0,    0,    0,    0, 
AL, 14, 2010092406, 03, GPCC,  96, 274N,  308W,  68,  266,   ,   0,    ,    0,    0,    0,    0, 
AL, 14, 2010092406, 03, GPCC, 120, 286N,  313W,  68,  356,   ,   0,    ,    0,    0,    0,    0, 
AL, 14, 2010092406, 03, TCON,  12, 191N,  279W,  68,   40,   ,   0,    ,    0,    0,    0,    0, 
AL, 14, 2010092406, 03, TCON,  24, 205N,  281W,  68,   59,   ,   0,    ,    0,    0,    0,    0, 
AL, 14, 2010092406, 03, TCON,  36, 222N,  283W,  68,   79,   ,   0,    ,    0,    0,    0,    0, 
AL, 14, 2010092406, 03, TCON,  48, 238N,  284W,  68,   91,   ,   0,    ,    0,    0,    0,    0, 
AL, 14, 2010092406, 03, TCON,  72, 262N,  289W,  68,  176,   ,   0,    ,    0,    0,    0,    0, 
AL, 14, 2010092406, 03, TCOX,   0, 182N,  278W,  70,    0,   ,   1, AAA,    0,    0,    0,    0, 
AL, 14, 2010092406, 03, TCOX,  12, 191N,  278W,  70,   40,   ,   5, AAA,   40,   42,    2,    0, 
AL, 14, 2010092406, 03, TCOX,  24, 205N,  280W,  70,   63,   ,   8, AAA,   62,   65,    5,   -1, 
AL, 14, 2010092406, 03, TCOX,  36, 223N,  281W,  70,   84,   ,   5, AAA,   83,   85,    8,   -5, 
AL, 14, 2010092406, 03, TCOX,  48, 239N,  280W,  70,  103,   ,   5, AAA,  101,  107,   13,  -10, 
AL, 14, 2010092406, 03, TCOX,  72, 268N,  289W,  70,  180,   ,  91, AAA,  172,  190,   20,  -19, 
AL, 14, 2010092406, 03, TVCN,  12, 192N,  279W,  68,   40,   ,   0,    ,    0,    0,    0,    0, 
AL, 14, 2010092406, 03, TVCN,  24, 205N,  282W,  68,   63,   ,   0,    ,    0,    0,    0,    0, 
AL, 14, 2010092406, 03, TVCN,  36, 220N,  285W,  68,   84,   ,   0,    ,    0,    0,    0,    0, 
AL, 14, 2010092406, 03, TVCN,  48, 235N,  288W,  68,  101,   ,   0,    ,    0,    0,    0,    0, 
AL, 14, 2010092406, 03, TVCN,  72, 258N,  297W,  68,  176,   ,   0,    ,    0,    0,    0,    0, 
AL, 14, 2010092406, 03, TVCN,  96, 274N,  308W,  68,  272,   ,   0,    ,    0,    0,    0,    0, 
AL, 14, 2010092406, 03, TVCN, 120, 286N,  313W,  68,  342,   ,   0,    ,    0,    0,    0,    0, 
AL, 14, 2010092406, 03, TVCX,   0, 182N,  278W,  70,    0,   ,   1, AAA,    0,    0,    0,    0, 
AL, 14, 2010092406, 03, TVCX,  12, 192N,  278W,  70,   41,   ,   6, AAA,   39,   44,    2,    0, 
AL, 14, 2010092406, 03, TVCX,  24, 205N,  281W,  70,   64,   ,  13, AAA,   63,   67,    5,   -1, 
AL, 14, 2010092406, 03, TVCX,  36, 221N,  283W,  70,   86,   ,  12, AAA,   87,   86,    8,   -5, 
AL, 14, 2010092406, 03, TVCX,  48, 236N,  284W,  70,  106,   ,  13, AAA,  111,  102,   13,  -10, 
AL, 14, 2010092406, 03, TVCX,  72, 262N,  291W,  70,  150,   ,  34, AAA,  197,  115,   20,  -19, 
AL, 14, 2010092406, 03, TVCX,  96, 277N,  299W,  70,  214,   ,  25, AAA,  304,  152,   18,  -32, 
AL, 14, 2010092406, 03, TVCX, 120, 291N,  302W,  70,  306,   ,  27, AAA,  353,  266,    0,  -65, 
AL, 14, 2010092412, 03, GPCC,  12, 199N,  279W,  68,   36,   ,   0,    ,    0,    0,    0,    0, 
AL, 14, 2010092412, 03, GPCC,  24, 215N,  281W,  68,   72,   ,   0,    ,    0,    0,    0,    0, 
AL, 14, 2010092412, 03, GPCC,  36, 232N,  282W,  68,  100,   ,   0,    ,    0,    0,    0,    0, 
AL, 14, 2010092412, 03, GPCC,  48, 248N,  282W,  68,  129,   ,   0,    ,    0,    0,    0,    0, 
AL, 14, 2010092412, 03, GPCC,  72, 272N,  283W,  68,  192,   ,   0,    ,    0,    0,    0,    0, 
AL, 14, 2010092412, 03, GPCC,  96, 295N,  277W,  68,  266,   ,   0,    ,    0,    0,    0,    0, 
AL, 14, 2010092412, 03, GPCC, 120, 302N,  276W,  68,  356,   ,   0,    ,    0,    0,    0,    0, 
AL, 14, 2010092412, 03, TCON,  12, 199N,  278W,  68,   33,   ,   0,    ,    0,    0,    0,    0, 
AL, 14, 2010092412, 03, TCON,  24, 216N,  279W,  68,   51,   ,   0,    ,    0,    0,    0,    0, 
AL, 14, 2010092412, 03, TCON,  36, 235N,  278W,  68,   74,   ,   0,    ,    0,    0,    0,    0, 
AL, 14, 2010092412, 03, TCON,  48, 252N,  276W,  68,  107,   ,   0,    ,    0,    0,    0,    0, 
AL, 14, 2010092412, 03, TCON,  72, 277N,  272W,  68,  208,   ,   0,    ,    0,    0,    0,    0, 
AL, 14, 2010092412, 03, TCOX,   0, 186N,  278W,  70,    0,   ,   0, AAA,    0,    0,    0,    0, 
AL, 14, 2010092412, 03, TCOX,  12, 199N,  278W,  70,   37,   ,   0, AAA,   36,   38,    2,    0, 
AL, 14, 2010092412, 03, TCOX,  24, 217N,  279W,  70,   57,   ,  29, AAA,   56,   59,    5,   -1, 
AL, 14, 2010092412, 03, TCOX,  36, 235N,  276W,  70,   79,   , 354, AAA,   82,   76,    8,   -5, 
AL, 14, 2010092412, 03, TCOX,  48, 252N,  271W,  70,  112,   , 350, AAA,  108,  118,   13,  -10, 
AL, 14, 2010092412, 03, TCOX,  72, 283N,  272W,  70,  198,   ,  91, AAA,  185,  212,   20,  -19, 
AL, 14, 2010092412, 03, TVCN,  12, 199N,  279W,  68,   37,   ,   0,    ,    0,    0,    0,    0, 
AL, 14, 2010092412, 03, TVCN,  24, 215N,  281W,  68,   61,   ,   0,    ,    0,    0,    0,    0, 
AL, 14, 2010092412, 03, TVCN,  36, 232N,  282W,  68,   88,   ,   0,    ,    0,    0,    0,    0, 
AL, 14, 2010092412, 03, TVCN,  48, 248N,  282W,  68,  114,   ,   0,    ,    0,    0,    0,    0, 
AL, 14, 2010092412, 03, TVCN,  72, 272N,  283W,  68,  196,   ,   0,    ,    0,    0,    0,    0, 
AL, 14, 2010092412, 03, TVCN,  96, 295N,  277W,  68,  295,   ,   0,    ,    0,    0,    0,    0, 
AL, 14, 2010092412, 03, TVCN, 120, 302N,  276W,  68,  348,   ,   0,    ,    0,    0,    0,    0, 
AL, 14, 2010092412, 03, TVCX,   0, 186N,  278W,  70,    0,   ,   2, AAA,    0,    0,    0,    0, 
AL, 14, 2010092412, 03, TVCX,  12, 199N,  279W,  70,   38,   ,   6, AAA,   37,   41,    2,    0, 
AL, 14, 2010092412, 03, TVCX,  24, 215N,  280W,  70,   63,   ,   5, AAA,   61,   66,    5,   -1, 
AL, 14, 2010092412, 03, TVCX,  36, 232N,  280W,  70,   88,   ,   1, AAA,   89,   88,    8,   -5, 
AL, 14, 2010092412, 03, TVCX,  48, 248N,  278W,  70,  113,   ,   1, AAA,  118,  109,   13,  -10, 
AL, 14, 2010092412, 03, TVCX,  72, 271N,  275W,  70,  185,   , 356, AAA,  197,  175,   20,  -19, 
AL, 14, 2010092412, 03, TVCX,  96, 293N,  268W,  70,  271,   , 346, AAA,  298,  248,   18,  -32, 
AL, 14, 2010092412, 03, TVCX, 120, 313N,  274W,  70,  347,   ,  79, AAA,  291,  416,    0,  -65, 
AL, 14, 2010092418, 03, GPCC,  12, 211N,  281W,  68,   36,   ,   0,    ,    0,    0,    0,    0, 
AL, 14, 2010092418, 03, GPCC,  24, 228N,  284W,  68,   72,   ,   0,    ,    0,    0,    0,    0, 
AL, 14, 2010092418, 03, GPCC,  36, 246N,  287W,  68,  100,   ,   0,    ,    0,    0,    0,    0, 
AL, 14, 2010092418, 03, GPCC,  48, 260N,  290W,  68,  129,   ,   0,    ,    0,    0,    0,    0, 
AL, 14, 2010092418, 03, GPCC,  72, 286N,  296W,  68,  192,   ,   0,    ,    0,    0,    0,    0, 
AL, 14, 2010092418, 03, GPCC,  96, 308N,  298W,  68,  266,   ,   0,    ,    0,    0,    0,    0, 
AL, 14, 2010092418, 03, GPCC, 120, 311N,  293W,  68,  356,   ,   0,    ,    0,    0,    0,    0, 
AL, 14, 2010092418, 03, TCON,  12, 212N,  280W,  68,   32,   ,   0,    ,    0,    0,    0,    0, 
AL, 14, 2010092418, 03, TCON,  24, 230N,  283W,  68,   55,   ,   0,    ,    0,    0,    0,    0, 
AL, 14, 2010092418, 03, TCON,  36, 248N,  285W,  68,   82,   ,   0,    ,    0,    0,    0,    0, 
AL, 14, 2010092418, 03, TCON,  48, 264N,  286W,  68,  112,   ,   0,    ,    0,    0,    0,    0, 
AL, 14, 2010092418, 03, TCOX,   0, 197N,  278W,  70,    0,   ,   7, AAA,    0,    0,    0,    0, 
AL, 14, 2010092418, 03, TCOX,  12, 212N,  280W,  70,   35,   ,   9, AAA,   35,   37,    2,    0, 
AL, 14, 2010092418, 03, TCOX,  24, 230N,  282W,  70,   61,   ,   6, AAA,   57,   66,    5,   -1, 
AL, 14, 2010092418, 03, TCOX,  36, 248N,  282W,  70,   87,   ,   4, AAA,   84,   91,    8,   -5, 
AL, 14, 2010092418, 03, TCOX,  48, 268N,  286W,  70,  108,   ,  91, AAA,  117,  102,   13,  -10, 
AL, 14, 2010092418, 03, TVCN,  12, 211N,  281W,  68,   32,   ,   0,    ,    0,    0,    0,    0, 
AL, 14, 2010092418, 03, TVCN,  24, 228N,  284W,  68,   57,   ,   0,    ,    0,    0,    0,    0, 
AL, 14, 2010092418, 03, TVCN,  36, 246N,  287W,  68,   85,   ,   0,    ,    0,    0,    0,    0, 
AL, 14, 2010092418, 03, TVCN,  48, 260N,  290W,  68,  116,   ,   0,    ,    0,    0,    0,    0, 
AL, 14, 2010092418, 03, TVCN,  72, 286N,  296W,  68,  199,   ,   0,    ,    0,    0,    0,    0, 
AL, 14, 2010092418, 03, TVCN,  96, 308N,  298W,  68,  273,   ,   0,    ,    0,    0,    0,    0, 
AL, 14, 2010092418, 03, TVCN, 120, 311N,  293W,  68,  322,   ,   0,    ,    0,    0,    0,    0, 
AL, 14, 2010092418, 03, TVCX,   0, 197N,  278W,  70,    0,   ,   9, AAA,    0,    0,    0,    0, 
AL, 14, 2010092418, 03, TVCX,  12, 211N,  280W,  70,   35,   ,  11, AAA,   35,   35,    2,    0, 
AL, 14, 2010092418, 03, TVCX,  24, 229N,  283W,  70,   61,   ,  10, AAA,   59,   64,    5,   -1, 
AL, 14, 2010092418, 03, TVCX,  36, 246N,  284W,  70,   86,   ,  10, AAA,   88,   86,    8,   -5, 
AL, 14, 2010092418, 03, TVCX,  48, 261N,  286W,  70,  112,   ,  12, AAA,  118,  107,   13,  -10, 
AL, 14, 2010092418, 03, TVCX,  72, 288N,  288W,  70,  173,   ,  14, AAA,  205,  146,   20,  -19, 
AL, 14, 2010092418, 03, TVCX,  96, 306N,  288W,  70,  265,   , 345, AAA,  269,  262,   18,  -32, 
AL, 14, 2010092418, 03, TVCX, 120, 301N,  299W,  70,  324,   , 242, AAA,  323,  325,    0,  -65, 
AL, 14, 2010092500, 03, GPCC,  12, 221N,  281W,  68,   36,   ,   0,    ,    0,    0,    0,    0, 
AL, 14, 2010092500, 03, GPCC,  24, 240N,  283W,  68,   72,   ,   0,    ,    0,    0,    0,    0, 
AL, 14, 2010092500, 03, GPCC,  36, 255N,  285W,  68,  100,   ,   0,    ,    0,    0,    0,    0, 
AL, 14, 2010092500, 03, GPCC,  48, 267N,  287W,  68,  129,   ,   0,    ,    0,    0,    0,    0, 
AL, 14, 2010092500, 03, GPCC,  72, 289N,  288W,  68,  192,   ,   0,    ,    0,    0,    0,    0, 
AL, 14, 2010092500, 03, GPCC,  96, 307N,  285W,  68,  266,   ,   0,    ,    0,    0,    0,    0, 
AL, 14, 2010092500, 03, GPCC, 120, 311N,  283W,  68,  356,   ,   0,    ,    0,    0,    0,    0, 
AL, 14, 2010092500, 03, TCON,  12, 222N,  281W,  68,   34,   ,   0,    ,    0,    0,    0,    0, 
AL, 14, 2010092500, 03, TCON,  24, 241N,  282W,  68,   54,   ,   0,    ,    0,    0,    0,    0, 
AL, 14, 2010092500, 03, TCON,  36, 257N,  282W,  68,   79,   ,   0,    ,    0,    0,    0,    0, 
AL, 14, 2010092500, 03, TCON,  48, 269N,  282W,  68,  113,   ,   0,    ,    0,    0,    0,    0, 
AL, 14, 2010092500, 03, TCOX,   0, 203N,  278W,  70,    0,   ,   9, AAA,    0,    0,    0,    0, 
AL, 14, 2010092500, 03, TCOX,  12, 222N,  280W,  70,   37,   ,   5, AAA,   33,   42,    2,    0, 
AL, 14, 2010092500, 03, TCOX,  24, 241N,  281W,  70,   60,   ,   1, AAA,   56,   65,    5,   -1, 
AL, 14, 2010092500, 03, TCOX,  36, 257N,  279W,  70,   85,   ,   0, AAA,   86,   85,    8,   -5, 
AL, 14, 2010092500, 03, TCOX,  48, 273N,  282W,  70,  109,   ,  91, AAA,  115,  104,   13,  -10, 
AL, 14, 2010092500, 03, TVCN,  12, 221N,  281W,  68,   35,   ,   0,    ,    0,    0,    0,    0, 
AL, 14, 2010092500, 03, TVCN,  24, 240N,  283W,  68,   57,   ,   0,    ,    0,    0,    0,    0, 
AL, 14, 2010092500, 03, TVCN,  36, 255N,  285W,  68,   83,   ,   0,    ,    0,    0,    0,    0, 
AL, 14, 2010092500, 03, TVCN,  48, 267N,  287W,  68,  116,   ,   0,    ,    0,    0,    0,    0, 
AL, 14, 2010092500, 03, TVCN,  72, 289N,  288W,  68,  171,   ,   0,    ,    0,    0,    0,    0, 
AL, 14, 2010092500, 03, TVCN,  96, 307N,  285W,  68,  206,   ,   0,    ,    0,    0,    0,    0, 
AL, 14, 2010092500, 03, TVCN, 120, 311N,  283W,  68,  253,   ,   0,    ,    0,    0,    0,    0, 
AL, 14, 2010092500, 03, TVCX,   0, 203N,  278W,  70,    0,   ,  12, AAA,    0,    0,    0,    0, 
AL, 14, 2010092500, 03, TVCX,  12, 221N,  281W,  70,   37,   ,   8, AAA,   34,   41,    2,    0, 
AL, 14, 2010092500, 03, TVCX,  24, 240N,  283W,  70,   60,   ,   6, AAA,   58,   63,    5,   -1, 
AL, 14, 2010092500, 03, TVCX,  36, 255N,  282W,  70,   83,   ,   7, AAA,   91,   76,    8,   -5, 
AL, 14, 2010092500, 03, TVCX,  48, 267N,  282W,  70,  108,   ,   3, AAA,  118,  100,   13,  -10, 
AL, 14, 2010092500, 03, TVCX,  72, 290N,  281W,  70,  155,   ,  10, AAA,  190,  127,   20,  -19, 
AL, 14, 2010092500, 03, TVCX,  96, 304N,  275W,  70,  217,   , 337, AAA,  232,  204,   18,  -32, 
AL, 14, 2010092500, 03, TVCX, 120, 322N,  283W,  70,  310,   ,  88, AAA,  228,  422,    0,  -65, 
AL, 14, 2010092506, 03, GPCC,  12, 232N,  283W,  68,   36,   ,   0,    ,    0,    0,    0,    0, 
AL, 14, 2010092506, 03, GPCC,  24, 249N,  284W,  68,   72,   ,   0,    ,    0,    0,    0,    0, 
AL, 14, 2010092506, 03, GPCC,  36, 263N,  285W,  68,  100,   ,   0,    ,    0,    0,    0,    0, 
AL, 14, 2010092506, 03, GPCC,  48, 276N,  285W,  68,  129,   ,   0,    ,    0,    0,    0,    0, 
AL, 14, 2010092506, 03, GPCC,  72, 300N,  289W,  68,  192,   ,   0,    ,    0,    0,    0,    0, 
AL, 14, 2010092506, 03, GPCC,  96, 319N,  292W,  68,  266,   ,   0,    ,    0,    0,    0,    0, 
AL, 14, 2010092506, 03, GPCC, 120, 322N,  300W,  68,  356,   ,   0,    ,    0,    0,    0,    0, 
AL, 14, 2010092506, 03, TCON,  12, 233N,  283W,  68,   33,   ,   0,    ,    0,    0,    0,    0, 
AL, 14, 2010092506, 03, TCON,  24, 249N,  284W,  68,   52,   ,   0,    ,    0,    0,    0,    0, 
AL, 14, 2010092506, 03, TCON,  36, 265N,  283W,  68,   78,   ,   0,    ,    0,    0,    0,    0, 
AL, 14, 2010092506, 03, TCON,  48, 277N,  282W,  68,  110,   ,   0,    ,    0,    0,    0,    0, 
AL, 14, 2010092506, 03, TCOX,   0, 213N,  280W,  70,    0,   ,  11, AAA,    0,    0,    0,    0, 
AL, 14, 2010092506, 03, TCOX,  12, 233N,  283W,  70,   35,   ,   4, AAA,   34,   38,    2,    0, 
AL, 14, 2010092506, 03, TCOX,  24, 249N,  283W,  70,   61,   , 345, AAA,   55,   69,    5,   -1, 
AL, 14, 2010092506, 03, TCOX,  36, 265N,  280W,  70,   85,   , 359, AAA,   84,   86,    8,   -5, 
AL, 14, 2010092506, 03, TCOX,  48, 282N,  282W,  70,  104,   ,  91, AAA,  117,   93,   13,  -10, 
AL, 14, 2010092506, 03, TVCN,  12, 232N,  283W,  68,   31,   ,   0,    ,    0,    0,    0,    0, 
AL, 14, 2010092506, 03, TVCN,  24, 249N,  284W,  68,   54,   ,   0,    ,    0,    0,    0,    0, 
AL, 14, 2010092506, 03, TVCN,  36, 263N,  285W,  68,   82,   ,   0,    ,    0,    0,    0,    0, 
AL, 14, 2010092506, 03, TVCN,  48, 276N,  285W,  68,  114,   ,   0,    ,    0,    0,    0,    0, 
AL, 14, 2010092506, 03, TVCN,  72, 300N,  289W,  68,  168,   ,   0,    ,    0,    0,    0,    0, 
AL, 14, 2010092506, 03, TVCN,  96, 319N,  292W,  68,  220,   ,   0,    ,    0,    0,    0,    0, 
AL, 14, 2010092506, 03, TVCN, 120, 322N,  300W,  68,  239,   ,   0,    ,    0,    0,    0,    0, 
AL, 14, 2010092506, 03, TVCX,   0, 213N,  280W,  70,    0,   ,  10, AAA,    0,    0,    0,    0, 
AL, 14, 2010092506, 03, TVCX,  12, 232N,  283W,  70,   35,   ,   6, AAA,   33,   37,    2,    0, 
AL, 14, 2010092506, 03, TVCX,  24, 249N,  283W,  70,   59,   ,   2, AAA,   57,   62,    5,   -1, 
AL, 14, 2010092506, 03, TVCX,  36, 263N,  282W,  70,   85,   ,   2, AAA,   88,   83,    8,   -5, 
AL, 14, 2010092506, 03, TVCX,  48, 276N,  281W,  70,  112,   ,   4, AAA,  113,  113,   13,  -10, 
AL, 14, 2010092506, 03, TVCX,  72, 302N,  281W,  70,  167,   ,   9, AAA,  184,  153,   20,  -19, 
AL, 14, 2010092506, 03, TVCX,  96, 324N,  284W,  70,  201,   ,  31, AAA,  256,  159,   18,  -32, 
AL, 14, 2010092506, 03, TVCX, 120, 332N,  299W,  70,  283,   ,  84, AAA,  250,  322,    0,  -65, 
AL, 14, 2010092512, 03, GPCC,  12, 239N,  285W,  68,   36,   ,   0,    ,    0,    0,    0,    0, 
AL, 14, 2010092512, 03, GPCC,  24, 252N,  287W,  68,   72,   ,   0,    ,    0,    0,    0,    0, 
AL, 14, 2010092512, 03, GPCC,  36, 263N,  291W,  68,  100,   ,   0,    ,    0,    0,    0,    0, 
AL, 14, 2010092512, 03, GPCC,  48, 273N,  296W,  68,  129,   ,   0,    ,    0,    0,    0,    0, 
AL, 14, 2010092512, 03, GPCC,  72, 303N,  304W,  68,  192,   ,   0,    ,    0,    0,    0,    0, 
AL, 14, 2010092512, 03, GPCC,  96, 320N,  300W,  68,  266,   ,   0,    ,    0,    0,    0,    0, 
AL, 14, 2010092512, 03, GPCC, 120, 316N,  308W,  68,  356,   ,   0,    ,    0,    0,    0,    0, 
AL, 14, 2010092512, 03, TCON,  12, 239N,  285W,  68,   28,   ,   0,    ,    0,    0,    0,    0, 
AL, 14, 2010092512, 03, TCON,  24, 253N,  286W,  68,   50,   ,   0,    ,    0,    0,    0,    0, 
AL, 14, 2010092512, 03, TCON,  36, 265N,  288W,  68,   76,   ,   0,    ,    0,    0,    0,    0, 
AL, 14, 2010092512, 03, TCON,  48, 275N,  292W,  68,  106,   ,   0,    ,    0,    0,    0,    0, 
AL, 14, 2010092512, 03, TCOX,   0, 222N,  281W,  70,    0,   ,  14, AAA,    0,    0,    0,    0, 
AL, 14, 2010092512, 03, TCOX,  12, 239N,  284W,  70,   33,   ,   9, AAA,   33,   35,    2,    0, 
AL, 14, 2010092512, 03, TCOX,  24, 253N,  286W,  70,   59,   ,   8, AAA,   54,   65,    5,   -1, 
AL, 14, 2010092512, 03, TCOX,  36, 265N,  286W,  70,   84,   ,  14, AAA,   80,   89,    8,   -5, 
AL, 14, 2010092512, 03, TCOX,  48, 279N,  292W,  70,   99,   ,  91, AAA,  116,   85,   13,  -10, 
AL, 14, 2010092512, 03, TVCN,  12, 239N,  285W,  68,   30,   ,   0,    ,    0,    0,    0,    0, 
AL, 14, 2010092512, 03, TVCN,  24, 252N,  287W,  68,   52,   ,   0,    ,    0,    0,    0,    0, 
AL, 14, 2010092512, 03, TVCN,  36, 263N,  291W,  68,   79,   ,   0,    ,    0,    0,    0,    0, 
AL, 14, 2010092512, 03, TVCN,  48, 273N,  296W,  68,  107,   ,   0,    ,    0,    0,    0,    0, 
AL, 14, 2010092512, 03, TVCN,  72, 303N,  304W,  68,  164,   ,   0,    ,    0,    0,    0,    0, 
AL, 14, 2010092512, 03, TVCN,  96, 320N,  300W,  68,  231,   ,   0,    ,    0,    0,    0,    0, 
AL, 14, 2010092512, 03, TVCN, 120, 316N,  308W,  68,  293,   ,   0,    ,    0,    0,    0,    0, 
AL, 14, 2010092512, 03, TVCX,   0, 222N,  281W,  70,    0,   ,  13, AAA,    0,    0,    0,    0, 
AL, 14, 2010092512, 03, TVCX,  12, 239N,  284W,  70,   35,   ,  12, AAA,   33,   37,    2,    0, 
AL, 14, 2010092512, 03, TVCX,  24, 252N,  286W,  70,   58,   ,  14, AAA,   56,   61,    5,   -1, 
AL, 14, 2010092512, 03, TVCX,  36, 263N,  288W,  70,   81,   ,  22, AAA,   85,   77,    8,   -5, 
AL, 14, 2010092512, 03, TVCX,  48, 275N,  292W,  70,  103,   ,  27, AAA,  110,   98,   13,  -10, 
AL, 14, 2010092512, 03, TVCX,  72, 299N,  298W,  70,  175,   , 326, AAA,  172,  179,   20,  -19, 
AL, 14, 2010092512, 03, TVCX,  96, 328N,  299W,  70,  225,   ,  78, AAA,  259,  196,   18,  -32, 
AL, 14, 2010092512, 03, TVCX, 120, 326N,  312W,  70,  319,   , 108, AAA,  251,  408,    0,  -65, 
AL, 14, 2010092518, 03, GPCC,  12, 247N,  286W,  68,   36,   ,   0,    ,    0,    0,    0,    0, 
AL, 14, 2010092518, 03, GPCC,  24, 259N,  290W,  68,   72,   ,   0,    ,    0,    0,    0,    0, 
AL, 14, 2010092518, 03, GPCC,  36, 270N,  295W,  68,  100,   ,   0,    ,    0,    0,    0,    0, 
AL, 14, 2010092518, 03, GPCC,  48, 282N,  301W,  68,  129,   ,   0,    ,    0,    0,    0,    0, 
AL, 14, 2010092518, 03, GPCC,  72, 313N,  302W,  68,  192,   ,   0,    ,    0,    0,    0,    0, 
AL, 14, 2010092518, 03, GPCC,  96, 317N,  296W,  68,  266,   ,   0,    ,    0,    0,    0,    0, 
AL, 14, 2010092518, 03, GPCC, 120, 310N,  318W,  68,  356,   ,   0,    ,    0,    0,    0,    0, 
AL, 14, 2010092518, 03, TCON,  12, 248N,  287W,  68,   33,   ,   0,    ,    0,    0,    0,    0, 
AL, 14, 2010092518, 03, TCON,  24, 259N,  289W,  68,   60,   ,   0,    ,    0,    0,    0,    0, 
AL, 14, 2010092518, 03, TCON,  36, 270N,  293W,  68,   92,   ,   0,    ,    0,    0,    0,    0, 
AL, 14, 2010092518, 03, TCON,  48, 282N,  299W,  68,  120,   ,   0,    ,    0,    0,    0,    0, 
AL, 14, 2010092518, 03, TCOX,   0, 232N,  283W,  70,    0,   ,  13, AAA,    0,    0,    0,    0, 
AL, 14, 2010092518, 03, TCOX,  12, 248N,  286W,  70,   37,   ,  12, AAA,   35,   39,    2,    0, 
AL, 14, 2010092518, 03, TCOX,  24, 260N,  288W,  70,   65,   ,  16, AAA,   61,   70,    5,   -1, 
AL, 14, 2010092518, 03, TCOX,  36, 271N,  291W,  70,   92,   ,  23, AAA,   91,   93,    8,   -5, 
AL, 14, 2010092518, 03, TCOX,  48, 286N,  299W,  70,  117,   ,  91, AAA,  122,  113,   13,  -10, 
AL, 14, 2010092518, 03, TVCN,  12, 247N,  286W,  68,   33,   ,   0,    ,    0,    0,    0,    0, 
AL, 14, 2010092518, 03, TVCN,  24, 259N,  290W,  68,   58,   ,   0,    ,    0,    0,    0,    0, 
AL, 14, 2010092518, 03, TVCN,  36, 270N,  295W,  68,   88,   ,   0,    ,    0,    0,    0,    0, 
AL, 14, 2010092518, 03, TVCN,  48, 282N,  301W,  68,  111,   ,   0,    ,    0,    0,    0,    0, 
AL, 14, 2010092518, 03, TVCN,  72, 313N,  302W,  68,  162,   ,   0,    ,    0,    0,    0,    0, 
AL, 14, 2010092518, 03, TVCN,  96, 317N,  296W,  68,  224,   ,   0,    ,    0,    0,    0,    0, 
AL, 14, 2010092518, 03, TVCN, 120, 310N,  318W,  68,  270,   ,   0,    ,    0,    0,    0,    0, 
AL, 14, 2010092518, 03, TVCX,   0, 232N,  283W,  70,    0,   ,  10, AAA,    0,    0,    0,    0, 
AL, 14, 2010092518, 03, TVCX,  12, 248N,  286W,  70,   36,   ,  14, AAA,   35,   38,    2,    0, 
AL, 14, 2010092518, 03, TVCX,  24, 260N,  289W,  70,   62,   ,  21, AAA,   59,   66,    5,   -1, 
AL, 14, 2010092518, 03, TVCX,  36, 271N,  293W,  70,   87,   ,  27, AAA,   89,   85,    8,   -5, 
AL, 14, 2010092518, 03, TVCX,  48, 283N,  296W,  70,  113,   ,   9, AAA,  112,  114,   13,  -10, 
AL, 14, 2010092518, 03, TVCX,  72, 313N,  294W,  70,  170,   , 354, AAA,  174,  168,   20,  -19, 
AL, 14, 2010092518, 03, TVCX,  96, 325N,  298W,  70,  233,   , 104, AAA,  231,  236,   18,  -32, 
AL, 14, 2010092518, 03, TVCX, 120, 321N,  321W,  70,  294,   , 102, AAA,  282,  307,    0,  -65, 
AL, 14, 2010092600, 03, GPCC,  12, 253N,  291W,  68,   36,   ,   0,    ,    0,    0,    0,    0, 
AL, 14, 2010092600, 03, GPCC,  24, 263N,  294W,  68,   72,   ,   0,    ,    0,    0,    0,    0, 
AL, 14, 2010092600, 03, GPCC,  36, 275N,  298W,  68,  100,   ,   0,    ,    0,    0,    0,    0, 
AL, 14, 2010092600, 03, GPCC,  48, 288N,  301W,  68,  129,   ,   0,    ,    0,    0,    0,    0, 
AL, 14, 2010092600, 03, GPCC,  72, 316N,  292W,  68,  192,   ,   0,    ,    0,    0,    0,    0, 
AL, 14, 2010092600, 03, GPCC,  96, 315N,  291W,  68,  266,   ,   0,    ,    0,    0,    0,    0, 
AL, 14, 2010092600, 03, GPCC, 120, 307N,  314W,  68,  356,   ,   0,    ,    0,    0,    0,    0, 
AL, 14, 2010092600, 03, TCON,  12, 253N,  290W,  68,   38,   ,   0,    ,    0,    0,    0,    0, 
AL, 14, 2010092600, 03, TCON,  24, 264N,  290W,  68,   64,   ,   0,    ,    0,    0,    0,    0, 
AL, 14, 2010092600, 03, TCON,  36, 275N,  292W,  68,   93,   ,   0,    ,    0,    0,    0,    0, 
AL, 14, 2010092600, 03, TCON,  48, 288N,  294W,  68,  124,   ,   0,    ,    0,    0,    0,    0, 
AL, 14, 2010092600, 03, TCOX,   0, 239N,  289W,  70,    0,   ,   4, AAA,    0,    0,    0,    0, 
AL, 14, 2010092600, 03, TCOX,  12, 253N,  290W,  70,   39,   ,   3, AAA,   38,   41,    2,    0, 
AL, 14, 2010092600, 03, TCOX,  24, 264N,  290W,  70,   66,   ,   4, AAA,   63,   70,    5,   -1, 
AL, 14, 2010092600, 03, TCOX,  36, 276N,  289W,  70,   92,   ,   7, AAA,   91,   93,    8,   -5, 
AL, 14, 2010092600, 03, TCOX,  48, 293N,  294W,  70,  120,   ,  91, AAA,  121,  120,   13,  -10, 
AL, 14, 2010092600, 03, TVCN,  12, 253N,  291W,  68,   39,   ,   0,    ,    0,    0,    0,    0, 
AL, 14, 2010092600, 03, TVCN,  24, 263N,  294W,  68,   72,   ,   0,    ,    0,    0,    0,    0, 
AL, 14, 2010092600, 03, TVCN,  36, 275N,  298W,  68,  105,   ,   0,    ,    0,    0,    0,    0, 
AL, 14, 2010092600, 03, TVCN,  48, 288N,  301W,  68,  135,   ,   0,    ,    0,    0,    0,    0, 
AL, 14, 2010092600, 03, TVCN,  72, 316N,  292W,  68,  189,   ,   0,    ,    0,    0,    0,    0, 
AL, 14, 2010092600, 03, TVCN,  96, 315N,  291W,  68,  259,   ,   0,    ,    0,    0,    0,    0, 
AL, 14, 2010092600, 03, TVCN, 120, 307N,  314W,  68,  319,   ,   0,    ,    0,    0,    0,    0, 
AL, 14, 2010092600, 03, TVCX,   0, 239N,  289W,  70,    0,   ,   7, AAA,    0,    0,    0,    0, 
AL, 14, 2010092600, 03, TVCX,  12, 253N,  291W,  70,   38,   ,  12, AAA,   39,   37,    2,    0, 
AL, 14, 2010092600, 03, TVCX,  24, 264N,  293W,  70,   65,   ,  17, AAA,   71,   60,    5,   -1, 
AL, 14, 2010092600, 03, TVCX,  36, 275N,  296W,  70,   90,   ,  18, AAA,  105,   78,    8,   -5, 
AL, 14, 2010092600, 03, TVCX,  48, 286N,  298W,  70,  130,   , 318, AAA,  113,  150,   13,  -10, 
AL, 14, 2010092600, 03, TVCX,  72, 312N,  286W,  70,  194,   , 331, AAA,  179,  212,   20,  -19, 
AL, 14, 2010092600, 03, TVCX,  96, 321N,  298W,  70,  266,   , 132, AAA,  225,  317,   18,  -32, 
AL, 14, 2010092600, 03, TVCX, 120, 318N,  316W,  70,  331,   , 101, AAA,  278,  394,    0,  -65, 
AL, 14, 2010092606, 03, GPCC,  12, 260N,  296W,  68,   36,   ,   0,    ,    0,    0,    0,    0, 
AL, 14, 2010092606, 03, GPCC,  24, 271N,  305W,  68,   72,   ,   0,    ,    0,    0,    0,    0, 
AL, 14, 2010092606, 03, GPCC,  36, 284N,  313W,  68,  100,   ,   0,    ,    0,    0,    0,    0, 
AL, 14, 2010092606, 03, GPCC,  48, 298N,  318W,  68,  129,   ,   0,    ,    0,    0,    0,    0, 
AL, 14, 2010092606, 03, GPCC,  72, 319N,  315W,  68,  192,   ,   0,    ,    0,    0,    0,    0, 
AL, 14, 2010092606, 03, GPCC,  96, 326N,  307W,  68,  266,   ,   0,    ,    0,    0,    0,    0, 
AL, 14, 2010092606, 03, GPCC, 120, 326N,  319W,  68,  356,   ,   0,    ,    0,    0,    0,    0, 
AL, 14, 2010092606, 03, TCON,  12, 260N,  295W,  68,   39,   ,   0,    ,    0,    0,    0,    0, 
AL, 14, 2010092606, 03, TCON,  24, 272N,  302W,  68,   67,   ,   0,    ,    0,    0,    0,    0, 
AL, 14, 2010092606, 03, TCON,  36, 286N,  309W,  68,   97,   ,   0,    ,    0,    0,    0,    0, 
AL, 14, 2010092606, 03, TCON,  48, 302N,  312W,  68,  114,   ,   0,    ,    0,    0,    0,    0, 
AL, 14, 2010092606, 03, TCON,  72, 322N,  307W,  68,  165,   ,   0,    ,    0,    0,    0,    0, 
AL, 14, 2010092606, 03, TCOX,   0, 248N,  288W,  70,    0,   ,  30, AAA,    0,    0,    0,    0, 
AL, 14, 2010092606, 03, TCOX,  12, 260N,  295W,  70,   38,   ,  31, AAA,   40,   37,    2,    0, 
AL, 14, 2010092606, 03, TCOX,  24, 272N,  301W,  70,   64,   ,  28, AAA,   70,   59,    5,   -1, 
AL, 14, 2010092606, 03, TCOX,  36, 286N,  306W,  70,   87,   ,  18, AAA,   98,   78,    8,   -5, 
AL, 14, 2010092606, 03, TCOX,  48, 302N,  308W,  70,  109,   ,   7, AAA,  120,  100,   13,  -10, 
AL, 14, 2010092606, 03, TCOX,  72, 328N,  308W,  70,  171,   ,  91, AAA,  171,  171,   20,  -19, 
AL, 14, 2010092606, 03, TVCN,  12, 260N,  296W,  68,   41,   ,   0,    ,    0,    0,    0,    0, 
AL, 14, 2010092606, 03, TVCN,  24, 271N,  305W,  68,   73,   ,   0,    ,    0,    0,    0,    0, 
AL, 14, 2010092606, 03, TVCN,  36, 284N,  313W,  68,  103,   ,   0,    ,    0,    0,    0,    0, 
AL, 14, 2010092606, 03, TVCN,  48, 298N,  318W,  68,  123,   ,   0,    ,    0,    0,    0,    0, 
AL, 14, 2010092606, 03, TVCN,  72, 319N,  315W,  68,  166,   ,   0,    ,    0,    0,    0,    0, 
AL, 14, 2010092606, 03, TVCN,  96, 326N,  307W,  68,  218,   ,   0,    ,    0,    0,    0,    0, 
AL, 14, 2010092606, 03, TVCN, 120, 326N,  319W,  68,  259,   ,   0,    ,    0,    0,    0,    0, 
AL, 14, 2010092606, 03, TVCX,   0, 248N,  288W,  70,    0,   ,  33, AAA,    0,    0,    0,    0, 
AL, 14, 2010092606, 03, TVCX,  12, 260N,  296W,  70,   40,   ,  37, AAA,   41,   39,    2,    0, 
AL, 14, 2010092606, 03, TVCX,  24, 271N,  304W,  70,   66,   ,  36, AAA,   73,   60,    5,   -1, 
AL, 14, 2010092606, 03, TVCX,  36, 284N,  311W,  70,   87,   ,  25, AAA,  103,   74,    8,   -5, 
AL, 14, 2010092606, 03, TVCX,  48, 298N,  314W,  70,  113,   ,   3, AAA,  124,  103,   13,  -10, 
AL, 14, 2010092606, 03, TVCX,  72, 314N,  309W,  70,  179,   , 315, AAA,  164,  197,   20,  -19, 
AL, 14, 2010092606, 03, TVCX,  96, 333N,  302W,  70,  211,   ,  63, AAA,  254,  176,   18,  -32, 
AL, 14, 2010092606, 03, TVCX, 120, 336N,  323W,  70,  296,   , 106, AAA,  250,  353,    0,  -65, 
AL, 14, 2010092612, 03, GPCC,  12, 262N,  299W,  68,   36,   ,   0,    ,    0,    0,    0,    0, 
AL, 14, 2010092612, 03, GPCC,  24, 271N,  309W,  68,   72,   ,   0,    ,    0,    0,    0,    0, 
AL, 14, 2010092612, 03, GPCC,  36, 283N,  317W,  68,  100,   ,   0,    ,    0,    0,    0,    0, 
AL, 14, 2010092612, 03, GPCC,  48, 296N,  319W,  68,  129,   ,   0,    ,    0,    0,    0,    0, 
AL, 14, 2010092612, 03, GPCC,  72, 311N,  313W,  68,  192,   ,   0,    ,    0,    0,    0,    0, 
AL, 14, 2010092612, 03, GPCC,  96, 318N,  310W,  68,  266,   ,   0,    ,    0,    0,    0,    0, 
AL, 14, 2010092612, 03, GPCC, 120, 332N,  343W,  68,  356,   ,   0,    ,    0,    0,    0,    0, 
AL, 14, 2010092612, 03, TCON,  12, 262N,  297W,  68,   41,   ,   0,    ,    0,    0,    0,    0, 
AL, 14, 2010092612, 03, TCON,  24, 272N,  306W,  68,   68,   ,   0,    ,    0,    0,    0,    0, 
AL, 14, 2010092612, 03, TCON,  36, 286N,  312W,  68,   95,   ,   0,    ,    0,    0,    0,    0, 
AL, 14, 2010092612, 03, TCON,  48, 300N,  312W,  68,  115,   ,   0,    ,    0,    0,    0,    0, 
AL, 14, 2010092612, 03, TCON,  72, 314N,  303W,  68,  171,   ,   0,    ,    0,    0,    0,    0, 
AL, 14, 2010092612, 03, TCOX,   0, 253N,  290W,  70,    0,   ,  38, AAA,    0,    0,    0,    0, 
AL, 14, 2010092612, 03, TCOX,  12, 262N,  297W,  70,   41,   ,  39, AAA,   41,   42,    2,    0, 
AL, 14, 2010092612, 03, TCOX,  24, 273N,  305W,  70,   66,   ,  32, AAA,   70,   63,    5,   -1, 
AL, 14, 2010092612, 03, TCOX,  36, 286N,  309W,  70,   87,   ,   5, AAA,   94,   81,    8,   -5, 
AL, 14, 2010092612, 03, TCOX,  48, 300N,  308W,  70,  116,   , 354, AAA,  116,  117,   13,  -10, 
AL, 14, 2010092612, 03, TCOX,  72, 320N,  303W,  70,  174,   ,  91, AAA,  171,  179,   20,  -19, 
AL, 14, 2010092612, 03, TVCN,  12, 262N,  299W,  68,   44,   ,   0,    ,    0,    0,    0,    0, 
AL, 14, 2010092612, 03, TVCN,  24, 271N,  309W,  68,   74,   ,   0,    ,    0,    0,    0,    0, 
AL, 14, 2010092612, 03, TVCN,  36, 283N,  317W,  68,  101,   ,   0,    ,    0,    0,    0,    0, 
AL, 14, 2010092612, 03, TVCN,  48, 296N,  319W,  68,  122,   ,   0,    ,    0,    0,    0,    0, 
AL, 14, 2010092612, 03, TVCN,  72, 311N,  313W,  68,  174,   ,   0,    ,    0,    0,    0,    0, 
AL, 14, 2010092612, 03, TVCN,  96, 318N,  310W,  68,  233,   ,   0,    ,    0,    0,    0,    0, 
AL, 14, 2010092612, 03, TVCN, 120, 332N,  343W,  68,  312,   ,   0,    ,    0,    0,    0,    0, 
AL, 14, 2010092612, 03, TVCX,   0, 253N,  290W,  70,    0,   ,  44, AAA,    0,    0,    0,    0, 
AL, 14, 2010092612, 03, TVCX,  12, 262N,  298W,  70,   42,   ,  46, AAA,   41,   44,    2,    0, 
AL, 14, 2010092612, 03, TVCX,  24, 272N,  308W,  70,   68,   ,  40, AAA,   72,   65,    5,   -1, 
AL, 14, 2010092612, 03, TVCX,  36, 284N,  314W,  70,   87,   ,  12, AAA,   98,   78,    8,   -5, 
AL, 14, 2010092612, 03, TVCX,  48, 300N,  317W,  70,  117,   ,  65, AAA,  125,  111,   13,  -10, 
AL, 14, 2010092612, 03, TVCX,  72, 305N,  311W,  70,  182,   , 288, AAA,  161,  208,   20,  -19, 
AL, 14, 2010092612, 03, TVCX,  96, 323N,  302W,  70,  208,   ,  31, AAA,  265,  164,   18,  -32, 
AL, 14, 2010092612, 03, TVCX, 120, 342N,  337W,  70,  313,   ,  62, AAA,  292,  337,    0,  -65, 
AL, 14, 2010092618, 03, GPCC,  12, 266N,  303W,  68,   36,   ,   0,    ,    0,    0,    0,    0, 
AL, 14, 2010092618, 03, GPCC,  24, 277N,  312W,  68,   72,   ,   0,    ,    0,    0,    0,    0, 
AL, 14, 2010092618, 03, GPCC,  36, 291N,  318W,  68,  100,   ,   0,    ,    0,    0,    0,    0, 
AL, 14, 2010092618, 03, GPCC,  48, 302N,  318W,  68,  129,   ,   0,    ,    0,    0,    0,    0, 
AL, 14, 2010092618, 03, GPCC,  72, 313N,  312W,  68,  192,   ,   0,    ,    0,    0,    0,    0, 
AL, 14, 2010092618, 03, GPCC,  96, 319N,  330W,  68,  266,   ,   0,    ,    0,    0,    0,    0, 
AL, 14, 2010092618, 03, GPCC, 120, 332N,  348W,  68,  356,   ,   0,    ,    0,    0,    0,    0, 
AL, 14, 2010092618, 03, TCON,  12, 267N,  302W,  68,   40,   ,   0,    ,    0,    0,    0,    0, 
AL, 14, 2010092618, 03, TCON,  24, 279N,  310W,  68,   62,   ,   0,    ,    0,    0,    0,    0, 
AL, 14, 2010092618, 03, TCON,  36, 293N,  315W,  68,   84,   ,   0,    ,    0,    0,    0,    0, 
AL, 14, 2010092618, 03, TCON,  48, 305N,  314W,  68,   94,   ,   0,    ,    0,    0,    0,    0, 
AL, 14, 2010092618, 03, TCON,  72, 313N,  312W,  68,  146,   ,   0,    ,    0,    0,    0,    0, 
AL, 14, 2010092618, 03, TCON,  96, 319N,  330W,  68,  212,   ,   0,    ,    0,    0,    0,    0, 
AL, 14, 2010092618, 03, TCOX,   0, 258N,  292W,  70,    0,   ,  54, AAA,    0,    0,    0,    0, 
AL, 14, 2010092618, 03, TCOX,  12, 267N,  301W,  70,   40,   ,  42, AAA,   40,   41,    2,    0, 
AL, 14, 2010092618, 03, TCOX,  24, 279N,  309W,  70,   65,   ,  27, AAA,   64,   67,    5,   -1, 
AL, 14, 2010092618, 03, TCOX,  36, 293N,  313W,  70,   88,   ,   7, AAA,   83,   95,    8,   -5, 
AL, 14, 2010092618, 03, TCOX,  48, 305N,  310W,  70,  112,   , 351, AAA,   98,  131,   13,  -10, 
AL, 14, 2010092618, 03, TCOX,  72, 316N,  305W,  70,  144,   ,  23, AAA,  170,  123,   20,  -19, 
AL, 14, 2010092618, 03, TCOX,  96, 327N,  331W,  70,  223,   ,  91, AAA,  209,  239,   18,  -32, 
AL, 14, 2010092618, 03, TVCN,  12, 266N,  303W,  68,   43,   ,   0,    ,    0,    0,    0,    0, 
AL, 14, 2010092618, 03, TVCN,  24, 277N,  312W,  68,   67,   ,   0,    ,    0,    0,    0,    0, 
AL, 14, 2010092618, 03, TVCN,  36, 291N,  318W,  68,   90,   ,   0,    ,    0,    0,    0,    0, 
AL, 14, 2010092618, 03, TVCN,  48, 302N,  318W,  68,  106,   ,   0,    ,    0,    0,    0,    0, 
AL, 14, 2010092618, 03, TVCN,  72, 313N,  312W,  68,  141,   ,   0,    ,    0,    0,    0,    0, 
AL, 14, 2010092618, 03, TVCN,  96, 319N,  330W,  68,  209,   ,   0,    ,    0,    0,    0,    0, 
AL, 14, 2010092618, 03, TVCN, 120, 332N,  348W,  68,  271,   ,   0,    ,    0,    0,    0,    0, 
AL, 14, 2010092618, 03, TVCX,   0, 258N,  292W,  70,    0,   ,  60, AAA,    0,    0,    0,    0, 
AL, 14, 2010092618, 03, TVCX,  12, 266N,  302W,  70,   40,   ,  47, AAA,   42,   39,    2,    0, 
AL, 14, 2010092618, 03, TVCX,  24, 278N,  311W,  70,   64,   ,  31, AAA,   65,   65,    5,   -1, 
AL, 14, 2010092618, 03, TVCX,  36, 291N,  315W,  70,   92,   ,   2, AAA,   84,  101,    8,   -5, 
AL, 14, 2010092618, 03, TVCX,  48, 302N,  313W,  70,  117,   , 358, AAA,  105,  132,   13,  -10, 
AL, 14, 2010092618, 03, TVCX,  72, 320N,  310W,  70,  154,   ,  74, AAA,  165,  143,   20,  -19, 
AL, 14, 2010092618, 03, TVCX,  96, 327N,  326W,  70,  215,   ,  58, AAA,  230,  202,   18,  -32, 
AL, 14, 2010092618, 03, TVCX, 120, 342N,  344W,  70,  300,   ,  71, AAA,  257,  352,    0,  -65, 
