AL, 19, 2010101700, 03, GPCC,  12,   0N,    0W,  68,   36,   ,   0,    ,    0,    0,    0,    0, 
AL, 19, 2010101700, 03, GPCC,  24,   0N,    0W,  68,   72,   ,   0,    ,    0,    0,    0,    0, 
AL, 19, 2010101700, 03, GPCC,  36,   0N,    0W,  68,  100,   ,   0,    ,    0,    0,    0,    0, 
AL, 19, 2010101700, 03, GPCC,  48,   0N,    0W,  68,  129,   ,   0,    ,    0,    0,    0,    0, 
AL, 19, 2010101700, 03, GPCC,  72,   0N,    0W,  68,  192,   ,   0,    ,    0,    0,    0,    0, 
AL, 19, 2010101700, 03, GPCC,  96,   0N,    0W,  68,  266,   ,   0,    ,    0,    0,    0,    0, 
AL, 19, 2010101700, 03, GPCC, 120,   0N,    0W,  68,  356,   ,   0,    ,    0,    0,    0,    0, 
AL, 19, 2010101706, 03, GPCC,  12, 112N,  818W,  68,   36,   ,   0,    ,    0,    0,    0,    0, 
AL, 19, 2010101706, 03, GPCC,  24, 125N,  831W,  68,   72,   ,   0,    ,    0,    0,    0,    0, 
AL, 19, 2010101706, 03, GPCC,  36, 137N,  842W,  68,  100,   ,   0,    ,    0,    0,    0,    0, 
AL, 19, 2010101706, 03, GPCC,  48, 146N,  846W,  68,  129,   ,   0,    ,    0,    0,    0,    0, 
AL, 19, 2010101706, 03, GPCC,  72, 156N,  845W,  68,  192,   ,   0,    ,    0,    0,    0,    0, 
AL, 19, 2010101706, 03, GPCC,  96, 145N,  842W,  68,  266,   ,   0,    ,    0,    0,    0,    0, 
AL, 19, 2010101706, 03, GPCC, 120, 128N,  852W,  68,  356,   ,   0,    ,    0,    0,    0,    0, 
AL, 19, 2010101706, 03, TVCN,  12, 112N,  818W,  68,   47,   ,   0,    ,    0,    0,    0,    0, 
AL, 19, 2010101706, 03, TVCN,  24, 125N,  831W,  68,  100,   ,   0,    ,    0,    0,    0,    0, 
AL, 19, 2010101706, 03, TVCN,  36, 137N,  842W,  68,  137,   ,   0,    ,    0,    0,    0,    0, 
AL, 19, 2010101706, 03, TVCN,  48, 146N,  846W,  68,  160,   ,   0,    ,    0,    0,    0,    0, 
AL, 19, 2010101706, 03, TVCN,  72, 156N,  845W,  68,  182,   ,   0,    ,    0,    0,    0,    0, 
AL, 19, 2010101706, 03, TVCN,  96, 145N,  842W,  68,  239,   ,   0,    ,    0,    0,    0,    0, 
AL, 19, 2010101706, 03, TVCN, 120, 128N,  852W,  68,  313,   ,   0,    ,    0,    0,    0,    0, 
AL, 19, 2010101706, 03, TVCX,   0, 103N,  812W,  70,    0,   ,  19, AAA,    0,    0,    0,    0, 
AL, 19, 2010101706, 03, TVCX,  12, 112N,  817W,  70,   41,   ,  38, AAA,   46,   38,    2,    0, 
AL, 19, 2010101706, 03, TVCX,  24, 126N,  831W,  70,   75,   ,  45, AAA,   97,   58,    5,   -1, 
AL, 19, 2010101706, 03, TVCX,  36, 138N,  840W,  70,  117,   ,  32, AAA,  106,  130,    8,   -5, 
AL, 19, 2010101706, 03, TVCX,  48, 146N,  842W,  70,  156,   ,   3, AAA,   90,  270,   13,  -10, 
AL, 19, 2010101706, 03, TVCX,  72, 150N,  845W,  70,  160,   , 270, AAA,  164,  156,   20,  -19, 
AL, 19, 2010101706, 03, TVCX,  96, 147N,  850W,  70,  248,   , 165, AAA,  195,  316,   18,  -32, 
AL, 19, 2010101706, 03, TVCX, 120, 137N,  859W,  70,  399,   , 127, AAA,  174,  918,    0,  -65, 
AL, 19, 2010101712, 03, GPCC,  12,   0N,    0W,  68,   36,   ,   0,    ,    0,    0,    0,    0, 
AL, 19, 2010101712, 03, GPCC,  24,   0N,    0W,  68,   72,   ,   0,    ,    0,    0,    0,    0, 
AL, 19, 2010101712, 03, GPCC,  36,   0N,    0W,  68,  100,   ,   0,    ,    0,    0,    0,    0, 
AL, 19, 2010101712, 03, GPCC,  48,   0N,    0W,  68,  129,   ,   0,    ,    0,    0,    0,    0, 
AL, 19, 2010101712, 03, GPCC,  72,   0N,    0W,  68,  192,   ,   0,    ,    0,    0,    0,    0, 
AL, 19, 2010101712, 03, GPCC,  96,   0N,    0W,  68,  266,   ,   0,    ,    0,    0,    0,    0, 
AL, 19, 2010101712, 03, GPCC, 120,   0N,    0W,  68,  356,   ,   0,    ,    0,    0,    0,    0, 
AL, 19, 2010101718, 03, GPCC,  12, 122N,  803W,  68,   36,   ,   0,    ,    0,    0,    0,    0, 
AL, 19, 2010101718, 03, GPCC,  24, 129N,  813W,  68,   72,   ,   0,    ,    0,    0,    0,    0, 
AL, 19, 2010101718, 03, GPCC,  36, 139N,  816W,  68,  100,   ,   0,    ,    0,    0,    0,    0, 
AL, 19, 2010101718, 03, GPCC,  48, 148N,  817W,  68,  129,   ,   0,    ,    0,    0,    0,    0, 
AL, 19, 2010101718, 03, GPCC,  72, 153N,  814W,  68,  192,   ,   0,    ,    0,    0,    0,    0, 
AL, 19, 2010101718, 03, GPCC,  96, 152N,  812W,  68,  266,   ,   0,    ,    0,    0,    0,    0, 
AL, 19, 2010101718, 03, GPCC, 120, 150N,  817W,  68,  356,   ,   0,    ,    0,    0,    0,    0, 
AL, 19, 2010101718, 03, TVCN,  12, 122N,  803W,  68,   44,   ,   0,    ,    0,    0,    0,    0, 
AL, 19, 2010101718, 03, TVCN,  24, 129N,  813W,  68,   73,   ,   0,    ,    0,    0,    0,    0, 
AL, 19, 2010101718, 03, TVCN,  36, 139N,  816W,  68,   98,   ,   0,    ,    0,    0,    0,    0, 
AL, 19, 2010101718, 03, TVCN,  48, 148N,  817W,  68,  111,   ,   0,    ,    0,    0,    0,    0, 
AL, 19, 2010101718, 03, TVCN,  72, 153N,  814W,  68,  168,   ,   0,    ,    0,    0,    0,    0, 
AL, 19, 2010101718, 03, TVCN,  96, 152N,  812W,  68,  243,   ,   0,    ,    0,    0,    0,    0, 
AL, 19, 2010101718, 03, TVCN, 120, 150N,  817W,  68,  282,   ,   0,    ,    0,    0,    0,    0, 
AL, 19, 2010101718, 03, TVCX,   0, 116N,  785W,  70,    0,   ,  77, AAA,    0,    0,    0,    0, 
AL, 19, 2010101718, 03, TVCX,  12, 122N,  803W,  70,   42,   ,  64, AAA,   42,   42,    2,    0, 
AL, 19, 2010101718, 03, TVCX,  24, 130N,  813W,  70,   70,   ,  29, AAA,   69,   72,    5,   -1, 
AL, 19, 2010101718, 03, TVCX,  36, 140N,  814W,  70,   91,   ,  14, AAA,   78,  107,    8,   -5, 
AL, 19, 2010101718, 03, TVCX,  48, 144N,  816W,  70,  116,   , 288, AAA,   92,  147,   13,  -10, 
AL, 19, 2010101718, 03, TVCX,  72, 147N,  814W,  70,  176,   , 271, AAA,  135,  229,   20,  -19, 
AL, 19, 2010101718, 03, TVCX,  96, 152N,  821W,  70,  210,   , 175, AAA,  241,  184,   18,  -32, 
AL, 19, 2010101718, 03, TVCX, 120, 157N,  809W,  70,  289,   ,  43, AAA,  290,  288,    0,  -65, 
AL, 19, 2010101800, 03, GPCC,  12, 133N,  821W,  68,   36,   ,   0,    ,    0,    0,    0,    0, 
AL, 19, 2010101800, 03, GPCC,  24, 141N,  828W,  68,   72,   ,   0,    ,    0,    0,    0,    0, 
AL, 19, 2010101800, 03, GPCC,  36, 150N,  830W,  68,  100,   ,   0,    ,    0,    0,    0,    0, 
AL, 19, 2010101800, 03, GPCC,  48, 158N,  829W,  68,  129,   ,   0,    ,    0,    0,    0,    0, 
AL, 19, 2010101800, 03, GPCC,  72, 163N,  819W,  68,  192,   ,   0,    ,    0,    0,    0,    0, 
AL, 19, 2010101800, 03, GPCC,  96, 160N,  819W,  68,  266,   ,   0,    ,    0,    0,    0,    0, 
AL, 19, 2010101800, 03, GPCC, 120, 158N,  829W,  68,  356,   ,   0,    ,    0,    0,    0,    0, 
AL, 19, 2010101800, 03, TVCN,  12, 133N,  821W,  68,   42,   ,   0,    ,    0,    0,    0,    0, 
AL, 19, 2010101800, 03, TVCN,  24, 141N,  828W,  68,   70,   ,   0,    ,    0,    0,    0,    0, 
AL, 19, 2010101800, 03, TVCN,  36, 150N,  830W,  68,   95,   ,   0,    ,    0,    0,    0,    0, 
AL, 19, 2010101800, 03, TVCN,  48, 158N,  829W,  68,  109,   ,   0,    ,    0,    0,    0,    0, 
AL, 19, 2010101800, 03, TVCN,  72, 163N,  819W,  68,  172,   ,   0,    ,    0,    0,    0,    0, 
AL, 19, 2010101800, 03, TVCN,  96, 160N,  819W,  68,  225,   ,   0,    ,    0,    0,    0,    0, 
AL, 19, 2010101800, 03, TVCN, 120, 158N,  829W,  68,  250,   ,   0,    ,    0,    0,    0,    0, 
AL, 19, 2010101800, 03, TVCX,   0, 126N,  806W,  70,    0,   ,  73, AAA,    0,    0,    0,    0, 
AL, 19, 2010101800, 03, TVCX,  12, 133N,  821W,  70,   40,   ,  51, AAA,   42,   40,    2,    0, 
AL, 19, 2010101800, 03, TVCX,  24, 141N,  827W,  70,   68,   ,  20, AAA,   66,   72,    5,   -1, 
AL, 19, 2010101800, 03, TVCX,  36, 151N,  828W,  70,   90,   ,  21, AAA,   75,  108,    8,   -5, 
AL, 19, 2010101800, 03, TVCX,  48, 156N,  825W,  70,  116,   , 342, AAA,   92,  147,   13,  -10, 
AL, 19, 2010101800, 03, TVCX,  72, 157N,  823W,  70,  160,   , 234, AAA,  155,  166,   20,  -19, 
AL, 19, 2010101800, 03, TVCX,  96, 161N,  810W,  70,  186,   ,   8, AAA,  227,  154,   18,  -32, 
AL, 19, 2010101800, 03, TVCX, 120, 169N,  828W,  70,  315,   ,  86, AAA,  211,  472,    0,  -65, 
AL, 19, 2010101812, 03, GPCC,  12, 158N,  833W,  68,   36,   ,   0,    ,    0,    0,    0,    0, 
AL, 19, 2010101812, 03, GPCC,  24, 168N,  837W,  68,   72,   ,   0,    ,    0,    0,    0,    0, 
AL, 19, 2010101812, 03, GPCC,  36, 181N,  837W,  68,  100,   ,   0,    ,    0,    0,    0,    0, 
AL, 19, 2010101812, 03, GPCC,  48, 186N,  832W,  68,  129,   ,   0,    ,    0,    0,    0,    0, 
AL, 19, 2010101812, 03, GPCC,  72, 170N,  828W,  68,  192,   ,   0,    ,    0,    0,    0,    0, 
AL, 19, 2010101812, 03, GPCC,  96,   0N,    0W,  68,  266,   ,   0,    ,    0,    0,    0,    0, 
AL, 19, 2010101812, 03, GPCC, 120,   0N,    0W,  68,  356,   ,   0,    ,    0,    0,    0,    0, 
AL, 19, 2010101812, 03, TVCN,  12, 158N,  833W,  68,   45,   ,   0,    ,    0,    0,    0,    0, 
AL, 19, 2010101812, 03, TVCN,  24, 168N,  837W,  68,   78,   ,   0,    ,    0,    0,    0,    0, 
AL, 19, 2010101812, 03, TVCN,  36, 181N,  837W,  68,   97,   ,   0,    ,    0,    0,    0,    0, 
AL, 19, 2010101812, 03, TVCN,  48, 186N,  832W,  68,  102,   ,   0,    ,    0,    0,    0,    0, 
AL, 19, 2010101812, 03, TVCN,  72, 170N,  828W,  68,  149,   ,   0,    ,    0,    0,    0,    0, 
AL, 19, 2010101812, 03, TVCX,   0, 151N,  825W,  70,    0,   ,  59, AAA,    0,    0,    0,    0, 
AL, 19, 2010101812, 03, TVCX,  12, 158N,  832W,  70,   45,   ,  34, AAA,   37,   58,    2,    0, 
AL, 19, 2010101812, 03, TVCX,  24, 168N,  836W,  70,   78,   ,   3, AAA,   63,   98,    5,   -1, 
AL, 19, 2010101812, 03, TVCX,  36, 180N,  834W,  70,  103,   , 355, AAA,   60,  178,    8,   -5, 
AL, 19, 2010101812, 03, TVCX,  48, 184N,  830W,  70,  121,   , 328, AAA,   75,  199,   13,  -10, 
AL, 19, 2010101812, 03, TVCX,  72, 170N,  834W,  70,  167,   , 177, AAA,  132,  213,   20,  -19, 
AL, 19, 2010101818, 03, GPCC,  12, 164N,  837W,  68,   36,   ,   0,    ,    0,    0,    0,    0, 
AL, 19, 2010101818, 03, GPCC,  24, 173N,  837W,  68,   72,   ,   0,    ,    0,    0,    0,    0, 
AL, 19, 2010101818, 03, GPCC,  36, 180N,  831W,  68,  100,   ,   0,    ,    0,    0,    0,    0, 
AL, 19, 2010101818, 03, GPCC,  48, 184N,  823W,  68,  129,   ,   0,    ,    0,    0,    0,    0, 
AL, 19, 2010101818, 03, GPCC,  72, 175N,  815W,  68,  192,   ,   0,    ,    0,    0,    0,    0, 
AL, 19, 2010101818, 03, GPCC,  96, 167N,  823W,  68,  266,   ,   0,    ,    0,    0,    0,    0, 
AL, 19, 2010101818, 03, GPCC, 120, 166N,  846W,  68,  356,   ,   0,    ,    0,    0,    0,    0, 
AL, 19, 2010101818, 03, TVCN,  12, 164N,  837W,  68,   39,   ,   0,    ,    0,    0,    0,    0, 
AL, 19, 2010101818, 03, TVCN,  24, 173N,  837W,  68,   63,   ,   0,    ,    0,    0,    0,    0, 
AL, 19, 2010101818, 03, TVCN,  36, 180N,  831W,  68,   88,   ,   0,    ,    0,    0,    0,    0, 
AL, 19, 2010101818, 03, TVCN,  48, 184N,  823W,  68,  104,   ,   0,    ,    0,    0,    0,    0, 
AL, 19, 2010101818, 03, TVCN,  72, 175N,  815W,  68,  157,   ,   0,    ,    0,    0,    0,    0, 
AL, 19, 2010101818, 03, TVCN,  96, 167N,  823W,  68,  224,   ,   0,    ,    0,    0,    0,    0, 
AL, 19, 2010101818, 03, TVCN, 120, 166N,  846W,  68,  304,   ,   0,    ,    0,    0,    0,    0, 
AL, 19, 2010101818, 03, TVCX,   0, 157N,  832W,  70,    0,   ,  53, AAA,    0,    0,    0,    0, 
AL, 19, 2010101818, 03, TVCX,  12, 164N,  837W,  70,   40,   ,   7, AAA,   40,   40,    2,    0, 
AL, 19, 2010101818, 03, TVCX,  24, 173N,  836W,  70,   64,   , 353, AAA,   63,   66,    5,   -1, 
AL, 19, 2010101818, 03, TVCX,  36, 178N,  830W,  70,   84,   , 302, AAA,   74,   95,    8,   -5, 
AL, 19, 2010101818, 03, TVCX,  48, 182N,  819W,  70,  112,   , 331, AAA,   91,  140,   13,  -10, 
AL, 19, 2010101818, 03, TVCX,  72, 175N,  822W,  70,  173,   , 183, AAA,  127,  239,   20,  -19, 
AL, 19, 2010101818, 03, TVCX,  96, 175N,  823W,  70,  212,   ,  95, AAA,  219,  207,   18,  -32, 
AL, 19, 2010101818, 03, TVCX, 120, 177N,  846W,  70,  297,   ,  91, AAA,  320,  277,    0,  -65, 
AL, 19, 2010101900, 03, GPCC,  12, 155N,  830W,  68,   36,   ,   0,    ,    0,    0,    0,    0, 
AL, 19, 2010101900, 03, GPCC,  24, 161N,  829W,  68,   72,   ,   0,    ,    0,    0,    0,    0, 
AL, 19, 2010101900, 03, GPCC,  36, 166N,  825W,  68,  100,   ,   0,    ,    0,    0,    0,    0, 
AL, 19, 2010101900, 03, GPCC,  48, 165N,  819W,  68,  129,   ,   0,    ,    0,    0,    0,    0, 
AL, 19, 2010101900, 03, GPCC,  72, 151N,  822W,  68,  192,   ,   0,    ,    0,    0,    0,    0, 
AL, 19, 2010101900, 03, GPCC,  96, 141N,  843W,  68,  266,   ,   0,    ,    0,    0,    0,    0, 
AL, 19, 2010101900, 03, GPCC, 120, 139N,  870W,  68,  356,   ,   0,    ,    0,    0,    0,    0, 
AL, 19, 2010101900, 03, TVCN,  12, 155N,  830W,  68,   43,   ,   0,    ,    0,    0,    0,    0, 
AL, 19, 2010101900, 03, TVCN,  24, 161N,  829W,  68,   70,   ,   0,    ,    0,    0,    0,    0, 
AL, 19, 2010101900, 03, TVCN,  36, 166N,  825W,  68,   97,   ,   0,    ,    0,    0,    0,    0, 
AL, 19, 2010101900, 03, TVCN,  48, 165N,  819W,  68,  108,   ,   0,    ,    0,    0,    0,    0, 
AL, 19, 2010101900, 03, TVCN,  72, 151N,  822W,  68,  140,   ,   0,    ,    0,    0,    0,    0, 
AL, 19, 2010101900, 03, TVCN,  96, 141N,  843W,  68,  175,   ,   0,    ,    0,    0,    0,    0, 
AL, 19, 2010101900, 03, TVCN, 120, 139N,  870W,  68,  237,   ,   0,    ,    0,    0,    0,    0, 
AL, 19, 2010101900, 03, TVCX,   0, 150N,  826W,  70,    0,   ,  56, AAA,    0,    0,    0,    0, 
AL, 19, 2010101900, 03, TVCX,  12, 155N,  829W,  70,   39,   ,  12, AAA,   43,   36,    2,    0, 
AL, 19, 2010101900, 03, TVCX,  24, 161N,  828W,  70,   69,   , 348, AAA,   64,   76,    5,   -1, 
AL, 19, 2010101900, 03, TVCX,  36, 164N,  824W,  70,   90,   , 292, AAA,   81,  101,    8,   -5, 
AL, 19, 2010101900, 03, TVCX,  48, 162N,  822W,  70,  112,   , 240, AAA,   96,  132,   13,  -10, 
AL, 19, 2010101900, 03, TVCX,  72, 154N,  828W,  70,  158,   , 150, AAA,  130,  193,   20,  -19, 
AL, 19, 2010101900, 03, TVCX,  96, 149N,  844W,  70,  183,   ,  97, AAA,  180,  187,   18,  -32, 
AL, 19, 2010101900, 03, TVCX, 120, 150N,  870W,  70,  257,   ,  92, AAA,  264,  251,    0,  -65, 
AL, 19, 2010101912, 03, GPCC,  12, 176N,  831W,  68,   36,   ,   0,    ,    0,    0,    0,    0, 
AL, 19, 2010101912, 03, GPCC,  24, 182N,  827W,  68,   72,   ,   0,    ,    0,    0,    0,    0, 
AL, 19, 2010101912, 03, GPCC,  36, 182N,  822W,  68,  100,   ,   0,    ,    0,    0,    0,    0, 
AL, 19, 2010101912, 03, GPCC,  48, 177N,  819W,  68,  129,   ,   0,    ,    0,    0,    0,    0, 
AL, 19, 2010101912, 03, GPCC,  72, 164N,  824W,  68,  192,   ,   0,    ,    0,    0,    0,    0, 
AL, 19, 2010101912, 03, GPCC,  96, 159N,  850W,  68,  266,   ,   0,    ,    0,    0,    0,    0, 
AL, 19, 2010101912, 03, GPCC, 120, 161N,  884W,  68,  356,   ,   0,    ,    0,    0,    0,    0, 
AL, 19, 2010101912, 03, TVCN,  12, 176N,  831W,  68,   45,   ,   0,    ,    0,    0,    0,    0, 
AL, 19, 2010101912, 03, TVCN,  24, 182N,  827W,  68,   71,   ,   0,    ,    0,    0,    0,    0, 
AL, 19, 2010101912, 03, TVCN,  36, 182N,  822W,  68,   93,   ,   0,    ,    0,    0,    0,    0, 
AL, 19, 2010101912, 03, TVCN,  48, 177N,  819W,  68,  102,   ,   0,    ,    0,    0,    0,    0, 
AL, 19, 2010101912, 03, TVCN,  72, 164N,  824W,  68,  152,   ,   0,    ,    0,    0,    0,    0, 
AL, 19, 2010101912, 03, TVCN,  96, 159N,  850W,  68,  220,   ,   0,    ,    0,    0,    0,    0, 
AL, 19, 2010101912, 03, TVCN, 120, 161N,  884W,  68,  299,   ,   0,    ,    0,    0,    0,    0, 
AL, 19, 2010101912, 03, TVCX,   0, 165N,  833W,  70,    0,   , 356, AAA,    0,    0,    0,    0, 
AL, 19, 2010101912, 03, TVCX,  12, 175N,  831W,  70,   44,   , 342, AAA,   39,   52,    2,    0, 
AL, 19, 2010101912, 03, TVCX,  24, 181N,  827W,  70,   69,   , 277, AAA,   66,   72,    5,   -1, 
AL, 19, 2010101912, 03, TVCX,  36, 182N,  824W,  70,   89,   , 188, AAA,   74,  109,    8,   -5, 
AL, 19, 2010101912, 03, TVCX,  48, 173N,  819W,  70,  112,   , 268, AAA,   88,  144,   13,  -10, 
AL, 19, 2010101912, 03, TVCX,  72, 170N,  828W,  70,  163,   , 122, AAA,  135,  198,   20,  -19, 
AL, 19, 2010101912, 03, TVCX,  96, 167N,  850W,  70,  205,   ,  93, AAA,  205,  206,   18,  -32, 
AL, 19, 2010101912, 03, TVCX, 120, 171N,  881W,  70,  278,   ,  75, AAA,  328,  237,    0,  -65, 
AL, 19, 2010101918, 03, GPCC,  12, 185N,  831W,  68,   36,   ,   0,    ,    0,    0,    0,    0, 
AL, 19, 2010101918, 03, GPCC,  24, 192N,  826W,  68,   72,   ,   0,    ,    0,    0,    0,    0, 
AL, 19, 2010101918, 03, GPCC,  36, 192N,  821W,  68,  100,   ,   0,    ,    0,    0,    0,    0, 
AL, 19, 2010101918, 03, GPCC,  48, 188N,  817W,  68,  129,   ,   0,    ,    0,    0,    0,    0, 
AL, 19, 2010101918, 03, GPCC,  72, 179N,  820W,  68,  192,   ,   0,    ,    0,    0,    0,    0, 
AL, 19, 2010101918, 03, GPCC,  96, 173N,  841W,  68,  266,   ,   0,    ,    0,    0,    0,    0, 
AL, 19, 2010101918, 03, GPCC, 120, 195N,  878W,  68,  356,   ,   0,    ,    0,    0,    0,    0, 
AL, 19, 2010101918, 03, TVCN,  12, 185N,  831W,  68,   47,   ,   0,    ,    0,    0,    0,    0, 
AL, 19, 2010101918, 03, TVCN,  24, 192N,  826W,  68,   72,   ,   0,    ,    0,    0,    0,    0, 
AL, 19, 2010101918, 03, TVCN,  36, 192N,  821W,  68,   97,   ,   0,    ,    0,    0,    0,    0, 
AL, 19, 2010101918, 03, TVCN,  48, 188N,  817W,  68,  119,   ,   0,    ,    0,    0,    0,    0, 
AL, 19, 2010101918, 03, TVCN,  72, 179N,  820W,  68,  168,   ,   0,    ,    0,    0,    0,    0, 
AL, 19, 2010101918, 03, TVCN,  96, 173N,  841W,  68,  244,   ,   0,    ,    0,    0,    0,    0, 
AL, 19, 2010101918, 03, TVCN, 120, 195N,  878W,  68,  306,   ,   0,    ,    0,    0,    0,    0, 
AL, 19, 2010101918, 03, TVCX,   0, 174N,  834W,  70,    0,   , 351, AAA,    0,    0,    0,    0, 
AL, 19, 2010101918, 03, TVCX,  12, 185N,  831W,  70,   42,   , 337, AAA,   44,   42,    2,    0, 
AL, 19, 2010101918, 03, TVCX,  24, 191N,  826W,  70,   70,   , 286, AAA,   68,   73,    5,   -1, 
AL, 19, 2010101918, 03, TVCX,  36, 192N,  823W,  70,   91,   , 197, AAA,   78,  107,    8,   -5, 
AL, 19, 2010101918, 03, TVCX,  48, 184N,  817W,  70,  116,   , 255, AAA,  100,  136,   13,  -10, 
AL, 19, 2010101918, 03, TVCX,  72, 185N,  824W,  70,  168,   , 127, AAA,  143,  200,   20,  -19, 
AL, 19, 2010101918, 03, TVCX,  96, 181N,  837W,  70,  222,   ,  68, AAA,  226,  218,   18,  -32, 
AL, 19, 2010101918, 03, TVCX, 120, 205N,  875W,  70,  300,   ,  73, AAA,  293,  308,    0,  -65, 
AL, 19, 2010102000, 03, GPCC,  12, 180N,  830W,  68,   36,   ,   0,    ,    0,    0,    0,    0, 
AL, 19, 2010102000, 03, GPCC,  24, 181N,  823W,  68,   72,   ,   0,    ,    0,    0,    0,    0, 
AL, 19, 2010102000, 03, GPCC,  36, 178N,  818W,  68,  100,   ,   0,    ,    0,    0,    0,    0, 
AL, 19, 2010102000, 03, GPCC,  48, 173N,  817W,  68,  129,   ,   0,    ,    0,    0,    0,    0, 
AL, 19, 2010102000, 03, GPCC,  72, 165N,  826W,  68,  192,   ,   0,    ,    0,    0,    0,    0, 
AL, 19, 2010102000, 03, GPCC,  96, 157N,  852W,  68,  266,   ,   0,    ,    0,    0,    0,    0, 
AL, 19, 2010102000, 03, GPCC, 120, 189N,  893W,  68,  356,   ,   0,    ,    0,    0,    0,    0, 
AL, 19, 2010102000, 03, TVCN,  12, 180N,  830W,  68,   47,   ,   0,    ,    0,    0,    0,    0, 
AL, 19, 2010102000, 03, TVCN,  24, 181N,  823W,  68,   76,   ,   0,    ,    0,    0,    0,    0, 
AL, 19, 2010102000, 03, TVCN,  36, 178N,  818W,  68,  101,   ,   0,    ,    0,    0,    0,    0, 
AL, 19, 2010102000, 03, TVCN,  48, 173N,  817W,  68,  114,   ,   0,    ,    0,    0,    0,    0, 
AL, 19, 2010102000, 03, TVCN,  72, 165N,  826W,  68,  170,   ,   0,    ,    0,    0,    0,    0, 
AL, 19, 2010102000, 03, TVCN,  96, 157N,  852W,  68,  256,   ,   0,    ,    0,    0,    0,    0, 
AL, 19, 2010102000, 03, TVCN, 120, 189N,  893W,  68,  315,   ,   0,    ,    0,    0,    0,    0, 
AL, 19, 2010102000, 03, TVCX,   0, 176N,  834W,  70,    0,   , 332, AAA,    0,    0,    0,    0, 
AL, 19, 2010102000, 03, TVCX,  12, 179N,  830W,  70,   44,   , 294, AAA,   44,   45,    2,    0, 
AL, 19, 2010102000, 03, TVCX,  24, 181N,  823W,  70,   69,   , 220, AAA,   74,   66,    5,   -1, 
AL, 19, 2010102000, 03, TVCX,  36, 176N,  819W,  70,   92,   , 237, AAA,   81,  105,    8,   -5, 
AL, 19, 2010102000, 03, TVCX,  48, 176N,  819W,  70,  118,   , 137, AAA,   91,  154,   13,  -10, 
AL, 19, 2010102000, 03, TVCX,  72, 171N,  830W,  70,  173,   , 118, AAA,  141,  214,   20,  -19, 
AL, 19, 2010102000, 03, TVCX,  96, 165N,  847W,  70,  233,   ,  59, AAA,  223,  244,   18,  -32, 
AL, 19, 2010102000, 03, TVCX, 120, 197N,  885W,  70,  285,   ,  48, AAA,  347,  235,    0,  -65, 
AL, 19, 2010102006, 03, GPCC,  12, 178N,  823W,  68,   36,   ,   0,    ,    0,    0,    0,    0, 
AL, 19, 2010102006, 03, GPCC,  24, 176N,  817W,  68,   72,   ,   0,    ,    0,    0,    0,    0, 
AL, 19, 2010102006, 03, GPCC,  36, 174N,  812W,  68,  100,   ,   0,    ,    0,    0,    0,    0, 
AL, 19, 2010102006, 03, GPCC,  48, 170N,  811W,  68,  129,   ,   0,    ,    0,    0,    0,    0, 
AL, 19, 2010102006, 03, GPCC,  72, 165N,  822W,  68,  192,   ,   0,    ,    0,    0,    0,    0, 
AL, 19, 2010102006, 03, GPCC,  96, 169N,  851W,  68,  266,   ,   0,    ,    0,    0,    0,    0, 
AL, 19, 2010102006, 03, GPCC, 120, 192N,  881W,  68,  356,   ,   0,    ,    0,    0,    0,    0, 
AL, 19, 2010102006, 03, TVCN,  12, 178N,  823W,  68,   42,   ,   0,    ,    0,    0,    0,    0, 
AL, 19, 2010102006, 03, TVCN,  24, 176N,  817W,  68,   73,   ,   0,    ,    0,    0,    0,    0, 
AL, 19, 2010102006, 03, TVCN,  36, 174N,  812W,  68,   97,   ,   0,    ,    0,    0,    0,    0, 
AL, 19, 2010102006, 03, TVCN,  48, 170N,  811W,  68,  111,   ,   0,    ,    0,    0,    0,    0, 
AL, 19, 2010102006, 03, TVCN,  72, 165N,  822W,  68,  178,   ,   0,    ,    0,    0,    0,    0, 
AL, 19, 2010102006, 03, TVCN,  96, 169N,  851W,  68,  244,   ,   0,    ,    0,    0,    0,    0, 
AL, 19, 2010102006, 03, TVCN, 120, 192N,  881W,  68,  292,   ,   0,    ,    0,    0,    0,    0, 
AL, 19, 2010102006, 03, TVCX,   0, 178N,  829W,  70,    0,   , 283, AAA,    0,    0,    0,    0, 
AL, 19, 2010102006, 03, TVCX,  12, 178N,  824W,  70,   41,   , 189, AAA,   40,   44,    2,    0, 
AL, 19, 2010102006, 03, TVCX,  24, 176N,  817W,  70,   71,   , 203, AAA,   66,   78,    5,   -1, 
AL, 19, 2010102006, 03, TVCX,  36, 172N,  813W,  70,   93,   , 244, AAA,   76,  115,    8,   -5, 
AL, 19, 2010102006, 03, TVCX,  48, 172N,  815W,  70,  116,   , 157, AAA,   92,  147,   13,  -10, 
AL, 19, 2010102006, 03, TVCX,  72, 170N,  826W,  70,  180,   , 128, AAA,  143,  228,   20,  -19, 
AL, 19, 2010102006, 03, TVCX,  96, 177N,  849W,  70,  222,   ,  77, AAA,  215,  230,   18,  -32, 
AL, 19, 2010102006, 03, TVCX, 120, 196N,  870W,  70,  289,   ,  21, AAA,  289,  290,    0,  -65, 
AL, 19, 2010102012, 03, GPCC,  12, 176N,  817W,  68,   36,   ,   0,    ,    0,    0,    0,    0, 
AL, 19, 2010102012, 03, GPCC,  24, 174N,  811W,  68,   72,   ,   0,    ,    0,    0,    0,    0, 
AL, 19, 2010102012, 03, GPCC,  36, 171N,  808W,  68,  100,   ,   0,    ,    0,    0,    0,    0, 
AL, 19, 2010102012, 03, GPCC,  48, 169N,  809W,  68,  129,   ,   0,    ,    0,    0,    0,    0, 
AL, 19, 2010102012, 03, GPCC,  72, 167N,  821W,  68,  192,   ,   0,    ,    0,    0,    0,    0, 
AL, 19, 2010102012, 03, GPCC,  96, 173N,  855W,  68,  266,   ,   0,    ,    0,    0,    0,    0, 
AL, 19, 2010102012, 03, GPCC, 120, 189N,  886W,  68,  356,   ,   0,    ,    0,    0,    0,    0, 
AL, 19, 2010102012, 03, TVCN,  12, 176N,  817W,  68,   46,   ,   0,    ,    0,    0,    0,    0, 
AL, 19, 2010102012, 03, TVCN,  24, 174N,  811W,  68,   78,   ,   0,    ,    0,    0,    0,    0, 
AL, 19, 2010102012, 03, TVCN,  36, 171N,  808W,  68,  104,   ,   0,    ,    0,    0,    0,    0, 
AL, 19, 2010102012, 03, TVCN,  48, 169N,  809W,  68,  129,   ,   0,    ,    0,    0,    0,    0, 
AL, 19, 2010102012, 03, TVCN,  72, 167N,  821W,  68,  188,   ,   0,    ,    0,    0,    0,    0, 
AL, 19, 2010102012, 03, TVCN,  96, 173N,  855W,  68,  246,   ,   0,    ,    0,    0,    0,    0, 
AL, 19, 2010102012, 03, TVCN, 120, 189N,  886W,  68,  335,   ,   0,    ,    0,    0,    0,    0, 
AL, 19, 2010102012, 03, TVCX,   0, 177N,  825W,  70,    0,   , 180, AAA,    0,    0,    0,    0, 
AL, 19, 2010102012, 03, TVCX,  12, 176N,  817W,  70,   44,   , 188, AAA,   41,   47,    2,    0, 
AL, 19, 2010102012, 03, TVCX,  24, 174N,  812W,  70,   72,   , 214, AAA,   72,   74,    5,   -1, 
AL, 19, 2010102012, 03, TVCX,  36, 169N,  809W,  70,   92,   , 253, AAA,   85,  101,    8,   -5, 
AL, 19, 2010102012, 03, TVCX,  48, 170N,  813W,  70,  130,   , 161, AAA,   93,  183,   13,  -10, 
AL, 19, 2010102012, 03, TVCX,  72, 173N,  821W,  70,  169,   ,  86, AAA,  157,  184,   20,  -19, 
AL, 19, 2010102012, 03, TVCX,  96, 181N,  854W,  70,  229,   ,  76, AAA,  224,  235,   18,  -32, 
AL, 19, 2010102012, 03, TVCX, 120, 197N,  878W,  70,  276,   ,  48, AAA,  366,  208,    0,  -65, 
AL, 19, 2010102018, 03, GPCC,  12, 168N,  814W,  68,   36,   ,   0,    ,    0,    0,    0,    0, 
AL, 19, 2010102018, 03, GPCC,  24, 164N,  811W,  68,   72,   ,   0,    ,    0,    0,    0,    0, 
AL, 19, 2010102018, 03, GPCC,  36, 160N,  812W,  68,  100,   ,   0,    ,    0,    0,    0,    0, 
AL, 19, 2010102018, 03, GPCC,  48, 159N,  814W,  68,  129,   ,   0,    ,    0,    0,    0,    0, 
AL, 19, 2010102018, 03, GPCC,  72, 162N,  832W,  68,  192,   ,   0,    ,    0,    0,    0,    0, 
AL, 19, 2010102018, 03, GPCC,  96, 173N,  862W,  68,  266,   ,   0,    ,    0,    0,    0,    0, 
AL, 19, 2010102018, 03, GPCC, 120, 191N,  883W,  68,  356,   ,   0,    ,    0,    0,    0,    0, 
AL, 19, 2010102018, 03, TVCN,  12, 168N,  814W,  68,   40,   ,   0,    ,    0,    0,    0,    0, 
AL, 19, 2010102018, 03, TVCN,  24, 164N,  811W,  68,   69,   ,   0,    ,    0,    0,    0,    0, 
AL, 19, 2010102018, 03, TVCN,  36, 160N,  812W,  68,  100,   ,   0,    ,    0,    0,    0,    0, 
AL, 19, 2010102018, 03, TVCN,  48, 159N,  814W,  68,  126,   ,   0,    ,    0,    0,    0,    0, 
AL, 19, 2010102018, 03, TVCN,  72, 162N,  832W,  68,  176,   ,   0,    ,    0,    0,    0,    0, 
AL, 19, 2010102018, 03, TVCN,  96, 173N,  862W,  68,  228,   ,   0,    ,    0,    0,    0,    0, 
AL, 19, 2010102018, 03, TVCN, 120, 191N,  883W,  68,  341,   ,   0,    ,    0,    0,    0,    0, 
AL, 19, 2010102018, 03, TVCX,   0, 171N,  822W,  70,    0,   , 198, AAA,    0,    0,    0,    0, 
AL, 19, 2010102018, 03, TVCX,  12, 167N,  815W,  70,   40,   , 219, AAA,   40,   41,    2,    0, 
AL, 19, 2010102018, 03, TVCX,  24, 163N,  812W,  70,   65,   , 257, AAA,   70,   62,    5,   -1, 
AL, 19, 2010102018, 03, TVCX,  36, 161N,  814W,  70,  101,   , 158, AAA,   68,  154,    8,   -5, 
AL, 19, 2010102018, 03, TVCX,  48, 160N,  818W,  70,  132,   , 153, AAA,   88,  199,   13,  -10, 
AL, 19, 2010102018, 03, TVCX,  72, 168N,  830W,  70,  160,   ,  76, AAA,  159,  163,   20,  -19, 
AL, 19, 2010102018, 03, TVCX,  96, 181N,  857W,  70,  197,   ,  62, AAA,  219,  178,   18,  -32, 
AL, 19, 2010102018, 03, TVCX, 120, 196N,  873W,  70,  302,   ,  30, AAA,  358,  255,    0,  -65, 
AL, 19, 2010102100, 03, GPCC,  12, 171N,  807W,  68,   36,   ,   0,    ,    0,    0,    0,    0, 
AL, 19, 2010102100, 03, GPCC,  24, 167N,  806W,  68,   72,   ,   0,    ,    0,    0,    0,    0, 
AL, 19, 2010102100, 03, GPCC,  36, 166N,  811W,  68,  100,   ,   0,    ,    0,    0,    0,    0, 
AL, 19, 2010102100, 03, GPCC,  48, 165N,  817W,  68,  129,   ,   0,    ,    0,    0,    0,    0, 
AL, 19, 2010102100, 03, GPCC,  72, 171N,  840W,  68,  192,   ,   0,    ,    0,    0,    0,    0, 
AL, 19, 2010102100, 03, GPCC,  96, 186N,  873W,  68,  266,   ,   0,    ,    0,    0,    0,    0, 
AL, 19, 2010102100, 03, GPCC, 120, 208N,  885W,  68,  356,   ,   0,    ,    0,    0,    0,    0, 
AL, 19, 2010102100, 03, TVCN,  12, 171N,  807W,  68,   37,   ,   0,    ,    0,    0,    0,    0, 
AL, 19, 2010102100, 03, TVCN,  24, 167N,  806W,  68,   65,   ,   0,    ,    0,    0,    0,    0, 
AL, 19, 2010102100, 03, TVCN,  36, 166N,  811W,  68,   93,   ,   0,    ,    0,    0,    0,    0, 
AL, 19, 2010102100, 03, TVCN,  48, 165N,  817W,  68,  112,   ,   0,    ,    0,    0,    0,    0, 
AL, 19, 2010102100, 03, TVCN,  72, 171N,  840W,  68,  160,   ,   0,    ,    0,    0,    0,    0, 
AL, 19, 2010102100, 03, TVCN,  96, 186N,  873W,  68,  212,   ,   0,    ,    0,    0,    0,    0, 
AL, 19, 2010102100, 03, TVCN, 120, 208N,  885W,  68,  311,   ,   0,    ,    0,    0,    0,    0, 
AL, 19, 2010102100, 03, TVCX,   0, 176N,  812W,  70,    0,   , 220, AAA,    0,    0,    0,    0, 
AL, 19, 2010102100, 03, TVCX,  12, 170N,  807W,  70,   39,   , 254, AAA,   38,   42,    2,    0, 
AL, 19, 2010102100, 03, TVCX,  24, 168N,  807W,  70,   69,   , 153, AAA,   58,   83,    5,   -1, 
AL, 19, 2010102100, 03, TVCX,  36, 168N,  811W,  70,   85,   , 103, AAA,   81,   90,    8,   -5, 
AL, 19, 2010102100, 03, TVCX,  48, 169N,  815W,  70,  106,   ,  70, AAA,  100,  113,   13,  -10, 
AL, 19, 2010102100, 03, TVCX,  72, 177N,  838W,  70,  157,   ,  69, AAA,  141,  175,   20,  -19, 
AL, 19, 2010102100, 03, TVCX,  96, 192N,  868W,  70,  195,   ,  55, AAA,  206,  186,   18,  -32, 
AL, 19, 2010102100, 03, TVCX, 120, 208N,  873W,  70,  313,   ,   1, AAA,  289,  340,    0,  -65, 
AL, 19, 2010102106, 03, GPCC,  12, 167N,  807W,  68,   36,   ,   0,    ,    0,    0,    0,    0, 
AL, 19, 2010102106, 03, GPCC,  24, 164N,  808W,  68,   72,   ,   0,    ,    0,    0,    0,    0, 
AL, 19, 2010102106, 03, GPCC,  36, 165N,  812W,  68,  100,   ,   0,    ,    0,    0,    0,    0, 
AL, 19, 2010102106, 03, GPCC,  48, 168N,  819W,  68,  129,   ,   0,    ,    0,    0,    0,    0, 
AL, 19, 2010102106, 03, GPCC,  72, 181N,  843W,  68,  192,   ,   0,    ,    0,    0,    0,    0, 
AL, 19, 2010102106, 03, GPCC,  96, 201N,  867W,  68,  266,   ,   0,    ,    0,    0,    0,    0, 
AL, 19, 2010102106, 03, GPCC, 120, 236N,  860W,  68,  356,   ,   0,    ,    0,    0,    0,    0, 
AL, 19, 2010102106, 03, TVCN,  12, 167N,  807W,  68,   34,   ,   0,    ,    0,    0,    0,    0, 
AL, 19, 2010102106, 03, TVCN,  24, 164N,  808W,  68,   58,   ,   0,    ,    0,    0,    0,    0, 
AL, 19, 2010102106, 03, TVCN,  36, 165N,  812W,  68,   85,   ,   0,    ,    0,    0,    0,    0, 
AL, 19, 2010102106, 03, TVCN,  48, 168N,  819W,  68,  101,   ,   0,    ,    0,    0,    0,    0, 
AL, 19, 2010102106, 03, TVCN,  72, 181N,  843W,  68,  153,   ,   0,    ,    0,    0,    0,    0, 
AL, 19, 2010102106, 03, TVCN,  96, 201N,  867W,  68,  225,   ,   0,    ,    0,    0,    0,    0, 
AL, 19, 2010102106, 03, TVCN, 120, 236N,  860W,  68,  382,   ,   0,    ,    0,    0,    0,    0, 
AL, 19, 2010102106, 03, TVCX,   0, 173N,  809W,  70,    0,   , 248, AAA,    0,    0,    0,    0, 
AL, 19, 2010102106, 03, TVCX,  12, 167N,  808W,  70,   38,   , 223, AAA,   36,   40,    2,    0, 
AL, 19, 2010102106, 03, TVCX,  24, 165N,  809W,  70,   63,   , 131, AAA,   58,   69,    5,   -1, 
AL, 19, 2010102106, 03, TVCX,  36, 167N,  812W,  70,   79,   ,  74, AAA,   76,   84,    8,   -5, 
AL, 19, 2010102106, 03, TVCX,  48, 172N,  817W,  70,   99,   ,  65, AAA,   97,  103,   13,  -10, 
AL, 19, 2010102106, 03, TVCX,  72, 187N,  840W,  70,  153,   ,  59, AAA,  139,  169,   20,  -19, 
AL, 19, 2010102106, 03, TVCX,  96, 201N,  858W,  70,  225,   ,   4, AAA,  195,  261,   18,  -32, 
AL, 19, 2010102106, 03, TVCX, 120, 232N,  849W,  70,  370,   , 336, AAA,  292,  469,    0,  -65, 
AL, 19, 2010102112, 03, GPCC,  12, 162N,  807W,  68,   36,   ,   0,    ,    0,    0,    0,    0, 
AL, 19, 2010102112, 03, GPCC,  24, 162N,  811W,  68,   72,   ,   0,    ,    0,    0,    0,    0, 
AL, 19, 2010102112, 03, GPCC,  36, 164N,  817W,  68,  100,   ,   0,    ,    0,    0,    0,    0, 
AL, 19, 2010102112, 03, GPCC,  48, 166N,  826W,  68,  129,   ,   0,    ,    0,    0,    0,    0, 
AL, 19, 2010102112, 03, GPCC,  72, 179N,  854W,  68,  192,   ,   0,    ,    0,    0,    0,    0, 
AL, 19, 2010102112, 03, GPCC,  96, 204N,  876W,  68,  266,   ,   0,    ,    0,    0,    0,    0, 
AL, 19, 2010102112, 03, GPCC, 120, 241N,  860W,  68,  356,   ,   0,    ,    0,    0,    0,    0, 
AL, 19, 2010102112, 03, TVCN,  12, 162N,  807W,  68,   39,   ,   0,    ,    0,    0,    0,    0, 
AL, 19, 2010102112, 03, TVCN,  24, 162N,  811W,  68,   66,   ,   0,    ,    0,    0,    0,    0, 
AL, 19, 2010102112, 03, TVCN,  36, 164N,  817W,  68,   92,   ,   0,    ,    0,    0,    0,    0, 
AL, 19, 2010102112, 03, TVCN,  48, 166N,  826W,  68,  107,   ,   0,    ,    0,    0,    0,    0, 
AL, 19, 2010102112, 03, TVCN,  72, 179N,  854W,  68,  160,   ,   0,    ,    0,    0,    0,    0, 
AL, 19, 2010102112, 03, TVCN,  96, 204N,  876W,  68,  240,   ,   0,    ,    0,    0,    0,    0, 
AL, 19, 2010102112, 03, TVCN, 120, 241N,  860W,  68,  363,   ,   0,    ,    0,    0,    0,    0, 
AL, 19, 2010102112, 03, TVCX,   0, 165N,  807W,  70,    0,   , 268, AAA,    0,    0,    0,    0, 
AL, 19, 2010102112, 03, TVCX,  12, 162N,  807W,  70,   39,   , 144, AAA,   40,   38,    2,    0, 
AL, 19, 2010102112, 03, TVCX,  24, 163N,  811W,  70,   68,   ,  85, AAA,   61,   78,    5,   -1, 
AL, 19, 2010102112, 03, TVCX,  36, 166N,  817W,  70,   89,   ,  73, AAA,   74,  109,    8,   -5, 
AL, 19, 2010102112, 03, TVCX,  48, 170N,  824W,  70,  110,   ,  72, AAA,   94,  131,   13,  -10, 
AL, 19, 2010102112, 03, TVCX,  72, 185N,  850W,  70,  157,   ,  59, AAA,  143,  172,   20,  -19, 
AL, 19, 2010102112, 03, TVCX,  96, 211N,  871W,  70,  207,   ,  56, AAA,  226,  190,   18,  -32, 
AL, 19, 2010102112, 03, TVCX, 120, 234N,  851W,  70,  360,   , 323, AAA,  258,  504,    0,  -65, 
AL, 19, 2010102118, 03, GPCC,  12, 158N,  807W,  68,   36,   ,   0,    ,    0,    0,    0,    0, 
AL, 19, 2010102118, 03, GPCC,  24, 158N,  813W,  68,   72,   ,   0,    ,    0,    0,    0,    0, 
AL, 19, 2010102118, 03, GPCC,  36, 159N,  820W,  68,  100,   ,   0,    ,    0,    0,    0,    0, 
AL, 19, 2010102118, 03, GPCC,  48, 161N,  831W,  68,  129,   ,   0,    ,    0,    0,    0,    0, 
AL, 19, 2010102118, 03, GPCC,  72, 171N,  862W,  68,  192,   ,   0,    ,    0,    0,    0,    0, 
AL, 19, 2010102118, 03, GPCC,  96, 190N,  887W,  68,  266,   ,   0,    ,    0,    0,    0,    0, 
AL, 19, 2010102118, 03, GPCC, 120, 214N,  887W,  68,  356,   ,   0,    ,    0,    0,    0,    0, 
AL, 19, 2010102118, 03, TCON,  12, 158N,  807W,  68,   39,   ,   0,    ,    0,    0,    0,    0, 
AL, 19, 2010102118, 03, TCON,  24, 158N,  811W,  68,   62,   ,   0,    ,    0,    0,    0,    0, 
AL, 19, 2010102118, 03, TCON,  36, 159N,  819W,  68,   89,   ,   0,    ,    0,    0,    0,    0, 
AL, 19, 2010102118, 03, TCON,  48, 161N,  829W,  68,  107,   ,   0,    ,    0,    0,    0,    0, 
AL, 19, 2010102118, 03, TCON,  72, 171N,  862W,  68,  161,   ,   0,    ,    0,    0,    0,    0, 
AL, 19, 2010102118, 03, TCON,  96, 189N,  887W,  68,  241,   ,   0,    ,    0,    0,    0,    0, 
AL, 19, 2010102118, 03, TCOX,   0, 160N,  805W,  70,    0,   , 177, AAA,    0,    0,    0,    0, 
AL, 19, 2010102118, 03, TCOX,  12, 158N,  807W,  70,   40,   , 113, AAA,   39,   42,    2,    0, 
AL, 19, 2010102118, 03, TCOX,  24, 159N,  811W,  70,   64,   ,  83, AAA,   65,   64,    5,   -1, 
AL, 19, 2010102118, 03, TCOX,  36, 162N,  819W,  70,   88,   ,  81, AAA,   74,  105,    8,   -5, 
AL, 19, 2010102118, 03, TCOX,  48, 165N,  829W,  70,  112,   ,  79, AAA,   94,  134,   13,  -10, 
AL, 19, 2010102118, 03, TCOX,  72, 177N,  859W,  70,  155,   ,  68, AAA,  150,  161,   20,  -19, 
AL, 19, 2010102118, 03, TCOX,  96, 194N,  880W,  70,  217,   ,  36, AAA,  245,  193,   18,  -32, 
AL, 19, 2010102118, 03, TVCN,  12, 158N,  807W,  68,   38,   ,   0,    ,    0,    0,    0,    0, 
AL, 19, 2010102118, 03, TVCN,  24, 158N,  813W,  68,   63,   ,   0,    ,    0,    0,    0,    0, 
AL, 19, 2010102118, 03, TVCN,  36, 159N,  820W,  68,   87,   ,   0,    ,    0,    0,    0,    0, 
AL, 19, 2010102118, 03, TVCN,  48, 161N,  831W,  68,  102,   ,   0,    ,    0,    0,    0,    0, 
AL, 19, 2010102118, 03, TVCN,  72, 171N,  862W,  68,  162,   ,   0,    ,    0,    0,    0,    0, 
AL, 19, 2010102118, 03, TVCN,  96, 190N,  887W,  68,  239,   ,   0,    ,    0,    0,    0,    0, 
AL, 19, 2010102118, 03, TVCN, 120, 214N,  887W,  68,  323,   ,   0,    ,    0,    0,    0,    0, 
AL, 19, 2010102118, 03, TVCX,   0, 160N,  805W,  70,    0,   , 171, AAA,    0,    0,    0,    0, 
AL, 19, 2010102118, 03, TVCX,  12, 158N,  807W,  70,   39,   , 102, AAA,   39,   40,    2,    0, 
AL, 19, 2010102118, 03, TVCX,  24, 159N,  812W,  70,   64,   ,  85, AAA,   62,   68,    5,   -1, 
AL, 19, 2010102118, 03, TVCX,  36, 161N,  820W,  70,   87,   ,  80, AAA,   71,  108,    8,   -5, 
AL, 19, 2010102118, 03, TVCX,  48, 165N,  831W,  70,  108,   ,  75, AAA,   89,  133,   13,  -10, 
AL, 19, 2010102118, 03, TVCX,  72, 177N,  860W,  70,  155,   ,  68, AAA,  144,  168,   20,  -19, 
AL, 19, 2010102118, 03, TVCX,  96, 181N,  887W,  70,  225,   , 273, AAA,  198,  257,   18,  -32, 
AL, 19, 2010102118, 03, TVCX, 120, 203N,  887W,  70,  316,   , 272, AAA,  294,  340,    0,  -65, 
AL, 19, 2010102200, 03, GPCC,  12, 158N,  811W,  68,   36,   ,   0,    ,    0,    0,    0,    0, 
AL, 19, 2010102200, 03, GPCC,  24, 158N,  818W,  68,   72,   ,   0,    ,    0,    0,    0,    0, 
AL, 19, 2010102200, 03, GPCC,  36, 160N,  828W,  68,  100,   ,   0,    ,    0,    0,    0,    0, 
AL, 19, 2010102200, 03, GPCC,  48, 163N,  842W,  68,  129,   ,   0,    ,    0,    0,    0,    0, 
AL, 19, 2010102200, 03, GPCC,  72, 171N,  877W,  68,  192,   ,   0,    ,    0,    0,    0,    0, 
AL, 19, 2010102200, 03, GPCC,  96, 183N,  901W,  68,  266,   ,   0,    ,    0,    0,    0,    0, 
AL, 19, 2010102200, 03, GPCC, 120, 210N,  898W,  68,  356,   ,   0,    ,    0,    0,    0,    0, 
AL, 19, 2010102200, 03, TCON,  12, 157N,  811W,  68,   32,   ,   0,    ,    0,    0,    0,    0, 
AL, 19, 2010102200, 03, TCON,  24, 157N,  818W,  68,   53,   ,   0,    ,    0,    0,    0,    0, 
AL, 19, 2010102200, 03, TCON,  36, 159N,  828W,  68,   79,   ,   0,    ,    0,    0,    0,    0, 
AL, 19, 2010102200, 03, TCON,  48, 162N,  842W,  68,   90,   ,   0,    ,    0,    0,    0,    0, 
AL, 19, 2010102200, 03, TCON,  72, 170N,  880W,  68,  140,   ,   0,    ,    0,    0,    0,    0, 
AL, 19, 2010102200, 03, TCON,  96, 181N,  904W,  68,  208,   ,   0,    ,    0,    0,    0,    0, 
AL, 19, 2010102200, 03, TCOX,   0, 160N,  805W,  70,    0,   , 129, AAA,    0,    0,    0,    0, 
AL, 19, 2010102200, 03, TCOX,  12, 158N,  811W,  70,   36,   ,  92, AAA,   35,   38,    2,    0, 
AL, 19, 2010102200, 03, TCOX,  24, 158N,  818W,  70,   59,   ,  89, AAA,   58,   60,    5,   -1, 
AL, 19, 2010102200, 03, TCOX,  36, 161N,  828W,  70,   79,   ,  80, AAA,   72,   88,    8,   -5, 
AL, 19, 2010102200, 03, TCOX,  48, 166N,  842W,  70,   98,   ,  78, AAA,   90,  109,   13,  -10, 
AL, 19, 2010102200, 03, TCOX,  72, 176N,  878W,  70,  144,   ,  75, AAA,  140,  149,   20,  -19, 
AL, 19, 2010102200, 03, TCOX,  96, 187N,  898W,  70,  215,   ,  50, AAA,  196,  235,   18,  -32, 
AL, 19, 2010102200, 03, TVCN,  12, 158N,  811W,  68,   34,   ,   0,    ,    0,    0,    0,    0, 
AL, 19, 2010102200, 03, TVCN,  24, 158N,  818W,  68,   55,   ,   0,    ,    0,    0,    0,    0, 
AL, 19, 2010102200, 03, TVCN,  36, 160N,  828W,  68,   79,   ,   0,    ,    0,    0,    0,    0, 
AL, 19, 2010102200, 03, TVCN,  48, 163N,  842W,  68,   93,   ,   0,    ,    0,    0,    0,    0, 
AL, 19, 2010102200, 03, TVCN,  72, 171N,  877W,  68,  153,   ,   0,    ,    0,    0,    0,    0, 
AL, 19, 2010102200, 03, TVCN,  96, 183N,  901W,  68,  226,   ,   0,    ,    0,    0,    0,    0, 
AL, 19, 2010102200, 03, TVCN, 120, 210N,  898W,  68,  271,   ,   0,    ,    0,    0,    0,    0, 
AL, 19, 2010102200, 03, TVCX,   0, 160N,  805W,  70,    0,   , 127, AAA,    0,    0,    0,    0, 
AL, 19, 2010102200, 03, TVCX,  12, 158N,  811W,  70,   37,   ,  95, AAA,   36,   39,    2,    0, 
AL, 19, 2010102200, 03, TVCX,  24, 159N,  818W,  70,   59,   ,  86, AAA,   59,   61,    5,   -1, 
AL, 19, 2010102200, 03, TVCX,  36, 162N,  828W,  70,   79,   ,  79, AAA,   69,   92,    8,   -5, 
AL, 19, 2010102200, 03, TVCX,  48, 167N,  841W,  70,  100,   ,  77, AAA,   87,  116,   13,  -10, 
AL, 19, 2010102200, 03, TVCX,  72, 177N,  875W,  70,  149,   ,  74, AAA,  140,  159,   20,  -19, 
AL, 19, 2010102200, 03, TVCX,  96, 189N,  896W,  70,  205,   ,  56, AAA,  205,  207,   18,  -32, 
AL, 19, 2010102200, 03, TVCX, 120, 204N,  888W,  70,  302,   , 327, AAA,  227,  404,    0,  -65, 
AL, 19, 2010102206, 03, GPCC,  12, 159N,  809W,  68,   36,   ,   0,    ,    0,    0,    0,    0, 
AL, 19, 2010102206, 03, GPCC,  24, 159N,  818W,  68,   72,   ,   0,    ,    0,    0,    0,    0, 
AL, 19, 2010102206, 03, GPCC,  36, 161N,  830W,  68,  100,   ,   0,    ,    0,    0,    0,    0, 
AL, 19, 2010102206, 03, GPCC,  48, 166N,  845W,  68,  129,   ,   0,    ,    0,    0,    0,    0, 
AL, 19, 2010102206, 03, GPCC,  72, 176N,  880W,  68,  192,   ,   0,    ,    0,    0,    0,    0, 
AL, 19, 2010102206, 03, GPCC,  96, 185N,  901W,  68,  266,   ,   0,    ,    0,    0,    0,    0, 
AL, 19, 2010102206, 03, GPCC, 120, 202N,  910W,  68,  356,   ,   0,    ,    0,    0,    0,    0, 
AL, 19, 2010102206, 03, TCON,  12, 159N,  809W,  68,   36,   ,   0,    ,    0,    0,    0,    0, 
AL, 19, 2010102206, 03, TCON,  24, 159N,  818W,  68,   54,   ,   0,    ,    0,    0,    0,    0, 
AL, 19, 2010102206, 03, TCON,  36, 161N,  829W,  68,   77,   ,   0,    ,    0,    0,    0,    0, 
AL, 19, 2010102206, 03, TCON,  48, 165N,  845W,  68,   87,   ,   0,    ,    0,    0,    0,    0, 
AL, 19, 2010102206, 03, TCON,  72, 175N,  880W,  68,  129,   ,   0,    ,    0,    0,    0,    0, 
AL, 19, 2010102206, 03, TCOX,   0, 160N,  803W,  70,    0,   , 109, AAA,    0,    0,    0,    0, 
AL, 19, 2010102206, 03, TCOX,  12, 159N,  809W,  70,   39,   ,  93, AAA,   36,   44,    2,    0, 
AL, 19, 2010102206, 03, TCOX,  24, 160N,  818W,  70,   60,   ,  88, AAA,   57,   65,    5,   -1, 
AL, 19, 2010102206, 03, TCOX,  36, 164N,  829W,  70,   79,   ,  78, AAA,   71,   90,    8,   -5, 
AL, 19, 2010102206, 03, TCOX,  48, 169N,  845W,  70,   97,   ,  76, AAA,   89,  106,   13,  -10, 
AL, 19, 2010102206, 03, TCOX,  72, 181N,  878W,  70,  138,   ,  72, AAA,  136,  141,   20,  -19, 
AL, 19, 2010102206, 03, TVCN,  12, 159N,  809W,  68,   37,   ,   0,    ,    0,    0,    0,    0, 
AL, 19, 2010102206, 03, TVCN,  24, 159N,  818W,  68,   58,   ,   0,    ,    0,    0,    0,    0, 
AL, 19, 2010102206, 03, TVCN,  36, 161N,  830W,  68,   79,   ,   0,    ,    0,    0,    0,    0, 
AL, 19, 2010102206, 03, TVCN,  48, 166N,  845W,  68,   93,   ,   0,    ,    0,    0,    0,    0, 
AL, 19, 2010102206, 03, TVCN,  72, 176N,  880W,  68,  145,   ,   0,    ,    0,    0,    0,    0, 
AL, 19, 2010102206, 03, TVCN,  96, 185N,  901W,  68,  198,   ,   0,    ,    0,    0,    0,    0, 
AL, 19, 2010102206, 03, TVCN, 120, 202N,  910W,  68,  255,   ,   0,    ,    0,    0,    0,    0, 
AL, 19, 2010102206, 03, TVCX,   0, 160N,  803W,  70,    0,   , 107, AAA,    0,    0,    0,    0, 
AL, 19, 2010102206, 03, TVCX,  12, 159N,  809W,  70,   39,   ,  91, AAA,   37,   41,    2,    0, 
AL, 19, 2010102206, 03, TVCX,  24, 160N,  818W,  70,   61,   ,  89, AAA,   59,   64,    5,   -1, 
AL, 19, 2010102206, 03, TVCX,  36, 164N,  830W,  70,   82,   ,  77, AAA,   68,   99,    8,   -5, 
AL, 19, 2010102206, 03, TVCX,  48, 170N,  845W,  70,  101,   ,  75, AAA,   87,  118,   13,  -10, 
AL, 19, 2010102206, 03, TVCX,  72, 182N,  878W,  70,  143,   ,  69, AAA,  138,  150,   20,  -19, 
AL, 19, 2010102206, 03, TVCX,  96, 192N,  896W,  70,  184,   ,  60, AAA,  187,  183,   18,  -32, 
AL, 19, 2010102206, 03, TVCX, 120, 202N,  899W,  70,  269,   ,   1, AAA,  254,  286,    0,  -65, 
AL, 19, 2010102212, 03, GPCC,  12, 159N,  816W,  68,   36,   ,   0,    ,    0,    0,    0,    0, 
AL, 19, 2010102212, 03, GPCC,  24, 159N,  826W,  68,   72,   ,   0,    ,    0,    0,    0,    0, 
AL, 19, 2010102212, 03, GPCC,  36, 163N,  838W,  68,  100,   ,   0,    ,    0,    0,    0,    0, 
AL, 19, 2010102212, 03, GPCC,  48, 167N,  853W,  68,  129,   ,   0,    ,    0,    0,    0,    0, 
AL, 19, 2010102212, 03, GPCC,  72, 178N,  885W,  68,  192,   ,   0,    ,    0,    0,    0,    0, 
AL, 19, 2010102212, 03, GPCC,  96, 187N,  901W,  68,  266,   ,   0,    ,    0,    0,    0,    0, 
AL, 19, 2010102212, 03, GPCC, 120, 204N,  914W,  68,  356,   ,   0,    ,    0,    0,    0,    0, 
AL, 19, 2010102212, 03, TCON,  12, 159N,  816W,  68,   33,   ,   0,    ,    0,    0,    0,    0, 
AL, 19, 2010102212, 03, TCON,  24, 160N,  825W,  68,   52,   ,   0,    ,    0,    0,    0,    0, 
AL, 19, 2010102212, 03, TCON,  36, 163N,  837W,  68,   74,   ,   0,    ,    0,    0,    0,    0, 
AL, 19, 2010102212, 03, TCON,  48, 167N,  852W,  68,   86,   ,   0,    ,    0,    0,    0,    0, 
AL, 19, 2010102212, 03, TCON,  72, 177N,  885W,  68,  135,   ,   0,    ,    0,    0,    0,    0, 
AL, 19, 2010102212, 03, TCOX,   0, 159N,  809W,  70,    0,   ,  87, AAA,    0,    0,    0,    0, 
AL, 19, 2010102212, 03, TCOX,  12, 160N,  816W,  70,   38,   ,  86, AAA,   35,   42,    2,    0, 
AL, 19, 2010102212, 03, TCOX,  24, 161N,  825W,  70,   60,   ,  83, AAA,   55,   67,    5,   -1, 
AL, 19, 2010102212, 03, TCOX,  36, 165N,  837W,  70,   82,   ,  76, AAA,   64,  107,    8,   -5, 
AL, 19, 2010102212, 03, TCOX,  48, 171N,  852W,  70,  105,   ,  75, AAA,   82,  136,   13,  -10, 
AL, 19, 2010102212, 03, TCOX,  72, 183N,  882W,  70,  148,   ,  70, AAA,  131,  169,   20,  -19, 
AL, 19, 2010102212, 03, TVCN,  12, 159N,  816W,  68,   35,   ,   0,    ,    0,    0,    0,    0, 
AL, 19, 2010102212, 03, TVCN,  24, 159N,  826W,  68,   55,   ,   0,    ,    0,    0,    0,    0, 
AL, 19, 2010102212, 03, TVCN,  36, 163N,  838W,  68,   77,   ,   0,    ,    0,    0,    0,    0, 
AL, 19, 2010102212, 03, TVCN,  48, 167N,  853W,  68,   95,   ,   0,    ,    0,    0,    0,    0, 
AL, 19, 2010102212, 03, TVCN,  72, 178N,  885W,  68,  150,   ,   0,    ,    0,    0,    0,    0, 
AL, 19, 2010102212, 03, TVCN,  96, 187N,  901W,  68,  202,   ,   0,    ,    0,    0,    0,    0, 
AL, 19, 2010102212, 03, TVCN, 120, 204N,  914W,  68,  247,   ,   0,    ,    0,    0,    0,    0, 
AL, 19, 2010102212, 03, TVCX,   0, 159N,  809W,  70,    0,   ,  94, AAA,    0,    0,    0,    0, 
AL, 19, 2010102212, 03, TVCX,  12, 159N,  816W,  70,   38,   ,  87, AAA,   36,   40,    2,    0, 
AL, 19, 2010102212, 03, TVCX,  24, 160N,  826W,  70,   61,   ,  85, AAA,   58,   65,    5,   -1, 
AL, 19, 2010102212, 03, TVCX,  36, 165N,  837W,  70,   82,   ,  74, AAA,   66,  102,    8,   -5, 
AL, 19, 2010102212, 03, TVCX,  48, 171N,  851W,  70,  105,   ,  73, AAA,   86,  128,   13,  -10, 
AL, 19, 2010102212, 03, TVCX,  72, 184N,  883W,  70,  146,   ,  67, AAA,  136,  157,   20,  -19, 
AL, 19, 2010102212, 03, TVCX,  96, 194N,  895W,  70,  204,   ,  44, AAA,  181,  230,   18,  -32, 
AL, 19, 2010102212, 03, TVCX, 120, 210N,  904W,  70,  271,   ,  31, AAA,  242,  304,    0,  -65, 
AL, 19, 2010102218, 03, GPCC,  12, 162N,  826W,  68,   36,   ,   0,    ,    0,    0,    0,    0, 
AL, 19, 2010102218, 03, GPCC,  24, 164N,  839W,  68,   72,   ,   0,    ,    0,    0,    0,    0, 
AL, 19, 2010102218, 03, GPCC,  36, 168N,  856W,  68,  100,   ,   0,    ,    0,    0,    0,    0, 
AL, 19, 2010102218, 03, GPCC,  48, 172N,  873W,  68,  129,   ,   0,    ,    0,    0,    0,    0, 
AL, 19, 2010102218, 03, GPCC,  72, 181N,  903W,  68,  192,   ,   0,    ,    0,    0,    0,    0, 
AL, 19, 2010102218, 03, GPCC,  96, 199N,  921W,  68,  266,   ,   0,    ,    0,    0,    0,    0, 
AL, 19, 2010102218, 03, GPCC, 120, 215N,  933W,  68,  356,   ,   0,    ,    0,    0,    0,    0, 
AL, 19, 2010102218, 03, TCON,  12, 162N,  825W,  68,   38,   ,   0,    ,    0,    0,    0,    0, 
AL, 19, 2010102218, 03, TCON,  24, 165N,  839W,  68,   59,   ,   0,    ,    0,    0,    0,    0, 
AL, 19, 2010102218, 03, TCON,  36, 169N,  855W,  68,   84,   ,   0,    ,    0,    0,    0,    0, 
AL, 19, 2010102218, 03, TCON,  48, 172N,  873W,  68,   91,   ,   0,    ,    0,    0,    0,    0, 
AL, 19, 2010102218, 03, TCON,  72, 180N,  902W,  68,  138,   ,   0,    ,    0,    0,    0,    0, 
AL, 19, 2010102218, 03, TCOX,   0, 161N,  816W,  70,    0,   ,  85, AAA,    0,    0,    0,    0, 
AL, 19, 2010102218, 03, TCOX,  12, 163N,  825W,  70,   39,   ,  82, AAA,   38,   42,    2,    0, 
AL, 19, 2010102218, 03, TCOX,  24, 165N,  838W,  70,   64,   ,  78, AAA,   60,   68,    5,   -1, 
AL, 19, 2010102218, 03, TCOX,  36, 171N,  855W,  70,   87,   ,  78, AAA,   69,  110,    8,   -5, 
AL, 19, 2010102218, 03, TCOX,  48, 176N,  872W,  70,  105,   ,  79, AAA,   85,  132,   13,  -10, 
AL, 19, 2010102218, 03, TCOX,  72, 186N,  902W,  70,  153,   ,  91, AAA,  134,  176,   20,  -19, 
AL, 19, 2010102218, 03, TVCN,  12, 162N,  826W,  68,   38,   ,   0,    ,    0,    0,    0,    0, 
AL, 19, 2010102218, 03, TVCN,  24, 164N,  839W,  68,   59,   ,   0,    ,    0,    0,    0,    0, 
AL, 19, 2010102218, 03, TVCN,  36, 168N,  856W,  68,   84,   ,   0,    ,    0,    0,    0,    0, 
AL, 19, 2010102218, 03, TVCN,  48, 172N,  873W,  68,   99,   ,   0,    ,    0,    0,    0,    0, 
AL, 19, 2010102218, 03, TVCN,  72, 181N,  903W,  68,  153,   ,   0,    ,    0,    0,    0,    0, 
AL, 19, 2010102218, 03, TVCN,  96, 199N,  921W,  68,  205,   ,   0,    ,    0,    0,    0,    0, 
AL, 19, 2010102218, 03, TVCN, 120, 215N,  933W,  68,  283,   ,   0,    ,    0,    0,    0,    0, 
AL, 19, 2010102218, 03, TVCX,   0, 161N,  816W,  70,    0,   ,  88, AAA,    0,    0,    0,    0, 
AL, 19, 2010102218, 03, TVCX,  12, 162N,  826W,  70,   39,   ,  84, AAA,   38,   41,    2,    0, 
AL, 19, 2010102218, 03, TVCX,  24, 165N,  839W,  70,   62,   ,  79, AAA,   60,   66,    5,   -1, 
AL, 19, 2010102218, 03, TVCX,  36, 171N,  855W,  70,   84,   ,  77, AAA,   69,  103,    8,   -5, 
AL, 19, 2010102218, 03, TVCX,  48, 176N,  873W,  70,  102,   ,  78, AAA,   89,  118,   13,  -10, 
AL, 19, 2010102218, 03, TVCX,  72, 187N,  899W,  70,  146,   ,  58, AAA,  138,  154,   20,  -19, 
AL, 19, 2010102218, 03, TVCX,  96, 204N,  913W,  70,  181,   ,  36, AAA,  200,  165,   18,  -32, 
AL, 19, 2010102218, 03, TVCX, 120, 225N,  928W,  70,  255,   ,  64, AAA,  295,  222,    0,  -65, 
AL, 19, 2010102300, 03, GPCC,  12, 159N,  834W,  68,   36,   ,   0,    ,    0,    0,    0,    0, 
AL, 19, 2010102300, 03, GPCC,  24, 162N,  851W,  68,   72,   ,   0,    ,    0,    0,    0,    0, 
AL, 19, 2010102300, 03, GPCC,  36, 166N,  870W,  68,  100,   ,   0,    ,    0,    0,    0,    0, 
AL, 19, 2010102300, 03, GPCC,  48, 168N,  888W,  68,  129,   ,   0,    ,    0,    0,    0,    0, 
AL, 19, 2010102300, 03, GPCC,  72, 181N,  918W,  68,  192,   ,   0,    ,    0,    0,    0,    0, 
AL, 19, 2010102300, 03, GPCC,  96, 209N,  925W,  68,  266,   ,   0,    ,    0,    0,    0,    0, 
AL, 19, 2010102300, 03, GPCC, 120, 232N,  911W,  68,  356,   ,   0,    ,    0,    0,    0,    0, 
AL, 19, 2010102300, 03, TCON,  12, 159N,  835W,  68,   38,   ,   0,    ,    0,    0,    0,    0, 
AL, 19, 2010102300, 03, TCON,  24, 162N,  852W,  68,   62,   ,   0,    ,    0,    0,    0,    0, 
AL, 19, 2010102300, 03, TCON,  36, 165N,  871W,  68,   88,   ,   0,    ,    0,    0,    0,    0, 
AL, 19, 2010102300, 03, TCON,  48, 167N,  890W,  68,   98,   ,   0,    ,    0,    0,    0,    0, 
AL, 19, 2010102300, 03, TCON,  72, 180N,  922W,  68,  158,   ,   0,    ,    0,    0,    0,    0, 
AL, 19, 2010102300, 03, TCOX,   0, 158N,  821W,  70,    0,   ,  89, AAA,    0,    0,    0,    0, 
AL, 19, 2010102300, 03, TCOX,  12, 159N,  835W,  70,   40,   ,  84, AAA,   37,   44,    2,    0, 
AL, 19, 2010102300, 03, TCOX,  24, 163N,  852W,  70,   65,   ,  80, AAA,   63,   69,    5,   -1, 
AL, 19, 2010102300, 03, TCOX,  36, 168N,  871W,  70,   85,   ,  84, AAA,   76,   95,    8,   -5, 
AL, 19, 2010102300, 03, TCOX,  48, 171N,  890W,  70,  102,   ,  83, AAA,   99,  106,   13,  -10, 
AL, 19, 2010102300, 03, TCOX,  72, 187N,  922W,  70,  171,   ,  91, AAA,  142,  207,   20,  -19, 
AL, 19, 2010102300, 03, TVCN,  12, 159N,  834W,  68,   37,   ,   0,    ,    0,    0,    0,    0, 
AL, 19, 2010102300, 03, TVCN,  24, 162N,  851W,  68,   62,   ,   0,    ,    0,    0,    0,    0, 
AL, 19, 2010102300, 03, TVCN,  36, 166N,  870W,  68,   87,   ,   0,    ,    0,    0,    0,    0, 
AL, 19, 2010102300, 03, TVCN,  48, 168N,  888W,  68,  106,   ,   0,    ,    0,    0,    0,    0, 
AL, 19, 2010102300, 03, TVCN,  72, 181N,  918W,  68,  171,   ,   0,    ,    0,    0,    0,    0, 
AL, 19, 2010102300, 03, TVCN,  96, 209N,  925W,  68,  251,   ,   0,    ,    0,    0,    0,    0, 
AL, 19, 2010102300, 03, TVCN, 120, 232N,  911W,  68,  404,   ,   0,    ,    0,    0,    0,    0, 
AL, 19, 2010102300, 03, TVCX,   0, 158N,  821W,  70,    0,   ,  90, AAA,    0,    0,    0,    0, 
AL, 19, 2010102300, 03, TVCX,  12, 159N,  834W,  70,   39,   ,  85, AAA,   37,   44,    2,    0, 
AL, 19, 2010102300, 03, TVCX,  24, 163N,  851W,  70,   65,   ,  79, AAA,   61,   70,    5,   -1, 
AL, 19, 2010102300, 03, TVCX,  36, 168N,  870W,  70,   84,   ,  81, AAA,   75,   96,    8,   -5, 
AL, 19, 2010102300, 03, TVCX,  48, 172N,  888W,  70,  101,   ,  80, AAA,   99,  105,   13,  -10, 
AL, 19, 2010102300, 03, TVCX,  72, 183N,  912W,  70,  152,   ,  14, AAA,  150,  155,   20,  -19, 
AL, 19, 2010102300, 03, TVCX,  96, 201N,  925W,  70,  221,   , 273, AAA,  216,  226,   18,  -32, 
AL, 19, 2010102300, 03, TVCX, 120, 225N,  902W,  70,  382,   , 321, AAA,  233,  628,    0,  -65, 
AL, 19, 2010102306, 03, GPCC,  12, 160N,  843W,  68,   36,   ,   0,    ,    0,    0,    0,    0, 
AL, 19, 2010102306, 03, GPCC,  24, 163N,  860W,  68,   72,   ,   0,    ,    0,    0,    0,    0, 
AL, 19, 2010102306, 03, GPCC,  36, 167N,  877W,  68,  100,   ,   0,    ,    0,    0,    0,    0, 
AL, 19, 2010102306, 03, GPCC,  48, 170N,  894W,  68,  129,   ,   0,    ,    0,    0,    0,    0, 
AL, 19, 2010102306, 03, GPCC,  72, 177N,  920W,  68,  192,   ,   0,    ,    0,    0,    0,    0, 
AL, 19, 2010102306, 03, GPCC,  96, 191N,  937W,  68,  266,   ,   0,    ,    0,    0,    0,    0, 
AL, 19, 2010102306, 03, GPCC, 120, 201N,  922W,  68,  356,   ,   0,    ,    0,    0,    0,    0, 
AL, 19, 2010102306, 03, TCON,  12, 160N,  843W,  68,   39,   ,   0,    ,    0,    0,    0,    0, 
AL, 19, 2010102306, 03, TCON,  24, 164N,  860W,  68,   60,   ,   0,    ,    0,    0,    0,    0, 
AL, 19, 2010102306, 03, TCON,  36, 167N,  878W,  68,   85,   ,   0,    ,    0,    0,    0,    0, 
AL, 19, 2010102306, 03, TCON,  48, 170N,  895W,  68,   99,   ,   0,    ,    0,    0,    0,    0, 
AL, 19, 2010102306, 03, TCOX,   0, 158N,  828W,  70,    0,   ,  83, AAA,    0,    0,    0,    0, 
AL, 19, 2010102306, 03, TCOX,  12, 161N,  843W,  70,   39,   ,  80, AAA,   39,   40,    2,    0, 
AL, 19, 2010102306, 03, TCOX,  24, 164N,  860W,  70,   61,   ,  79, AAA,   64,   59,    5,   -1, 
AL, 19, 2010102306, 03, TCOX,  36, 169N,  878W,  70,   79,   ,  79, AAA,   78,   81,    8,   -5, 
AL, 19, 2010102306, 03, TCOX,  48, 174N,  895W,  70,  100,   ,  91, AAA,  102,   99,   13,  -10, 
AL, 19, 2010102306, 03, TVCN,  12, 160N,  843W,  68,   39,   ,   0,    ,    0,    0,    0,    0, 
AL, 19, 2010102306, 03, TVCN,  24, 163N,  860W,  68,   62,   ,   0,    ,    0,    0,    0,    0, 
AL, 19, 2010102306, 03, TVCN,  36, 167N,  877W,  68,   84,   ,   0,    ,    0,    0,    0,    0, 
AL, 19, 2010102306, 03, TVCN,  48, 170N,  894W,  68,  104,   ,   0,    ,    0,    0,    0,    0, 
AL, 19, 2010102306, 03, TVCN,  72, 177N,  920W,  68,  173,   ,   0,    ,    0,    0,    0,    0, 
AL, 19, 2010102306, 03, TVCN,  96, 191N,  937W,  68,  272,   ,   0,    ,    0,    0,    0,    0, 
AL, 19, 2010102306, 03, TVCN, 120, 201N,  922W,  68,  416,   ,   0,    ,    0,    0,    0,    0, 
AL, 19, 2010102306, 03, TVCX,   0, 158N,  828W,  70,    0,   ,  83, AAA,    0,    0,    0,    0, 
AL, 19, 2010102306, 03, TVCX,  12, 160N,  843W,  70,   39,   ,  80, AAA,   39,   40,    2,    0, 
AL, 19, 2010102306, 03, TVCX,  24, 164N,  860W,  70,   62,   ,  79, AAA,   64,   61,    5,   -1, 
AL, 19, 2010102306, 03, TVCX,  36, 169N,  877W,  70,   78,   ,  79, AAA,   76,   81,    8,   -5, 
AL, 19, 2010102306, 03, TVCX,  48, 174N,  894W,  70,   99,   ,  82, AAA,  100,  100,   13,  -10, 
AL, 19, 2010102306, 03, TVCX,  72, 183N,  916W,  70,  146,   ,  56, AAA,  153,  140,   20,  -19, 
AL, 19, 2010102306, 03, TVCX,  96, 183N,  937W,  70,  217,   , 271, AAA,  251,  188,   18,  -32, 
AL, 19, 2010102306, 03, TVCX, 120, 195N,  912W,  70,  398,   , 328, AAA,  214,  743,    0,  -65, 
AL, 19, 2010102312, 03, GPCC,  12, 162N,  846W,  68,   36,   ,   0,    ,    0,    0,    0,    0, 
AL, 19, 2010102312, 03, GPCC,  24, 165N,  864W,  68,   72,   ,   0,    ,    0,    0,    0,    0, 
AL, 19, 2010102312, 03, GPCC,  36, 169N,  883W,  68,  100,   ,   0,    ,    0,    0,    0,    0, 
AL, 19, 2010102312, 03, GPCC,  48, 173N,  900W,  68,  129,   ,   0,    ,    0,    0,    0,    0, 
AL, 19, 2010102312, 03, GPCC,  72, 186N,  925W,  68,  192,   ,   0,    ,    0,    0,    0,    0, 
AL, 19, 2010102312, 03, GPCC,  96, 209N,  941W,  68,  266,   ,   0,    ,    0,    0,    0,    0, 
AL, 19, 2010102312, 03, GPCC, 120, 219N,  944W,  68,  356,   ,   0,    ,    0,    0,    0,    0, 
AL, 19, 2010102312, 03, TCON,  12, 161N,  846W,  68,   38,   ,   0,    ,    0,    0,    0,    0, 
AL, 19, 2010102312, 03, TCON,  24, 165N,  863W,  68,   60,   ,   0,    ,    0,    0,    0,    0, 
AL, 19, 2010102312, 03, TCON,  36, 169N,  882W,  68,   83,   ,   0,    ,    0,    0,    0,    0, 
AL, 19, 2010102312, 03, TCON,  48, 174N,  899W,  68,   98,   ,   0,    ,    0,    0,    0,    0, 
AL, 19, 2010102312, 03, TCOX,   0, 158N,  831W,  70,    0,   ,  78, AAA,    0,    0,    0,    0, 
AL, 19, 2010102312, 03, TCOX,  12, 162N,  846W,  70,   39,   ,  77, AAA,   37,   42,    2,    0, 
AL, 19, 2010102312, 03, TCOX,  24, 166N,  863W,  70,   61,   ,  78, AAA,   64,   60,    5,   -1, 
AL, 19, 2010102312, 03, TCOX,  36, 171N,  881W,  70,   82,   ,  77, AAA,   75,   91,    8,   -5, 
AL, 19, 2010102312, 03, TCOX,  48, 178N,  899W,  70,  103,   ,  91, AAA,   99,  108,   13,  -10, 
AL, 19, 2010102312, 03, TVCN,  12, 162N,  846W,  68,   36,   ,   0,    ,    0,    0,    0,    0, 
AL, 19, 2010102312, 03, TVCN,  24, 165N,  864W,  68,   60,   ,   0,    ,    0,    0,    0,    0, 
AL, 19, 2010102312, 03, TVCN,  36, 169N,  883W,  68,   82,   ,   0,    ,    0,    0,    0,    0, 
AL, 19, 2010102312, 03, TVCN,  48, 173N,  900W,  68,  102,   ,   0,    ,    0,    0,    0,    0, 
AL, 19, 2010102312, 03, TVCN,  72, 186N,  925W,  68,  156,   ,   0,    ,    0,    0,    0,    0, 
AL, 19, 2010102312, 03, TVCN,  96, 209N,  941W,  68,  232,   ,   0,    ,    0,    0,    0,    0, 
AL, 19, 2010102312, 03, TVCN, 120, 219N,  944W,  68,  312,   ,   0,    ,    0,    0,    0,    0, 
AL, 19, 2010102312, 03, TVCX,   0, 158N,  831W,  70,    0,   ,  75, AAA,    0,    0,    0,    0, 
AL, 19, 2010102312, 03, TVCX,  12, 162N,  846W,  70,   38,   ,  77, AAA,   37,   41,    2,    0, 
AL, 19, 2010102312, 03, TVCX,  24, 166N,  864W,  70,   61,   ,  79, AAA,   62,   60,    5,   -1, 
AL, 19, 2010102312, 03, TVCX,  36, 171N,  882W,  70,   81,   ,  77, AAA,   74,   90,    8,   -5, 
AL, 19, 2010102312, 03, TVCX,  48, 177N,  899W,  70,  105,   ,  74, AAA,   92,  120,   13,  -10, 
AL, 19, 2010102312, 03, TVCX,  72, 190N,  919W,  70,  153,   ,  43, AAA,  134,  177,   20,  -19, 
AL, 19, 2010102312, 03, TVCX,  96, 214N,  933W,  70,  225,   ,  32, AAA,  189,  269,   18,  -32, 
AL, 19, 2010102312, 03, TVCX, 120, 217N,  933W,  70,  314,   , 347, AAA,  252,  393,    0,  -65, 
AL, 19, 2010102318, 03, GPCC,  12, 163N,  855W,  68,   36,   ,   0,    ,    0,    0,    0,    0, 
AL, 19, 2010102318, 03, GPCC,  24, 165N,  873W,  68,   72,   ,   0,    ,    0,    0,    0,    0, 
AL, 19, 2010102318, 03, GPCC,  36, 167N,  890W,  68,  100,   ,   0,    ,    0,    0,    0,    0, 
AL, 19, 2010102318, 03, GPCC,  48, 169N,  905W,  68,  129,   ,   0,    ,    0,    0,    0,    0, 
AL, 19, 2010102318, 03, GPCC,  72, 195N,  924W,  68,  192,   ,   0,    ,    0,    0,    0,    0, 
AL, 19, 2010102318, 03, GPCC,  96, 233N,  923W,  68,  266,   ,   0,    ,    0,    0,    0,    0, 
AL, 19, 2010102318, 03, GPCC, 120, 245N,  909W,  68,  356,   ,   0,    ,    0,    0,    0,    0, 
AL, 19, 2010102318, 03, TCON,  12, 164N,  856W,  68,   33,   ,   0,    ,    0,    0,    0,    0, 
AL, 19, 2010102318, 03, TCON,  24, 166N,  875W,  68,   53,   ,   0,    ,    0,    0,    0,    0, 
AL, 19, 2010102318, 03, TCON,  36, 167N,  892W,  68,   73,   ,   0,    ,    0,    0,    0,    0, 
AL, 19, 2010102318, 03, TCON,  48, 169N,  906W,  68,   83,   ,   0,    ,    0,    0,    0,    0, 
AL, 19, 2010102318, 03, TCOX,   0, 160N,  838W,  70,    0,   ,  75, AAA,    0,    0,    0,    0, 
AL, 19, 2010102318, 03, TCOX,  12, 164N,  856W,  70,   35,   ,  81, AAA,   36,   34,    2,    0, 
AL, 19, 2010102318, 03, TCOX,  24, 167N,  875W,  70,   56,   ,  86, AAA,   59,   53,    5,   -1, 
AL, 19, 2010102318, 03, TCOX,  36, 169N,  892W,  70,   76,   ,  85, AAA,   69,   83,    8,   -5, 
AL, 19, 2010102318, 03, TCOX,  48, 173N,  906W,  70,   98,   ,  91, AAA,   85,  114,   13,  -10, 
AL, 19, 2010102318, 03, TVCN,  12, 163N,  855W,  68,   34,   ,   0,    ,    0,    0,    0,    0, 
AL, 19, 2010102318, 03, TVCN,  24, 165N,  873W,  68,   57,   ,   0,    ,    0,    0,    0,    0, 
AL, 19, 2010102318, 03, TVCN,  36, 167N,  890W,  68,   75,   ,   0,    ,    0,    0,    0,    0, 
AL, 19, 2010102318, 03, TVCN,  48, 169N,  905W,  68,   88,   ,   0,    ,    0,    0,    0,    0, 
AL, 19, 2010102318, 03, TVCN,  72, 195N,  924W,  68,  150,   ,   0,    ,    0,    0,    0,    0, 
AL, 19, 2010102318, 03, TVCN,  96, 233N,  923W,  68,  274,   ,   0,    ,    0,    0,    0,    0, 
AL, 19, 2010102318, 03, TVCN, 120, 245N,  909W,  68,  444,   ,   0,    ,    0,    0,    0,    0, 
AL, 19, 2010102318, 03, TVCX,   0, 160N,  838W,  70,    0,   ,  78, AAA,    0,    0,    0,    0, 
AL, 19, 2010102318, 03, TVCX,  12, 163N,  855W,  70,   37,   ,  82, AAA,   36,   38,    2,    0, 
AL, 19, 2010102318, 03, TVCX,  24, 166N,  873W,  70,   61,   ,  85, AAA,   58,   65,    5,   -1, 
AL, 19, 2010102318, 03, TVCX,  36, 169N,  890W,  70,   78,   ,  83, AAA,   67,   92,    8,   -5, 
AL, 19, 2010102318, 03, TVCX,  48, 173N,  905W,  70,   98,   ,  74, AAA,   80,  120,   13,  -10, 
AL, 19, 2010102318, 03, TVCX,  72, 199N,  918W,  70,  135,   ,  34, AAA,  140,  131,   20,  -19, 
AL, 19, 2010102318, 03, TVCX,  96, 232N,  914W,  70,  271,   , 355, AAA,  185,  398,   18,  -32, 
AL, 19, 2010102318, 03, TVCX, 120, 234N,  909W,  70,  383,   , 271, AAA,  403,  366,    0,  -65, 
AL, 19, 2010102400, 03, GPCC,  12, 165N,  860W,  68,   36,   ,   0,    ,    0,    0,    0,    0, 
AL, 19, 2010102400, 03, GPCC,  24, 169N,  878W,  68,   72,   ,   0,    ,    0,    0,    0,    0, 
AL, 19, 2010102400, 03, GPCC,  36, 171N,  895W,  68,  100,   ,   0,    ,    0,    0,    0,    0, 
AL, 19, 2010102400, 03, GPCC,  48, 174N,  909W,  68,  129,   ,   0,    ,    0,    0,    0,    0, 
AL, 19, 2010102400, 03, GPCC,  72, 197N,  934W,  68,  192,   ,   0,    ,    0,    0,    0,    0, 
AL, 19, 2010102400, 03, GPCC,  96, 219N,  944W,  68,  266,   ,   0,    ,    0,    0,    0,    0, 
AL, 19, 2010102400, 03, GPCC, 120, 225N,  924W,  68,  356,   ,   0,    ,    0,    0,    0,    0, 
AL, 19, 2010102400, 03, TCON,  12, 167N,  860W,  68,   31,   ,   0,    ,    0,    0,    0,    0, 
AL, 19, 2010102400, 03, TCON,  24, 171N,  880W,  68,   54,   ,   0,    ,    0,    0,    0,    0, 
AL, 19, 2010102400, 03, TCON,  36, 174N,  896W,  68,   78,   ,   0,    ,    0,    0,    0,    0, 
AL, 19, 2010102400, 03, TCON,  48, 176N,  910W,  68,   93,   ,   0,    ,    0,    0,    0,    0, 
AL, 19, 2010102400, 03, TCOX,   0, 162N,  842W,  70,    0,   ,  75, AAA,    0,    0,    0,    0, 
AL, 19, 2010102400, 03, TCOX,  12, 167N,  860W,  70,   36,   ,  77, AAA,   34,   39,    2,    0, 
AL, 19, 2010102400, 03, TCOX,  24, 172N,  880W,  70,   58,   ,  79, AAA,   59,   57,    5,   -1, 
AL, 19, 2010102400, 03, TCOX,  36, 176N,  896W,  70,   76,   ,  80, AAA,   72,   82,    8,   -5, 
AL, 19, 2010102400, 03, TCOX,  48, 181N,  910W,  70,  102,   ,  91, AAA,   91,  115,   13,  -10, 
AL, 19, 2010102400, 03, TVCN,  12, 165N,  860W,  68,   34,   ,   0,    ,    0,    0,    0,    0, 
AL, 19, 2010102400, 03, TVCN,  24, 169N,  878W,  68,   59,   ,   0,    ,    0,    0,    0,    0, 
AL, 19, 2010102400, 03, TVCN,  36, 171N,  895W,  68,   80,   ,   0,    ,    0,    0,    0,    0, 
AL, 19, 2010102400, 03, TVCN,  48, 174N,  909W,  68,   99,   ,   0,    ,    0,    0,    0,    0, 
AL, 19, 2010102400, 03, TVCN,  72, 197N,  934W,  68,  160,   ,   0,    ,    0,    0,    0,    0, 
AL, 19, 2010102400, 03, TVCN,  96, 219N,  944W,  68,  253,   ,   0,    ,    0,    0,    0,    0, 
AL, 19, 2010102400, 03, TVCN, 120, 225N,  924W,  68,  358,   ,   0,    ,    0,    0,    0,    0, 
AL, 19, 2010102400, 03, TVCX,   0, 162N,  842W,  70,    0,   ,  78, AAA,    0,    0,    0,    0, 
AL, 19, 2010102400, 03, TVCX,  12, 166N,  860W,  70,   37,   ,  80, AAA,   36,   38,    2,    0, 
AL, 19, 2010102400, 03, TVCX,  24, 169N,  878W,  70,   60,   ,  81, AAA,   61,   60,    5,   -1, 
AL, 19, 2010102400, 03, TVCX,  36, 173N,  894W,  70,   78,   ,  80, AAA,   72,   87,    8,   -5, 
AL, 19, 2010102400, 03, TVCX,  48, 178N,  907W,  70,   99,   ,  73, AAA,   90,  109,   13,  -10, 
AL, 19, 2010102400, 03, TVCX,  72, 201N,  928W,  70,  147,   ,  29, AAA,  143,  152,   20,  -19, 
AL, 19, 2010102400, 03, TVCX,  96, 213N,  938W,  70,  256,   , 314, AAA,  170,  387,   18,  -32, 
AL, 19, 2010102400, 03, TVCX, 120, 216N,  930W,  70,  248,   , 237, AAA,  400,  155,    0,  -65, 
AL, 19, 2010102406, 03, GPCC,  12, 169N,  870W,  68,   36,   ,   0,    ,    0,    0,    0,    0, 
AL, 19, 2010102406, 03, GPCC,  24, 174N,  888W,  68,   72,   ,   0,    ,    0,    0,    0,    0, 
AL, 19, 2010102406, 03, GPCC,  36, 178N,  905W,  68,  100,   ,   0,    ,    0,    0,    0,    0, 
AL, 19, 2010102406, 03, GPCC,  48, 184N,  917W,  68,  129,   ,   0,    ,    0,    0,    0,    0, 
AL, 19, 2010102406, 03, GPCC,  72, 197N,  938W,  68,  192,   ,   0,    ,    0,    0,    0,    0, 
AL, 19, 2010102406, 03, GPCC,  96, 195N,  948W,  68,  266,   ,   0,    ,    0,    0,    0,    0, 
AL, 19, 2010102406, 03, GPCC, 120, 168N,  935W,  68,  356,   ,   0,    ,    0,    0,    0,    0, 
AL, 19, 2010102406, 03, TCON,  12, 169N,  870W,  68,   34,   ,   0,    ,    0,    0,    0,    0, 
AL, 19, 2010102406, 03, TCON,  24, 175N,  888W,  68,   54,   ,   0,    ,    0,    0,    0,    0, 
AL, 19, 2010102406, 03, TCON,  36, 180N,  905W,  68,   73,   ,   0,    ,    0,    0,    0,    0, 
AL, 19, 2010102406, 03, TCON,  48, 186N,  917W,  68,   93,   ,   0,    ,    0,    0,    0,    0, 
AL, 19, 2010102406, 03, TCOX,   0, 164N,  851W,  70,    0,   ,  74, AAA,    0,    0,    0,    0, 
AL, 19, 2010102406, 03, TCOX,  12, 170N,  870W,  70,   37,   ,  74, AAA,   35,   40,    2,    0, 
AL, 19, 2010102406, 03, TCOX,  24, 175N,  888W,  70,   59,   ,  73, AAA,   57,   62,    5,   -1, 
AL, 19, 2010102406, 03, TCOX,  36, 182N,  904W,  70,   74,   ,  68, AAA,   70,   80,    8,   -5, 
AL, 19, 2010102406, 03, TCOX,  48, 190N,  917W,  70,  102,   ,  91, AAA,   86,  122,   13,  -10, 
AL, 19, 2010102406, 03, TVCN,  12, 169N,  870W,  68,   34,   ,   0,    ,    0,    0,    0,    0, 
AL, 19, 2010102406, 03, TVCN,  24, 174N,  888W,  68,   56,   ,   0,    ,    0,    0,    0,    0, 
AL, 19, 2010102406, 03, TVCN,  36, 178N,  905W,  68,   75,   ,   0,    ,    0,    0,    0,    0, 
AL, 19, 2010102406, 03, TVCN,  48, 184N,  917W,  68,  102,   ,   0,    ,    0,    0,    0,    0, 
AL, 19, 2010102406, 03, TVCN,  72, 197N,  938W,  68,  158,   ,   0,    ,    0,    0,    0,    0, 
AL, 19, 2010102406, 03, TVCN,  96, 195N,  948W,  68,  180,   ,   0,    ,    0,    0,    0,    0, 
AL, 19, 2010102406, 03, TVCN, 120, 168N,  935W,  68,  234,   ,   0,    ,    0,    0,    0,    0, 
AL, 19, 2010102406, 03, TVCX,   0, 164N,  851W,  70,    0,   ,  75, AAA,    0,    0,    0,    0, 
AL, 19, 2010102406, 03, TVCX,  12, 169N,  870W,  70,   37,   ,  76, AAA,   35,   39,    2,    0, 
AL, 19, 2010102406, 03, TVCX,  24, 174N,  888W,  70,   59,   ,  75, AAA,   59,   59,    5,   -1, 
AL, 19, 2010102406, 03, TVCX,  36, 181N,  904W,  70,   74,   ,  70, AAA,   70,   80,    8,   -5, 
AL, 19, 2010102406, 03, TVCX,  48, 188N,  915W,  70,  100,   ,  67, AAA,   90,  112,   13,  -10, 
AL, 19, 2010102406, 03, TVCX,  72, 203N,  936W,  70,  146,   ,  72, AAA,  140,  153,   20,  -19, 
AL, 19, 2010102406, 03, TVCX,  96, 194N,  957W,  70,  184,   , 190, AAA,  173,  197,   18,  -32, 
AL, 19, 2010102406, 03, TVCX, 120, 159N,  942W,  70,  263,   , 233, AAA,  246,  283,    0,  -65, 
AL, 19, 2010102412, 03, GPCC,  12, 171N,  882W,  68,   36,   ,   0,    ,    0,    0,    0,    0, 
AL, 19, 2010102412, 03, GPCC,  24, 176N,  898W,  68,   72,   ,   0,    ,    0,    0,    0,    0, 
AL, 19, 2010102412, 03, GPCC,  36, 183N,  912W,  68,  100,   ,   0,    ,    0,    0,    0,    0, 
AL, 19, 2010102412, 03, GPCC,  48, 192N,  925W,  68,  129,   ,   0,    ,    0,    0,    0,    0, 
AL, 19, 2010102412, 03, GPCC,  72, 206N,  946W,  68,  192,   ,   0,    ,    0,    0,    0,    0, 
AL, 19, 2010102412, 03, GPCC,  96, 205N,  943W,  68,  266,   ,   0,    ,    0,    0,    0,    0, 
AL, 19, 2010102412, 03, GPCC, 120, 186N,  918W,  68,  356,   ,   0,    ,    0,    0,    0,    0, 
AL, 19, 2010102412, 03, TCON,  12, 173N,  883W,  68,   32,   ,   0,    ,    0,    0,    0,    0, 
AL, 19, 2010102412, 03, TCON,  24, 177N,  899W,  68,   54,   ,   0,    ,    0,    0,    0,    0, 
AL, 19, 2010102412, 03, TCON,  36, 184N,  912W,  68,   82,   ,   0,    ,    0,    0,    0,    0, 
AL, 19, 2010102412, 03, TCON,  48, 195N,  925W,  68,  107,   ,   0,    ,    0,    0,    0,    0, 
AL, 19, 2010102412, 03, TCOX,   0, 168N,  864W,  70,    0,   ,  77, AAA,    0,    0,    0,    0, 
AL, 19, 2010102412, 03, TCOX,  12, 173N,  883W,  70,   33,   ,  75, AAA,   35,   32,    2,    0, 
AL, 19, 2010102412, 03, TCOX,  24, 178N,  898W,  70,   56,   ,  69, AAA,   62,   51,    5,   -1, 
AL, 19, 2010102412, 03, TCOX,  36, 186N,  911W,  70,   75,   ,  56, AAA,   80,   72,    8,   -5, 
AL, 19, 2010102412, 03, TCOX,  48, 199N,  925W,  70,  104,   ,  91, AAA,   99,  111,   13,  -10, 
AL, 19, 2010102412, 03, TVCN,  12, 171N,  882W,  68,   34,   ,   0,    ,    0,    0,    0,    0, 
AL, 19, 2010102412, 03, TVCN,  24, 176N,  898W,  68,   55,   ,   0,    ,    0,    0,    0,    0, 
AL, 19, 2010102412, 03, TVCN,  36, 183N,  912W,  68,   82,   ,   0,    ,    0,    0,    0,    0, 
AL, 19, 2010102412, 03, TVCN,  48, 192N,  925W,  68,  115,   ,   0,    ,    0,    0,    0,    0, 
AL, 19, 2010102412, 03, TVCN,  72, 206N,  946W,  68,  177,   ,   0,    ,    0,    0,    0,    0, 
AL, 19, 2010102412, 03, TVCN,  96, 205N,  943W,  68,  239,   ,   0,    ,    0,    0,    0,    0, 
AL, 19, 2010102412, 03, TVCN, 120, 186N,  918W,  68,  218,   ,   0,    ,    0,    0,    0,    0, 
AL, 19, 2010102412, 03, TVCX,   0, 168N,  864W,  70,    0,   ,  81, AAA,    0,    0,    0,    0, 
AL, 19, 2010102412, 03, TVCX,  12, 172N,  881W,  70,   36,   ,  77, AAA,   35,   38,    2,    0, 
AL, 19, 2010102412, 03, TVCX,  24, 177N,  898W,  70,   57,   ,  70, AAA,   61,   53,    5,   -1, 
AL, 19, 2010102412, 03, TVCX,  36, 185N,  911W,  70,   76,   ,  59, AAA,   79,   73,    8,   -5, 
AL, 19, 2010102412, 03, TVCX,  48, 195N,  923W,  70,  100,   ,  58, AAA,  104,   97,   13,  -10, 
AL, 19, 2010102412, 03, TVCX,  72, 212N,  942W,  70,  143,   ,  58, AAA,  158,  130,   20,  -19, 
AL, 19, 2010102412, 03, TVCX,  96, 197N,  948W,  70,  180,   , 243, AAA,  237,  137,   18,  -32, 
AL, 19, 2010102412, 03, TVCX, 120, 182N,  928W,  70,  278,   , 204, AAA,  225,  345,    0,  -65, 
AL, 19, 2010102418, 03, GPCC,  12, 175N,  891W,  68,   36,   ,   0,    ,    0,    0,    0,    0, 
AL, 19, 2010102418, 03, GPCC,  24, 181N,  903W,  68,   72,   ,   0,    ,    0,    0,    0,    0, 
AL, 19, 2010102418, 03, GPCC,  36, 191N,  912W,  68,  100,   ,   0,    ,    0,    0,    0,    0, 
AL, 19, 2010102418, 03, GPCC,  48, 203N,  917W,  68,  129,   ,   0,    ,    0,    0,    0,    0, 
AL, 19, 2010102418, 03, GPCC,  72, 230N,  927W,  68,  192,   ,   0,    ,    0,    0,    0,    0, 
AL, 19, 2010102418, 03, GPCC,  96, 226N,  923W,  68,  266,   ,   0,    ,    0,    0,    0,    0, 
AL, 19, 2010102418, 03, GPCC, 120, 210N,  906W,  68,  356,   ,   0,    ,    0,    0,    0,    0, 
AL, 19, 2010102418, 03, TCON,  12, 175N,  891W,  68,   28,   ,   0,    ,    0,    0,    0,    0, 
AL, 19, 2010102418, 03, TCON,  24, 182N,  902W,  68,   52,   ,   0,    ,    0,    0,    0,    0, 
AL, 19, 2010102418, 03, TCON,  36, 192N,  910W,  68,   92,   ,   0,    ,    0,    0,    0,    0, 
AL, 19, 2010102418, 03, TCOX,   0, 171N,  875W,  70,    0,   ,  78, AAA,    0,    0,    0,    0, 
AL, 19, 2010102418, 03, TCOX,  12, 176N,  890W,  70,   33,   ,  69, AAA,   32,   34,    2,    0, 
AL, 19, 2010102418, 03, TCOX,  24, 182N,  901W,  70,   57,   ,  49, AAA,   57,   58,    5,   -1, 
AL, 19, 2010102418, 03, TCOX,  36, 194N,  910W,  70,   91,   ,  91, AAA,   76,  110,    8,   -5, 
AL, 19, 2010102418, 03, TVCN,  12, 175N,  891W,  68,   29,   ,   0,    ,    0,    0,    0,    0, 
AL, 19, 2010102418, 03, TVCN,  24, 181N,  903W,  68,   56,   ,   0,    ,    0,    0,    0,    0, 
AL, 19, 2010102418, 03, TVCN,  36, 191N,  912W,  68,   92,   ,   0,    ,    0,    0,    0,    0, 
AL, 19, 2010102418, 03, TVCN,  48, 203N,  917W,  68,  144,   ,   0,    ,    0,    0,    0,    0, 
AL, 19, 2010102418, 03, TVCN,  72, 230N,  927W,  68,  233,   ,   0,    ,    0,    0,    0,    0, 
AL, 19, 2010102418, 03, TVCN,  96, 226N,  923W,  68,  323,   ,   0,    ,    0,    0,    0,    0, 
AL, 19, 2010102418, 03, TVCN, 120, 210N,  906W,  68,  316,   ,   0,    ,    0,    0,    0,    0, 
AL, 19, 2010102418, 03, TVCX,   0, 171N,  875W,  70,    0,   ,  79, AAA,    0,    0,    0,    0, 
AL, 19, 2010102418, 03, TVCX,  12, 176N,  891W,  70,   33,   ,  71, AAA,   33,   34,    2,    0, 
AL, 19, 2010102418, 03, TVCX,  24, 182N,  903W,  70,   59,   ,  55, AAA,   59,   61,    5,   -1, 
AL, 19, 2010102418, 03, TVCX,  36, 191N,  910W,  70,   80,   ,  30, AAA,   85,   76,    8,   -5, 
AL, 19, 2010102418, 03, TVCX,  48, 204N,  913W,  70,  111,   ,  22, AAA,  119,  104,   13,  -10, 
AL, 19, 2010102418, 03, TVCX,  72, 224N,  925W,  70,  206,   , 287, AAA,  151,  283,   20,  -19, 
AL, 19, 2010102418, 03, TVCX,  96, 228N,  932W,  70,  286,   , 168, AAA,  247,  332,   18,  -32, 
AL, 19, 2010102418, 03, TVCX, 120, 200N,  901W,  70,  339,   , 293, AAA,  252,  456,    0,  -65, 
AL, 19, 2010102500, 03, GPCC,  12, 177N,  898W,  68,   36,   ,   0,    ,    0,    0,    0,    0, 
AL, 19, 2010102500, 03, GPCC,  24, 184N,  912W,  68,   72,   ,   0,    ,    0,    0,    0,    0, 
AL, 19, 2010102500, 03, GPCC,  36, 195N,  924W,  68,  100,   ,   0,    ,    0,    0,    0,    0, 
AL, 19, 2010102500, 03, GPCC,  48, 209N,  931W,  68,  129,   ,   0,    ,    0,    0,    0,    0, 
AL, 19, 2010102500, 03, GPCC,  72, 211N,  945W,  68,  192,   ,   0,    ,    0,    0,    0,    0, 
AL, 19, 2010102500, 03, GPCC,  96, 192N,  962W,  68,  266,   ,   0,    ,    0,    0,    0,    0, 
AL, 19, 2010102500, 03, GPCC, 120,   0N,    0W,  68,  356,   ,   0,    ,    0,    0,    0,    0, 
AL, 19, 2010102500, 03, TCON,  12, 178N,  897W,  68,   37,   ,   0,    ,    0,    0,    0,    0, 
AL, 19, 2010102500, 03, TCON,  24, 186N,  910W,  68,   64,   ,   0,    ,    0,    0,    0,    0, 
AL, 19, 2010102500, 03, TCON,  36, 197N,  922W,  68,   94,   ,   0,    ,    0,    0,    0,    0, 
AL, 19, 2010102500, 03, TCOX,   0, 172N,  882W,  70,    0,   ,  75, AAA,    0,    0,    0,    0, 
AL, 19, 2010102500, 03, TCOX,  12, 178N,  897W,  70,   38,   ,  65, AAA,   35,   43,    2,    0, 
AL, 19, 2010102500, 03, TCOX,  24, 186N,  910W,  70,   67,   ,  52, AAA,   63,   72,    5,   -1, 
AL, 19, 2010102500, 03, TCOX,  36, 199N,  922W,  70,   90,   ,  91, AAA,   82,  100,    8,   -5, 
AL, 19, 2010102500, 03, TVCN,  12, 177N,  898W,  68,   34,   ,   0,    ,    0,    0,    0,    0, 
AL, 19, 2010102500, 03, TVCN,  24, 184N,  912W,  68,   61,   ,   0,    ,    0,    0,    0,    0, 
AL, 19, 2010102500, 03, TVCN,  36, 195N,  924W,  68,   88,   ,   0,    ,    0,    0,    0,    0, 
AL, 19, 2010102500, 03, TVCN,  48, 209N,  931W,  68,  133,   ,   0,    ,    0,    0,    0,    0, 
AL, 19, 2010102500, 03, TVCN,  72, 211N,  945W,  68,  133,   ,   0,    ,    0,    0,    0,    0, 
AL, 19, 2010102500, 03, TVCN,  96, 192N,  962W,  68,  187,   ,   0,    ,    0,    0,    0,    0, 
AL, 19, 2010102500, 03, TVCX,   0, 172N,  882W,  70,    0,   ,  77, AAA,    0,    0,    0,    0, 
AL, 19, 2010102500, 03, TVCX,  12, 177N,  898W,  70,   37,   ,  68, AAA,   34,   41,    2,    0, 
AL, 19, 2010102500, 03, TVCX,  24, 185N,  911W,  70,   63,   ,  56, AAA,   60,   67,    5,   -1, 
AL, 19, 2010102500, 03, TVCX,  36, 196N,  921W,  70,   86,   ,  38, AAA,   73,  102,    8,   -5, 
AL, 19, 2010102500, 03, TVCX,  48, 212N,  929W,  70,  118,   ,  43, AAA,  100,  141,   13,  -10, 
AL, 19, 2010102500, 03, TVCX,  72, 214N,  951W,  70,  149,   , 153, AAA,  121,  185,   20,  -19, 
AL, 19, 2010102500, 03, TVCX,  96, 200N,  962W,  70,  160,   ,  91, AAA,  189,  136,   18,  -32, 
AL, 19, 2010102506, 03, GPCC,  12, 181N,  907W,  68,   36,   ,   0,    ,    0,    0,    0,    0, 
AL, 19, 2010102506, 03, GPCC,  24, 189N,  918W,  68,   72,   ,   0,    ,    0,    0,    0,    0, 
AL, 19, 2010102506, 03, GPCC,  36, 200N,  928W,  68,  100,   ,   0,    ,    0,    0,    0,    0, 
AL, 19, 2010102506, 03, GPCC,  48, 212N,  938W,  68,  129,   ,   0,    ,    0,    0,    0,    0, 
AL, 19, 2010102506, 03, GPCC,  72, 230N,  938W,  68,  192,   ,   0,    ,    0,    0,    0,    0, 
AL, 19, 2010102506, 03, GPCC,  96, 193N,  934W,  68,  266,   ,   0,    ,    0,    0,    0,    0, 
AL, 19, 2010102506, 03, GPCC, 120,   0N,    0W,  68,  356,   ,   0,    ,    0,    0,    0,    0, 
AL, 19, 2010102506, 03, TCON,  12, 181N,  906W,  68,   34,   ,   0,    ,    0,    0,    0,    0, 
AL, 19, 2010102506, 03, TCOX,   0, 176N,  893W,  70,    0,   ,  69, AAA,    0,    0,    0,    0, 
AL, 19, 2010102506, 03, TCOX,  12, 181N,  906W,  70,   35,   ,  91, AAA,   35,   37,    2,    0, 
AL, 19, 2010102506, 03, TVCN,  12, 181N,  907W,  68,   33,   ,   0,    ,    0,    0,    0,    0, 
AL, 19, 2010102506, 03, TVCN,  24, 189N,  918W,  68,   62,   ,   0,    ,    0,    0,    0,    0, 
AL, 19, 2010102506, 03, TVCN,  36, 200N,  928W,  68,   96,   ,   0,    ,    0,    0,    0,    0, 
AL, 19, 2010102506, 03, TVCN,  48, 212N,  938W,  68,  135,   ,   0,    ,    0,    0,    0,    0, 
AL, 19, 2010102506, 03, TVCN,  72, 230N,  938W,  68,  200,   ,   0,    ,    0,    0,    0,    0, 
AL, 19, 2010102506, 03, TVCN,  96, 193N,  934W,  68,  215,   ,   0,    ,    0,    0,    0,    0, 
AL, 19, 2010102506, 03, TVCX,   0, 176N,  893W,  70,    0,   ,  77, AAA,    0,    0,    0,    0, 
AL, 19, 2010102506, 03, TVCX,  12, 181N,  906W,  70,   36,   ,  64, AAA,   34,   39,    2,    0, 
AL, 19, 2010102506, 03, TVCX,  24, 189N,  917W,  70,   64,   ,  48, AAA,   61,   69,    5,   -1, 
AL, 19, 2010102506, 03, TVCX,  36, 202N,  926W,  70,   90,   ,  40, AAA,   79,  105,    8,   -5, 
AL, 19, 2010102506, 03, TVCX,  48, 209N,  936W,  70,  118,   , 300, AAA,  103,  137,   13,  -10, 
AL, 19, 2010102506, 03, TVCX,  72, 226N,  944W,  70,  171,   , 208, AAA,  159,  184,   20,  -19, 
AL, 19, 2010102506, 03, TVCX,  96, 201N,  936W,  70,  208,   , 102, AAA,  188,  230,   18,  -32, 
AL, 19, 2010102512, 03, GPCC,  12, 186N,  911W,  68,   36,   ,   0,    ,    0,    0,    0,    0, 
AL, 19, 2010102512, 03, GPCC,  24, 198N,  922W,  68,   72,   ,   0,    ,    0,    0,    0,    0, 
AL, 19, 2010102512, 03, GPCC,  36, 211N,  932W,  68,  100,   ,   0,    ,    0,    0,    0,    0, 
AL, 19, 2010102512, 03, GPCC,  48, 223N,  942W,  68,  129,   ,   0,    ,    0,    0,    0,    0, 
AL, 19, 2010102512, 03, GPCC,  72, 224N,  937W,  68,  192,   ,   0,    ,    0,    0,    0,    0, 
AL, 19, 2010102512, 03, GPCC,  96, 179N,  938W,  68,  266,   ,   0,    ,    0,    0,    0,    0, 
AL, 19, 2010102512, 03, GPCC, 120,   0N,    0W,  68,  356,   ,   0,    ,    0,    0,    0,    0, 
AL, 19, 2010102512, 03, TCON,  12, 187N,  910W,  68,   45,   ,   0,    ,    0,    0,    0,    0, 
AL, 19, 2010102512, 03, TCOX,   0, 177N,  899W,  70,    0,   ,  47, AAA,    0,    0,    0,    0, 
AL, 19, 2010102512, 03, TCOX,  12, 188N,  910W,  70,   43,   ,  91, AAA,   40,   48,    2,    0, 
AL, 19, 2010102512, 03, TVCN,  12, 186N,  911W,  68,   44,   ,   0,    ,    0,    0,    0,    0, 
AL, 19, 2010102512, 03, TVCN,  24, 198N,  922W,  68,   73,   ,   0,    ,    0,    0,    0,    0, 
AL, 19, 2010102512, 03, TVCN,  36, 211N,  932W,  68,   99,   ,   0,    ,    0,    0,    0,    0, 
AL, 19, 2010102512, 03, TVCN,  48, 223N,  942W,  68,  129,   ,   0,    ,    0,    0,    0,    0, 
AL, 19, 2010102512, 03, TVCN,  72, 224N,  937W,  68,  175,   ,   0,    ,    0,    0,    0,    0, 
AL, 19, 2010102512, 03, TVCN,  96, 179N,  938W,  68,  295,   ,   0,    ,    0,    0,    0,    0, 
AL, 19, 2010102512, 03, TVCX,   0, 177N,  899W,  70,    0,   ,  58, AAA,    0,    0,    0,    0, 
AL, 19, 2010102512, 03, TVCX,  12, 187N,  911W,  70,   41,   ,  47, AAA,   40,   44,    2,    0, 
AL, 19, 2010102512, 03, TVCX,  24, 199N,  921W,  70,   68,   ,  40, AAA,   68,   69,    5,   -1, 
AL, 19, 2010102512, 03, TVCX,  36, 212N,  930W,  70,   88,   ,  38, AAA,   79,  100,    8,   -5, 
AL, 19, 2010102512, 03, TVCX,  48, 226N,  940W,  70,  117,   ,  61, AAA,  110,  126,   13,  -10, 
AL, 19, 2010102512, 03, TVCX,  72, 222N,  944W,  70,  175,   , 198, AAA,  138,  225,   20,  -19, 
AL, 19, 2010102512, 03, TVCX,  96, 184N,  945W,  70,  232,   , 142, AAA,  276,  197,   18,  -32, 
AL, 19, 2010102518, 03, GPCC,  12, 190N,  925W,  68,   36,   ,   0,    ,    0,    0,    0,    0, 
AL, 19, 2010102518, 03, GPCC,  24, 200N,  935W,  68,   72,   ,   0,    ,    0,    0,    0,    0, 
AL, 19, 2010102518, 03, GPCC,  36, 212N,  947W,  68,  100,   ,   0,    ,    0,    0,    0,    0, 
AL, 19, 2010102518, 03, GPCC,  48, 218N,  951W,  68,  129,   ,   0,    ,    0,    0,    0,    0, 
AL, 19, 2010102518, 03, GPCC,  72, 201N,  956W,  68,  192,   ,   0,    ,    0,    0,    0,    0, 
AL, 19, 2010102518, 03, GPCC,  96,   0N,    0W,  68,  266,   ,   0,    ,    0,    0,    0,    0, 
AL, 19, 2010102518, 03, GPCC, 120,   0N,    0W,  68,  356,   ,   0,    ,    0,    0,    0,    0, 
AL, 19, 2010102518, 03, TCON,  12, 190N,  926W,  68,   60,   ,   0,    ,    0,    0,    0,    0, 
AL, 19, 2010102518, 03, TCOX,   0, 180N,  908W,  70,    0,   ,  60, AAA,    0,    0,    0,    0, 
AL, 19, 2010102518, 03, TCOX,  12, 191N,  926W,  70,   52,   ,  91, AAA,   41,   69,    2,    0, 
AL, 19, 2010102518, 03, TVCN,  12, 190N,  925W,  68,   56,   ,   0,    ,    0,    0,    0,    0, 
AL, 19, 2010102518, 03, TVCN,  24, 200N,  935W,  68,   74,   ,   0,    ,    0,    0,    0,    0, 
AL, 19, 2010102518, 03, TVCN,  36, 212N,  947W,  68,   99,   ,   0,    ,    0,    0,    0,    0, 
AL, 19, 2010102518, 03, TVCN,  48, 218N,  951W,  68,  108,   ,   0,    ,    0,    0,    0,    0, 
AL, 19, 2010102518, 03, TVCN,  72, 201N,  956W,  68,  136,   ,   0,    ,    0,    0,    0,    0, 
AL, 19, 2010102518, 03, TVCX,   0, 180N,  908W,  70,    0,   ,  66, AAA,    0,    0,    0,    0, 
AL, 19, 2010102518, 03, TVCX,  12, 190N,  925W,  70,   50,   ,  52, AAA,   44,   58,    2,    0, 
AL, 19, 2010102518, 03, TVCX,  24, 201N,  935W,  70,   71,   ,  44, AAA,   70,   73,    5,   -1, 
AL, 19, 2010102518, 03, TVCX,  36, 212N,  945W,  70,   94,   ,  36, AAA,   76,  117,    8,   -5, 
AL, 19, 2010102518, 03, TVCX,  48, 222N,  949W,  70,   98,   ,  72, AAA,  100,   97,   13,  -10, 
AL, 19, 2010102518, 03, TVCX,  72, 203N,  963W,  70,  156,   , 165, AAA,  117,  210,   20,  -19, 
AL, 19, 2010102600, 03, GPCC,  12, 191N,  932W,  68,   36,   ,   0,    ,    0,    0,    0,    0, 
AL, 19, 2010102600, 03, GPCC,  24, 202N,  939W,  68,   72,   ,   0,    ,    0,    0,    0,    0, 
AL, 19, 2010102600, 03, GPCC,  36, 211N,  947W,  68,  100,   ,   0,    ,    0,    0,    0,    0, 
AL, 19, 2010102600, 03, GPCC,  48, 209N,  951W,  68,  129,   ,   0,    ,    0,    0,    0,    0, 
AL, 19, 2010102600, 03, GPCC,  72, 198N,  954W,  68,  192,   ,   0,    ,    0,    0,    0,    0, 
AL, 19, 2010102600, 03, GPCC,  96,   0N,    0W,  68,  266,   ,   0,    ,    0,    0,    0,    0, 
AL, 19, 2010102600, 03, GPCC, 120,   0N,    0W,  68,  356,   ,   0,    ,    0,    0,    0,    0, 
AL, 19, 2010102600, 03, TCON,  12, 192N,  932W,  68,   73,   ,   0,    ,    0,    0,    0,    0, 
AL, 19, 2010102600, 03, TCOX,   0, 181N,  913W,  70,    0,   ,  60, AAA,    0,    0,    0,    0, 
AL, 19, 2010102600, 03, TCOX,  12, 193N,  932W,  70,   58,   ,  91, AAA,   40,   87,    2,    0, 
AL, 19, 2010102600, 03, TVCN,  12, 191N,  932W,  68,   63,   ,   0,    ,    0,    0,    0,    0, 
AL, 19, 2010102600, 03, TVCN,  24, 202N,  939W,  68,   79,   ,   0,    ,    0,    0,    0,    0, 
AL, 19, 2010102600, 03, TVCN,  36, 211N,  947W,  68,  108,   ,   0,    ,    0,    0,    0,    0, 
AL, 19, 2010102600, 03, TVCN,  48, 209N,  951W,  68,  125,   ,   0,    ,    0,    0,    0,    0, 
AL, 19, 2010102600, 03, TVCN,  72, 198N,  954W,  68,  143,   ,   0,    ,    0,    0,    0,    0, 
AL, 19, 2010102600, 03, TVCX,   0, 181N,  913W,  70,    0,   ,  68, AAA,    0,    0,    0,    0, 
AL, 19, 2010102600, 03, TVCX,  12, 191N,  932W,  70,   53,   ,  45, AAA,   51,   55,    2,    0, 
AL, 19, 2010102600, 03, TVCX,  24, 203N,  938W,  70,   70,   ,  37, AAA,   76,   66,    5,   -1, 
AL, 19, 2010102600, 03, TVCX,  36, 213N,  945W,  70,   96,   ,  50, AAA,   86,  108,    8,   -5, 
AL, 19, 2010102600, 03, TVCX,  48, 212N,  953W,  70,  119,   , 132, AAA,  105,  136,   13,  -10, 
AL, 19, 2010102600, 03, TVCX,  72, 205N,  954W,  70,  148,   ,  91, AAA,  130,  169,   20,  -19, 
AL, 19, 2010102606, 03, GPCC,  12, 202N,  937W,  68,   36,   ,   0,    ,    0,    0,    0,    0, 
AL, 19, 2010102606, 03, GPCC,  24, 220N,  945W,  68,   72,   ,   0,    ,    0,    0,    0,    0, 
AL, 19, 2010102606, 03, GPCC,  36, 233N,  956W,  68,  100,   ,   0,    ,    0,    0,    0,    0, 
AL, 19, 2010102606, 03, GPCC,  48,   0N,    0W,  68,  129,   ,   0,    ,    0,    0,    0,    0, 
AL, 19, 2010102606, 03, GPCC,  72,   0N,    0W,  68,  192,   ,   0,    ,    0,    0,    0,    0, 
AL, 19, 2010102606, 03, GPCC,  96,   0N,    0W,  68,  266,   ,   0,    ,    0,    0,    0,    0, 
AL, 19, 2010102606, 03, GPCC, 120,   0N,    0W,  68,  356,   ,   0,    ,    0,    0,    0,    0, 
AL, 19, 2010102606, 03, TVCN,  12, 202N,  937W,  68,   49,   ,   0,    ,    0,    0,    0,    0, 
AL, 19, 2010102606, 03, TVCN,  24, 220N,  945W,  68,   56,   ,   0,    ,    0,    0,    0,    0, 
AL, 19, 2010102606, 03, TVCN,  36, 233N,  956W,  68,   78,   ,   0,    ,    0,    0,    0,    0, 
AL, 19, 2010102606, 03, TVCX,   0, 190N,  922W,  70,    0,   ,  65, AAA,    0,    0,    0,    0, 
AL, 19, 2010102606, 03, TVCX,  12, 202N,  937W,  70,   42,   ,  36, AAA,   46,   40,    2,    0, 
AL, 19, 2010102606, 03, TVCX,  24, 220N,  945W,  70,   58,   ,  31, AAA,   59,   57,    5,   -1, 
AL, 19, 2010102606, 03, TVCX,  36, 235N,  956W,  70,   79,   ,  91, AAA,   66,   96,    8,   -5, 
AL, 19, 2010102612, 03, GPCC,  12, 216N,  938W,  68,   36,   ,   0,    ,    0,    0,    0,    0, 
AL, 19, 2010102612, 03, GPCC,  24, 234N,  946W,  68,   72,   ,   0,    ,    0,    0,    0,    0, 
AL, 19, 2010102612, 03, GPCC,  36, 248N,  953W,  68,  100,   ,   0,    ,    0,    0,    0,    0, 
AL, 19, 2010102612, 03, GPCC,  48,   0N,    0W,  68,  129,   ,   0,    ,    0,    0,    0,    0, 
AL, 19, 2010102612, 03, GPCC,  72,   0N,    0W,  68,  192,   ,   0,    ,    0,    0,    0,    0, 
AL, 19, 2010102612, 03, GPCC,  96,   0N,    0W,  68,  266,   ,   0,    ,    0,    0,    0,    0, 
AL, 19, 2010102612, 03, GPCC, 120,   0N,    0W,  68,  356,   ,   0,    ,    0,    0,    0,    0, 
AL, 19, 2010102612, 03, TVCN,  12, 216N,  938W,  68,   44,   ,   0,    ,    0,    0,    0,    0, 
AL, 19, 2010102612, 03, TVCN,  24, 234N,  946W,  68,   67,   ,   0,    ,    0,    0,    0,    0, 
AL, 19, 2010102612, 03, TVCN,  36, 248N,  953W,  68,  104,   ,   0,    ,    0,    0,    0,    0, 
AL, 19, 2010102612, 03, TVCX,   0, 200N,  929W,  70,    0,   ,  28, AAA,    0,    0,    0,    0, 
AL, 19, 2010102612, 03, TVCX,  12, 217N,  937W,  70,   42,   ,  27, AAA,   41,   44,    2,    0, 
AL, 19, 2010102612, 03, TVCX,  24, 234N,  945W,  70,   63,   ,  27, AAA,   68,   60,    5,   -1, 
AL, 19, 2010102612, 03, TVCX,  36, 250N,  954W,  70,  101,   ,  91, AAA,   71,  145,    8,   -5, 
