AL, 18, 2010100818, 03, GPCC,  12,   0N,    0W,  68,   36,   ,   0,    ,    0,    0,    0,    0, 
AL, 18, 2010100818, 03, GPCC,  24,   0N,    0W,  68,   72,   ,   0,    ,    0,    0,    0,    0, 
AL, 18, 2010100818, 03, GPCC,  36,   0N,    0W,  68,  100,   ,   0,    ,    0,    0,    0,    0, 
AL, 18, 2010100818, 03, GPCC,  48,   0N,    0W,  68,  129,   ,   0,    ,    0,    0,    0,    0, 
AL, 18, 2010100818, 03, GPCC,  72,   0N,    0W,  68,  192,   ,   0,    ,    0,    0,    0,    0, 
AL, 18, 2010100818, 03, GPCC,  96,   0N,    0W,  68,  266,   ,   0,    ,    0,    0,    0,    0, 
AL, 18, 2010100818, 03, GPCC, 120,   0N,    0W,  68,  356,   ,   0,    ,    0,    0,    0,    0, 
AL, 18, 2010100900, 03, GPCC,  12,   0N,    0W,  68,   36,   ,   0,    ,    0,    0,    0,    0, 
AL, 18, 2010100900, 03, GPCC,  24,   0N,    0W,  68,   72,   ,   0,    ,    0,    0,    0,    0, 
AL, 18, 2010100900, 03, GPCC,  36,   0N,    0W,  68,  100,   ,   0,    ,    0,    0,    0,    0, 
AL, 18, 2010100900, 03, GPCC,  48,   0N,    0W,  68,  129,   ,   0,    ,    0,    0,    0,    0, 
AL, 18, 2010100900, 03, GPCC,  72,   0N,    0W,  68,  192,   ,   0,    ,    0,    0,    0,    0, 
AL, 18, 2010100900, 03, GPCC,  96,   0N,    0W,  68,  266,   ,   0,    ,    0,    0,    0,    0, 
AL, 18, 2010100900, 03, GPCC, 120,   0N,    0W,  68,  356,   ,   0,    ,    0,    0,    0,    0, 
AL, 18, 2010100906, 03, GPCC,  12, 149N,  790W,  68,   36,   ,   0,    ,    0,    0,    0,    0, 
AL, 18, 2010100906, 03, GPCC,  24, 157N,  795W,  68,   72,   ,   0,    ,    0,    0,    0,    0, 
AL, 18, 2010100906, 03, GPCC,  36, 168N,  802W,  68,  100,   ,   0,    ,    0,    0,    0,    0, 
AL, 18, 2010100906, 03, GPCC,  48, 178N,  808W,  68,  129,   ,   0,    ,    0,    0,    0,    0, 
AL, 18, 2010100906, 03, GPCC,  72, 198N,  819W,  68,  192,   ,   0,    ,    0,    0,    0,    0, 
AL, 18, 2010100906, 03, GPCC,  96, 229N,  815W,  68,  266,   ,   0,    ,    0,    0,    0,    0, 
AL, 18, 2010100906, 03, GPCC, 120, 258N,  767W,  68,  356,   ,   0,    ,    0,    0,    0,    0, 
AL, 18, 2010100906, 03, TVCN,  12, 149N,  790W,  68,   46,   ,   0,    ,    0,    0,    0,    0, 
AL, 18, 2010100906, 03, TVCN,  24, 157N,  795W,  68,   58,   ,   0,    ,    0,    0,    0,    0, 
AL, 18, 2010100906, 03, TVCN,  36, 168N,  802W,  68,   76,   ,   0,    ,    0,    0,    0,    0, 
AL, 18, 2010100906, 03, TVCN,  48, 178N,  808W,  68,   82,   ,   0,    ,    0,    0,    0,    0, 
AL, 18, 2010100906, 03, TVCN,  72, 198N,  819W,  68,  130,   ,   0,    ,    0,    0,    0,    0, 
AL, 18, 2010100906, 03, TVCN,  96, 229N,  815W,  68,  189,   ,   0,    ,    0,    0,    0,    0, 
AL, 18, 2010100906, 03, TVCN, 120, 258N,  767W,  68,  262,   ,   0,    ,    0,    0,    0,    0, 
AL, 18, 2010100906, 03, TVCX,   0, 140N,  786W,  70,    0,   ,  19, AAA,    0,    0,    0,    0, 
AL, 18, 2010100906, 03, TVCX,  12, 149N,  790W,  70,   45,   ,  29, AAA,   40,   53,    2,    0, 
AL, 18, 2010100906, 03, TVCX,  24, 157N,  794W,  70,   62,   ,  32, AAA,   59,   67,    5,   -1, 
AL, 18, 2010100906, 03, TVCX,  36, 169N,  800W,  70,   78,   ,  31, AAA,   67,   91,    8,   -5, 
AL, 18, 2010100906, 03, TVCX,  48, 180N,  805W,  70,   91,   ,  32, AAA,   84,  100,   13,  -10, 
AL, 18, 2010100906, 03, TVCX,  72, 200N,  813W,  70,  140,   ,  17, AAA,  132,  151,   20,  -19, 
AL, 18, 2010100906, 03, TVCX,  96, 225N,  808W,  70,  219,   , 329, AAA,  166,  290,   18,  -32, 
AL, 18, 2010100906, 03, TVCX, 120, 248N,  763W,  70,  354,   , 290, AAA,  180,  700,    0,  -65, 
AL, 18, 2010100912, 03, GPCC,  12, 142N,  800W,  68,   36,   ,   0,    ,    0,    0,    0,    0, 
AL, 18, 2010100912, 03, GPCC,  24, 152N,  806W,  68,   72,   ,   0,    ,    0,    0,    0,    0, 
AL, 18, 2010100912, 03, GPCC,  36, 161N,  814W,  68,  100,   ,   0,    ,    0,    0,    0,    0, 
AL, 18, 2010100912, 03, GPCC,  48, 162N,  818W,  68,  129,   ,   0,    ,    0,    0,    0,    0, 
AL, 18, 2010100912, 03, GPCC,  72, 196N,  816W,  68,  192,   ,   0,    ,    0,    0,    0,    0, 
AL, 18, 2010100912, 03, GPCC,  96, 222N,  810W,  68,  266,   ,   0,    ,    0,    0,    0,    0, 
AL, 18, 2010100912, 03, GPCC, 120, 249N,  766W,  68,  356,   ,   0,    ,    0,    0,    0,    0, 
AL, 18, 2010100912, 03, TVCN,  12, 142N,  800W,  68,   57,   ,   0,    ,    0,    0,    0,    0, 
AL, 18, 2010100912, 03, TVCN,  24, 152N,  806W,  68,   93,   ,   0,    ,    0,    0,    0,    0, 
AL, 18, 2010100912, 03, TVCN,  36, 161N,  814W,  68,  126,   ,   0,    ,    0,    0,    0,    0, 
AL, 18, 2010100912, 03, TVCN,  48, 162N,  818W,  68,  146,   ,   0,    ,    0,    0,    0,    0, 
AL, 18, 2010100912, 03, TVCN,  72, 196N,  816W,  68,  148,   ,   0,    ,    0,    0,    0,    0, 
AL, 18, 2010100912, 03, TVCN,  96, 222N,  810W,  68,  221,   ,   0,    ,    0,    0,    0,    0, 
AL, 18, 2010100912, 03, TVCN, 120, 249N,  766W,  68,  316,   ,   0,    ,    0,    0,    0,    0, 
AL, 18, 2010100912, 03, TVCX,   0, 133N,  795W,  70,    0,   ,  23, AAA,    0,    0,    0,    0, 
AL, 18, 2010100912, 03, TVCX,  12, 142N,  799W,  70,   49,   ,  30, AAA,   49,   49,    2,    0, 
AL, 18, 2010100912, 03, TVCX,  24, 152N,  806W,  70,   81,   ,  37, AAA,   86,   77,    5,   -1, 
AL, 18, 2010100912, 03, TVCX,  36, 163N,  814W,  70,   99,   ,  69, AAA,  106,   93,    8,   -5, 
AL, 18, 2010100912, 03, TVCX,  48, 166N,  818W,  70,  121,   ,  76, AAA,  134,  110,   13,  -10, 
AL, 18, 2010100912, 03, TVCX,  72, 196N,  810W,  70,  158,   ,   0, AAA,  137,  183,   20,  -19, 
AL, 18, 2010100912, 03, TVCX,  96, 217N,  802W,  70,  237,   , 322, AAA,  186,  304,   18,  -32, 
AL, 18, 2010100912, 03, TVCX, 120, 239N,  761W,  70,  358,   , 294, AAA,  203,  633,    0,  -65, 
AL, 18, 2010100918, 03, GPCC,  12, 135N,  814W,  68,   36,   ,   0,    ,    0,    0,    0,    0, 
AL, 18, 2010100918, 03, GPCC,  24, 141N,  822W,  68,   72,   ,   0,    ,    0,    0,    0,    0, 
AL, 18, 2010100918, 03, GPCC,  36, 151N,  829W,  68,  100,   ,   0,    ,    0,    0,    0,    0, 
AL, 18, 2010100918, 03, GPCC,  48, 160N,  837W,  68,  129,   ,   0,    ,    0,    0,    0,    0, 
AL, 18, 2010100918, 03, GPCC,  72, 171N,  851W,  68,  192,   ,   0,    ,    0,    0,    0,    0, 
AL, 18, 2010100918, 03, GPCC,  96, 204N,  864W,  68,  266,   ,   0,    ,    0,    0,    0,    0, 
AL, 18, 2010100918, 03, GPCC, 120, 210N,  854W,  68,  356,   ,   0,    ,    0,    0,    0,    0, 
AL, 18, 2010100918, 03, TVCN,  12, 135N,  814W,  68,   49,   ,   0,    ,    0,    0,    0,    0, 
AL, 18, 2010100918, 03, TVCN,  24, 141N,  822W,  68,   80,   ,   0,    ,    0,    0,    0,    0, 
AL, 18, 2010100918, 03, TVCN,  36, 151N,  829W,  68,  110,   ,   0,    ,    0,    0,    0,    0, 
AL, 18, 2010100918, 03, TVCN,  48, 160N,  837W,  68,  132,   ,   0,    ,    0,    0,    0,    0, 
AL, 18, 2010100918, 03, TVCN,  72, 171N,  851W,  68,  213,   ,   0,    ,    0,    0,    0,    0, 
AL, 18, 2010100918, 03, TVCN,  96, 204N,  864W,  68,  215,   ,   0,    ,    0,    0,    0,    0, 
AL, 18, 2010100918, 03, TVCN, 120, 210N,  854W,  68,  268,   ,   0,    ,    0,    0,    0,    0, 
AL, 18, 2010100918, 03, TVCX,   0, 135N,  808W,  70,    0,   ,  90, AAA,    0,    0,    0,    0, 
AL, 18, 2010100918, 03, TVCX,  12, 136N,  814W,  70,   44,   ,  83, AAA,   45,   45,    2,    0, 
AL, 18, 2010100918, 03, TVCX,  24, 142N,  821W,  70,   73,   ,  43, AAA,   75,   72,    5,   -1, 
AL, 18, 2010100918, 03, TVCX,  36, 152N,  827W,  70,  102,   ,  39, AAA,   83,  126,    8,   -5, 
AL, 18, 2010100918, 03, TVCX,  48, 162N,  835W,  70,  130,   ,  48, AAA,  102,  167,   13,  -10, 
AL, 18, 2010100918, 03, TVCX,  72, 175N,  846W,  70,  205,   ,  44, AAA,  145,  292,   20,  -19, 
AL, 18, 2010100918, 03, TVCX,  96, 211N,  859W,  70,  189,   ,  55, AAA,  209,  172,   18,  -32, 
AL, 18, 2010100918, 03, TVCX, 120, 199N,  852W,  70,  294,   , 281, AAA,  255,  341,    0,  -65, 
AL, 18, 2010101000, 03, GPCC,  12, 139N,  817W,  68,   36,   ,   0,    ,    0,    0,    0,    0, 
AL, 18, 2010101000, 03, GPCC,  24, 149N,  825W,  68,   72,   ,   0,    ,    0,    0,    0,    0, 
AL, 18, 2010101000, 03, GPCC,  36, 158N,  833W,  68,  100,   ,   0,    ,    0,    0,    0,    0, 
AL, 18, 2010101000, 03, GPCC,  48, 163N,  839W,  68,  129,   ,   0,    ,    0,    0,    0,    0, 
AL, 18, 2010101000, 03, GPCC,  72, 173N,  846W,  68,  192,   ,   0,    ,    0,    0,    0,    0, 
AL, 18, 2010101000, 03, GPCC,  96, 201N,  853W,  68,  266,   ,   0,    ,    0,    0,    0,    0, 
AL, 18, 2010101000, 03, GPCC, 120, 206N,  837W,  68,  356,   ,   0,    ,    0,    0,    0,    0, 
AL, 18, 2010101000, 03, TVCN,  12, 139N,  817W,  68,   47,   ,   0,    ,    0,    0,    0,    0, 
AL, 18, 2010101000, 03, TVCN,  24, 149N,  825W,  68,   81,   ,   0,    ,    0,    0,    0,    0, 
AL, 18, 2010101000, 03, TVCN,  36, 158N,  833W,  68,  117,   ,   0,    ,    0,    0,    0,    0, 
AL, 18, 2010101000, 03, TVCN,  48, 163N,  839W,  68,  156,   ,   0,    ,    0,    0,    0,    0, 
AL, 18, 2010101000, 03, TVCN,  72, 173N,  846W,  68,  232,   ,   0,    ,    0,    0,    0,    0, 
AL, 18, 2010101000, 03, TVCN,  96, 201N,  853W,  68,  281,   ,   0,    ,    0,    0,    0,    0, 
AL, 18, 2010101000, 03, TVCN, 120, 206N,  837W,  68,  407,   ,   0,    ,    0,    0,    0,    0, 
AL, 18, 2010101000, 03, TVCX,   0, 135N,  812W,  70,    0,   ,  55, AAA,    0,    0,    0,    0, 
AL, 18, 2010101000, 03, TVCX,  12, 140N,  816W,  70,   42,   ,  44, AAA,   45,   40,    2,    0, 
AL, 18, 2010101000, 03, TVCX,  24, 150N,  824W,  70,   72,   ,  42, AAA,   77,   68,    5,   -1, 
AL, 18, 2010101000, 03, TVCX,  36, 160N,  831W,  70,  102,   ,  47, AAA,   91,  116,    8,   -5, 
AL, 18, 2010101000, 03, TVCX,  48, 166N,  837W,  70,  140,   ,  47, AAA,  116,  170,   13,  -10, 
AL, 18, 2010101000, 03, TVCX,  72, 175N,  840W,  70,  213,   ,  13, AAA,  155,  293,   20,  -19, 
AL, 18, 2010101000, 03, TVCX,  96, 209N,  853W,  70,  252,   ,  87, AAA,  251,  255,   18,  -32, 
AL, 18, 2010101000, 03, TVCX, 120, 196N,  834W,  70,  383,   , 285, AAA,  298,  493,    0,  -65, 
AL, 18, 2010101006, 03, GPCC,  12, 134N,  823W,  68,   36,   ,   0,    ,    0,    0,    0,    0, 
AL, 18, 2010101006, 03, GPCC,  24, 139N,  834W,  68,   72,   ,   0,    ,    0,    0,    0,    0, 
AL, 18, 2010101006, 03, GPCC,  36, 142N,  843W,  68,  100,   ,   0,    ,    0,    0,    0,    0, 
AL, 18, 2010101006, 03, GPCC,  48, 144N,  849W,  68,  129,   ,   0,    ,    0,    0,    0,    0, 
AL, 18, 2010101006, 03, GPCC,  72, 146N,  861W,  68,  192,   ,   0,    ,    0,    0,    0,    0, 
AL, 18, 2010101006, 03, GPCC,  96, 137N,  873W,  68,  266,   ,   0,    ,    0,    0,    0,    0, 
AL, 18, 2010101006, 03, GPCC, 120, 122N,  861W,  68,  356,   ,   0,    ,    0,    0,    0,    0, 
AL, 18, 2010101006, 03, TVCN,  12, 134N,  823W,  68,   43,   ,   0,    ,    0,    0,    0,    0, 
AL, 18, 2010101006, 03, TVCN,  24, 139N,  834W,  68,   73,   ,   0,    ,    0,    0,    0,    0, 
AL, 18, 2010101006, 03, TVCN,  36, 142N,  843W,  68,  118,   ,   0,    ,    0,    0,    0,    0, 
AL, 18, 2010101006, 03, TVCN,  48, 144N,  849W,  68,  156,   ,   0,    ,    0,    0,    0,    0, 
AL, 18, 2010101006, 03, TVCN,  72, 146N,  861W,  68,  210,   ,   0,    ,    0,    0,    0,    0, 
AL, 18, 2010101006, 03, TVCN,  96, 137N,  873W,  68,  258,   ,   0,    ,    0,    0,    0,    0, 
AL, 18, 2010101006, 03, TVCN, 120, 122N,  861W,  68,  291,   ,   0,    ,    0,    0,    0,    0, 
AL, 18, 2010101006, 03, TVCX,   0, 129N,  814W,  70,    0,   ,  64, AAA,    0,    0,    0,    0, 
AL, 18, 2010101006, 03, TVCX,  12, 134N,  823W,  70,   44,   ,  63, AAA,   37,   53,    2,    0, 
AL, 18, 2010101006, 03, TVCX,  24, 140N,  834W,  70,   73,   ,  67, AAA,   63,   86,    5,   -1, 
AL, 18, 2010101006, 03, TVCX,  36, 145N,  843W,  70,  105,   ,  74, AAA,   89,  125,    8,   -5, 
AL, 18, 2010101006, 03, TVCX,  48, 148N,  847W,  70,  140,   ,  67, AAA,  115,  173,   13,  -10, 
AL, 18, 2010101006, 03, TVCX,  72, 152N,  861W,  70,  161,   ,  94, AAA,  184,  142,   20,  -19, 
AL, 18, 2010101006, 03, TVCX,  96, 130N,  879W,  70,  226,   , 230, AAA,  241,  213,   18,  -32, 
AL, 18, 2010101006, 03, TVCX, 120, 114N,  868W,  70,  300,   , 228, AAA,  263,  342,    0,  -65, 
AL, 18, 2010101012, 03, GPCC,  12, 135N,  822W,  68,   36,   ,   0,    ,    0,    0,    0,    0, 
AL, 18, 2010101012, 03, GPCC,  24, 143N,  829W,  68,   72,   ,   0,    ,    0,    0,    0,    0, 
AL, 18, 2010101012, 03, GPCC,  36, 156N,  841W,  68,  100,   ,   0,    ,    0,    0,    0,    0, 
AL, 18, 2010101012, 03, GPCC,  48, 166N,  852W,  68,  129,   ,   0,    ,    0,    0,    0,    0, 
AL, 18, 2010101012, 03, GPCC,  72, 176N,  866W,  68,  192,   ,   0,    ,    0,    0,    0,    0, 
AL, 18, 2010101012, 03, GPCC,  96, 161N,  859W,  68,  266,   ,   0,    ,    0,    0,    0,    0, 
AL, 18, 2010101012, 03, GPCC, 120, 166N,  863W,  68,  356,   ,   0,    ,    0,    0,    0,    0, 
AL, 18, 2010101012, 03, TVCN,  12, 135N,  822W,  68,   43,   ,   0,    ,    0,    0,    0,    0, 
AL, 18, 2010101012, 03, TVCN,  24, 143N,  829W,  68,   68,   ,   0,    ,    0,    0,    0,    0, 
AL, 18, 2010101012, 03, TVCN,  36, 156N,  841W,  68,   91,   ,   0,    ,    0,    0,    0,    0, 
AL, 18, 2010101012, 03, TVCN,  48, 166N,  852W,  68,  106,   ,   0,    ,    0,    0,    0,    0, 
AL, 18, 2010101012, 03, TVCN,  72, 176N,  866W,  68,  156,   ,   0,    ,    0,    0,    0,    0, 
AL, 18, 2010101012, 03, TVCN,  96, 161N,  859W,  68,  223,   ,   0,    ,    0,    0,    0,    0, 
AL, 18, 2010101012, 03, TVCN, 120, 166N,  863W,  68,  200,   ,   0,    ,    0,    0,    0,    0, 
AL, 18, 2010101012, 03, TVCX,   0, 130N,  812W,  70,    0,   ,  74, AAA,    0,    0,    0,    0, 
AL, 18, 2010101012, 03, TVCX,  12, 135N,  822W,  70,   43,   ,  55, AAA,   40,   47,    2,    0, 
AL, 18, 2010101012, 03, TVCX,  24, 143N,  829W,  70,   65,   ,  41, AAA,   68,   63,    5,   -1, 
AL, 18, 2010101012, 03, TVCX,  36, 158N,  839W,  70,   92,   ,  44, AAA,   71,  120,    8,   -5, 
AL, 18, 2010101012, 03, TVCX,  48, 169N,  850W,  70,  120,   ,  47, AAA,   82,  176,   13,  -10, 
AL, 18, 2010101012, 03, TVCX,  72, 177N,  873W,  70,  148,   , 173, AAA,  145,  153,   20,  -19, 
AL, 18, 2010101012, 03, TVCX,  96, 161N,  849W,  70,  218,   , 357, AAA,  208,  229,   18,  -32, 
AL, 18, 2010101012, 03, TVCX, 120, 156N,  868W,  70,  279,   , 243, AAA,  200,  391,    0,  -65, 
AL, 18, 2010101018, 03, GPCC,  12, 136N,  818W,  68,   36,   ,   0,    ,    0,    0,    0,    0, 
AL, 18, 2010101018, 03, GPCC,  24, 141N,  826W,  68,   72,   ,   0,    ,    0,    0,    0,    0, 
AL, 18, 2010101018, 03, GPCC,  36, 146N,  834W,  68,  100,   ,   0,    ,    0,    0,    0,    0, 
AL, 18, 2010101018, 03, GPCC,  48, 149N,  843W,  68,  129,   ,   0,    ,    0,    0,    0,    0, 
AL, 18, 2010101018, 03, GPCC,  72, 149N,  856W,  68,  192,   ,   0,    ,    0,    0,    0,    0, 
AL, 18, 2010101018, 03, GPCC,  96, 141N,  851W,  68,  266,   ,   0,    ,    0,    0,    0,    0, 
AL, 18, 2010101018, 03, GPCC, 120, 131N,  858W,  68,  356,   ,   0,    ,    0,    0,    0,    0, 
AL, 18, 2010101018, 03, TVCN,  12, 136N,  818W,  68,   43,   ,   0,    ,    0,    0,    0,    0, 
AL, 18, 2010101018, 03, TVCN,  24, 141N,  826W,  68,   90,   ,   0,    ,    0,    0,    0,    0, 
AL, 18, 2010101018, 03, TVCN,  36, 146N,  834W,  68,  137,   ,   0,    ,    0,    0,    0,    0, 
AL, 18, 2010101018, 03, TVCN,  48, 149N,  843W,  68,  176,   ,   0,    ,    0,    0,    0,    0, 
AL, 18, 2010101018, 03, TVCN,  72, 149N,  856W,  68,  236,   ,   0,    ,    0,    0,    0,    0, 
AL, 18, 2010101018, 03, TVCN,  96, 141N,  851W,  68,  289,   ,   0,    ,    0,    0,    0,    0, 
AL, 18, 2010101018, 03, TVCN, 120, 131N,  858W,  68,  344,   ,   0,    ,    0,    0,    0,    0, 
AL, 18, 2010101018, 03, TVCX,   0, 134N,  808W,  70,    0,   ,  81, AAA,    0,    0,    0,    0, 
AL, 18, 2010101018, 03, TVCX,  12, 137N,  818W,  70,   39,   ,  70, AAA,   44,   36,    2,    0, 
AL, 18, 2010101018, 03, TVCX,  24, 141N,  825W,  70,   80,   ,  59, AAA,   82,   79,    5,   -1, 
AL, 18, 2010101018, 03, TVCX,  36, 148N,  833W,  70,  116,   ,  64, AAA,  106,  129,    8,   -5, 
AL, 18, 2010101018, 03, TVCX,  48, 153N,  842W,  70,  135,   ,  81, AAA,  155,  118,   13,  -10, 
AL, 18, 2010101018, 03, TVCX,  72, 154N,  862W,  70,  202,   , 139, AAA,  179,  229,   20,  -19, 
AL, 18, 2010101018, 03, TVCX,  96, 138N,  859W,  70,  277,   , 204, AAA,  211,  364,   18,  -32, 
AL, 18, 2010101018, 03, TVCX, 120, 139N,  865W,  70,  327,   , 129, AAA,  339,  316,    0,  -65, 
AL, 18, 2010101100, 03, GPCC,  12, 140N,  820W,  68,   36,   ,   0,    ,    0,    0,    0,    0, 
AL, 18, 2010101100, 03, GPCC,  24, 141N,  829W,  68,   72,   ,   0,    ,    0,    0,    0,    0, 
AL, 18, 2010101100, 03, GPCC,  36, 142N,  837W,  68,  100,   ,   0,    ,    0,    0,    0,    0, 
AL, 18, 2010101100, 03, GPCC,  48, 139N,  850W,  68,  129,   ,   0,    ,    0,    0,    0,    0, 
AL, 18, 2010101100, 03, GPCC,  72,   0N,    0W,  68,  192,   ,   0,    ,    0,    0,    0,    0, 
AL, 18, 2010101100, 03, GPCC,  96,   0N,    0W,  68,  266,   ,   0,    ,    0,    0,    0,    0, 
AL, 18, 2010101100, 03, GPCC, 120,   0N,    0W,  68,  356,   ,   0,    ,    0,    0,    0,    0, 
AL, 18, 2010101100, 03, TVCN,  12, 140N,  820W,  68,   48,   ,   0,    ,    0,    0,    0,    0, 
AL, 18, 2010101100, 03, TVCN,  24, 141N,  829W,  68,   94,   ,   0,    ,    0,    0,    0,    0, 
AL, 18, 2010101100, 03, TVCN,  36, 142N,  837W,  68,  136,   ,   0,    ,    0,    0,    0,    0, 
AL, 18, 2010101100, 03, TVCN,  48, 139N,  850W,  68,  204,   ,   0,    ,    0,    0,    0,    0, 
AL, 18, 2010101100, 03, TVCX,   0, 137N,  811W,  70,    0,   ,  66, AAA,    0,    0,    0,    0, 
AL, 18, 2010101100, 03, TVCX,  12, 141N,  820W,  70,   43,   ,  82, AAA,   46,   40,    2,    0, 
AL, 18, 2010101100, 03, TVCX,  24, 142N,  829W,  70,   79,   ,  85, AAA,   90,   71,    5,   -1, 
AL, 18, 2010101100, 03, TVCX,  36, 144N,  837W,  70,   94,   ,  99, AAA,  117,   76,    8,   -5, 
AL, 18, 2010101100, 03, TVCX,  48, 143N,  851W,  70,  113,   , 102, AAA,  187,   69,   13,  -10, 
AL, 18, 2010101106, 03, GPCC,  12, 153N,  832W,  68,   36,   ,   0,    ,    0,    0,    0,    0, 
AL, 18, 2010101106, 03, GPCC,  24, 165N,  846W,  68,   72,   ,   0,    ,    0,    0,    0,    0, 
AL, 18, 2010101106, 03, GPCC,  36, 176N,  856W,  68,  100,   ,   0,    ,    0,    0,    0,    0, 
AL, 18, 2010101106, 03, GPCC,  48, 185N,  861W,  68,  129,   ,   0,    ,    0,    0,    0,    0, 
AL, 18, 2010101106, 03, GPCC,  72, 194N,  855W,  68,  192,   ,   0,    ,    0,    0,    0,    0, 
AL, 18, 2010101106, 03, GPCC,  96, 205N,  823W,  68,  266,   ,   0,    ,    0,    0,    0,    0, 
AL, 18, 2010101106, 03, GPCC, 120, 231N,  771W,  68,  356,   ,   0,    ,    0,    0,    0,    0, 
AL, 18, 2010101106, 03, TVCN,  12, 153N,  832W,  68,   42,   ,   0,    ,    0,    0,    0,    0, 
AL, 18, 2010101106, 03, TVCN,  24, 165N,  846W,  68,   68,   ,   0,    ,    0,    0,    0,    0, 
AL, 18, 2010101106, 03, TVCN,  36, 176N,  856W,  68,   90,   ,   0,    ,    0,    0,    0,    0, 
AL, 18, 2010101106, 03, TVCN,  48, 185N,  861W,  68,  104,   ,   0,    ,    0,    0,    0,    0, 
AL, 18, 2010101106, 03, TVCN,  72, 194N,  855W,  68,  168,   ,   0,    ,    0,    0,    0,    0, 
AL, 18, 2010101106, 03, TVCN,  96, 205N,  823W,  68,  309,   ,   0,    ,    0,    0,    0,    0, 
AL, 18, 2010101106, 03, TVCN, 120, 231N,  771W,  68,  701,   ,   0,    ,    0,    0,    0,    0, 
AL, 18, 2010101106, 03, TVCX,   0, 142N,  820W,  70,    0,   ,  46, AAA,    0,    0,    0,    0, 
AL, 18, 2010101106, 03, TVCX,  12, 153N,  832W,  70,   42,   ,  49, AAA,   38,   48,    2,    0, 
AL, 18, 2010101106, 03, TVCX,  24, 165N,  845W,  70,   70,   ,  46, AAA,   60,   84,    5,   -1, 
AL, 18, 2010101106, 03, TVCX,  36, 177N,  854W,  70,   90,   ,  35, AAA,   69,  119,    8,   -5, 
AL, 18, 2010101106, 03, TVCX,  48, 186N,  857W,  70,  112,   ,   5, AAA,   88,  143,   13,  -10, 
AL, 18, 2010101106, 03, TVCX,  72, 188N,  852W,  70,  159,   , 297, AAA,  145,  176,   20,  -19, 
AL, 18, 2010101106, 03, TVCX,  96, 197N,  820W,  70,  292,   , 289, AAA,  221,  387,   18,  -32, 
AL, 18, 2010101106, 03, TVCX, 120, 222N,  765W,  70,  511,   , 302, AAA,  245, 1069,    0,  -65, 
AL, 18, 2010101112, 03, GPCC,  12, 160N,  841W,  68,   36,   ,   0,    ,    0,    0,    0,    0, 
AL, 18, 2010101112, 03, GPCC,  24, 168N,  853W,  68,   72,   ,   0,    ,    0,    0,    0,    0, 
AL, 18, 2010101112, 03, GPCC,  36, 175N,  861W,  68,  100,   ,   0,    ,    0,    0,    0,    0, 
AL, 18, 2010101112, 03, GPCC,  48, 197N,  867W,  68,  129,   ,   0,    ,    0,    0,    0,    0, 
AL, 18, 2010101112, 03, GPCC,  72, 204N,  857W,  68,  192,   ,   0,    ,    0,    0,    0,    0, 
AL, 18, 2010101112, 03, GPCC,  96, 213N,  823W,  68,  266,   ,   0,    ,    0,    0,    0,    0, 
AL, 18, 2010101112, 03, GPCC, 120, 240N,  779W,  68,  356,   ,   0,    ,    0,    0,    0,    0, 
AL, 18, 2010101112, 03, TVCN,  12, 160N,  841W,  68,   63,   ,   0,    ,    0,    0,    0,    0, 
AL, 18, 2010101112, 03, TVCN,  24, 168N,  853W,  68,  109,   ,   0,    ,    0,    0,    0,    0, 
AL, 18, 2010101112, 03, TVCN,  36, 175N,  861W,  68,  147,   ,   0,    ,    0,    0,    0,    0, 
AL, 18, 2010101112, 03, TVCN,  48, 197N,  867W,  68,  110,   ,   0,    ,    0,    0,    0,    0, 
AL, 18, 2010101112, 03, TVCN,  72, 204N,  857W,  68,  168,   ,   0,    ,    0,    0,    0,    0, 
AL, 18, 2010101112, 03, TVCN,  96, 213N,  823W,  68,  332,   ,   0,    ,    0,    0,    0,    0, 
AL, 18, 2010101112, 03, TVCN, 120, 240N,  779W,  68,  724,   ,   0,    ,    0,    0,    0,    0, 
AL, 18, 2010101112, 03, TVCX,   0, 152N,  830W,  70,    0,   ,  54, AAA,    0,    0,    0,    0, 
AL, 18, 2010101112, 03, TVCX,  12, 160N,  841W,  70,   55,   ,  55, AAA,   46,   65,    2,    0, 
AL, 18, 2010101112, 03, TVCX,  24, 169N,  852W,  70,   95,   ,  55, AAA,   84,  108,    5,   -1, 
AL, 18, 2010101112, 03, TVCX,  36, 175N,  859W,  70,  129,   ,  31, AAA,   87,  194,    8,   -5, 
AL, 18, 2010101112, 03, TVCX,  48, 199N,  864W,  70,  114,   ,  36, AAA,   89,  149,   13,  -10, 
AL, 18, 2010101112, 03, TVCX,  72, 197N,  855W,  70,  161,   , 287, AAA,  146,  179,   20,  -19, 
AL, 18, 2010101112, 03, TVCX,  96, 205N,  820W,  70,  308,   , 290, AAA,  209,  457,   18,  -32, 
AL, 18, 2010101112, 03, TVCX, 120, 232N,  771W,  70,  523,   , 310, AAA,  233, 1175,    0,  -65, 
AL, 18, 2010101118, 03, GPCC,  12,   0N,    0W,  68,   36,   ,   0,    ,    0,    0,    0,    0, 
AL, 18, 2010101118, 03, GPCC,  24,   0N,    0W,  68,   72,   ,   0,    ,    0,    0,    0,    0, 
AL, 18, 2010101118, 03, GPCC,  36,   0N,    0W,  68,  100,   ,   0,    ,    0,    0,    0,    0, 
AL, 18, 2010101118, 03, GPCC,  48,   0N,    0W,  68,  129,   ,   0,    ,    0,    0,    0,    0, 
AL, 18, 2010101118, 03, GPCC,  72,   0N,    0W,  68,  192,   ,   0,    ,    0,    0,    0,    0, 
AL, 18, 2010101118, 03, GPCC,  96,   0N,    0W,  68,  266,   ,   0,    ,    0,    0,    0,    0, 
AL, 18, 2010101118, 03, GPCC, 120,   0N,    0W,  68,  356,   ,   0,    ,    0,    0,    0,    0, 
AL, 18, 2010101118, 03, TVCX,   0, 157N,  837W,  70,    0,   , 191, AAA,    0,    0,    0,    0, 
AL, 18, 2010101200, 03, GPCC,  12, 181N,  855W,  68,   36,   ,   0,    ,    0,    0,    0,    0, 
AL, 18, 2010101200, 03, GPCC,  24, 197N,  863W,  68,   72,   ,   0,    ,    0,    0,    0,    0, 
AL, 18, 2010101200, 03, GPCC,  36, 209N,  868W,  68,  100,   ,   0,    ,    0,    0,    0,    0, 
AL, 18, 2010101200, 03, GPCC,  48, 215N,  866W,  68,  129,   ,   0,    ,    0,    0,    0,    0, 
AL, 18, 2010101200, 03, GPCC,  72, 214N,  844W,  68,  192,   ,   0,    ,    0,    0,    0,    0, 
AL, 18, 2010101200, 03, GPCC,  96, 209N,  817W,  68,  266,   ,   0,    ,    0,    0,    0,    0, 
AL, 18, 2010101200, 03, GPCC, 120, 221N,  782W,  68,  356,   ,   0,    ,    0,    0,    0,    0, 
AL, 18, 2010101200, 03, TVCN,  12, 181N,  855W,  68,   35,   ,   0,    ,    0,    0,    0,    0, 
AL, 18, 2010101200, 03, TVCN,  24, 197N,  863W,  68,   63,   ,   0,    ,    0,    0,    0,    0, 
AL, 18, 2010101200, 03, TVCN,  36, 209N,  868W,  68,   89,   ,   0,    ,    0,    0,    0,    0, 
AL, 18, 2010101200, 03, TVCN,  48, 215N,  866W,  68,  116,   ,   0,    ,    0,    0,    0,    0, 
AL, 18, 2010101200, 03, TVCN,  72, 214N,  844W,  68,  189,   ,   0,    ,    0,    0,    0,    0, 
AL, 18, 2010101200, 03, TVCN,  96, 209N,  817W,  68,  314,   ,   0,    ,    0,    0,    0,    0, 
AL, 18, 2010101200, 03, TVCN, 120, 221N,  782W,  68,  643,   ,   0,    ,    0,    0,    0,    0, 
AL, 18, 2010101200, 03, TVCX,   0, 165N,  844W,  70,    0,   ,  38, AAA,    0,    0,    0,    0, 
AL, 18, 2010101200, 03, TVCX,  12, 181N,  855W,  70,   37,   ,  31, AAA,   36,   40,    2,    0, 
AL, 18, 2010101200, 03, TVCX,  24, 197N,  862W,  70,   64,   ,  23, AAA,   61,   68,    5,   -1, 
AL, 18, 2010101200, 03, TVCX,  36, 209N,  865W,  70,   84,   ,  24, AAA,   77,   94,    8,   -5, 
AL, 18, 2010101200, 03, TVCX,  48, 212N,  864W,  70,  116,   , 311, AAA,   92,  147,   13,  -10, 
AL, 18, 2010101200, 03, TVCX,  72, 214N,  851W,  70,  181,   , 187, AAA,  152,  216,   20,  -19, 
AL, 18, 2010101200, 03, TVCX,  96, 209N,  826W,  70,  269,   , 185, AAA,  271,  268,   18,  -32, 
AL, 18, 2010101200, 03, TVCX, 120, 211N,  777W,  70,  483,   , 298, AAA,  286,  817,    0,  -65, 
AL, 18, 2010101206, 03, GPCC,  12, 187N,  861W,  68,   36,   ,   0,    ,    0,    0,    0,    0, 
AL, 18, 2010101206, 03, GPCC,  24, 201N,  866W,  68,   72,   ,   0,    ,    0,    0,    0,    0, 
AL, 18, 2010101206, 03, GPCC,  36, 209N,  867W,  68,  100,   ,   0,    ,    0,    0,    0,    0, 
AL, 18, 2010101206, 03, GPCC,  48, 213N,  862W,  68,  129,   ,   0,    ,    0,    0,    0,    0, 
AL, 18, 2010101206, 03, GPCC,  72, 218N,  838W,  68,  192,   ,   0,    ,    0,    0,    0,    0, 
AL, 18, 2010101206, 03, GPCC,  96, 217N,  817W,  68,  266,   ,   0,    ,    0,    0,    0,    0, 
AL, 18, 2010101206, 03, GPCC, 120, 218N,  794W,  68,  356,   ,   0,    ,    0,    0,    0,    0, 
AL, 18, 2010101206, 03, TCON,  12, 188N,  861W,  68,   35,   ,   0,    ,    0,    0,    0,    0, 
AL, 18, 2010101206, 03, TCON,  24, 201N,  865W,  68,   54,   ,   0,    ,    0,    0,    0,    0, 
AL, 18, 2010101206, 03, TCON,  36, 210N,  866W,  68,   77,   ,   0,    ,    0,    0,    0,    0, 
AL, 18, 2010101206, 03, TCON,  48, 213N,  863W,  68,   99,   ,   0,    ,    0,    0,    0,    0, 
AL, 18, 2010101206, 03, TCOX,   0, 172N,  850W,  70,    0,   ,  39, AAA,    0,    0,    0,    0, 
AL, 18, 2010101206, 03, TCOX,  12, 188N,  860W,  70,   37,   ,  24, AAA,   34,   41,    2,    0, 
AL, 18, 2010101206, 03, TCOX,  24, 201N,  865W,  70,   61,   ,  10, AAA,   56,   68,    5,   -1, 
AL, 18, 2010101206, 03, TCOX,  36, 209N,  864W,  70,   76,   , 334, AAA,   70,   84,    8,   -5, 
AL, 18, 2010101206, 03, TCOX,  48, 209N,  862W,  70,   97,   , 284, AAA,   91,  105,   13,  -10, 
AL, 18, 2010101206, 03, TVCN,  12, 187N,  861W,  68,   33,   ,   0,    ,    0,    0,    0,    0, 
AL, 18, 2010101206, 03, TVCN,  24, 201N,  866W,  68,   55,   ,   0,    ,    0,    0,    0,    0, 
AL, 18, 2010101206, 03, TVCN,  36, 209N,  867W,  68,   78,   ,   0,    ,    0,    0,    0,    0, 
AL, 18, 2010101206, 03, TVCN,  48, 213N,  862W,  68,  103,   ,   0,    ,    0,    0,    0,    0, 
AL, 18, 2010101206, 03, TVCN,  72, 218N,  838W,  68,  177,   ,   0,    ,    0,    0,    0,    0, 
AL, 18, 2010101206, 03, TVCN,  96, 217N,  817W,  68,  289,   ,   0,    ,    0,    0,    0,    0, 
AL, 18, 2010101206, 03, TVCN, 120, 218N,  794W,  68,  502,   ,   0,    ,    0,    0,    0,    0, 
AL, 18, 2010101206, 03, TVCX,   0, 172N,  850W,  70,    0,   ,  39, AAA,    0,    0,    0,    0, 
AL, 18, 2010101206, 03, TVCX,  12, 188N,  861W,  70,   36,   ,  27, AAA,   34,   40,    2,    0, 
AL, 18, 2010101206, 03, TVCX,  24, 201N,  865W,  70,   60,   ,   8, AAA,   57,   64,    5,   -1, 
AL, 18, 2010101206, 03, TVCX,  36, 209N,  864W,  70,   80,   , 345, AAA,   69,   94,    8,   -5, 
AL, 18, 2010101206, 03, TVCX,  48, 209N,  862W,  70,   97,   , 281, AAA,   95,   99,   13,  -10, 
AL, 18, 2010101206, 03, TVCX,  72, 212N,  838W,  70,  170,   , 273, AAA,  151,  192,   20,  -19, 
AL, 18, 2010101206, 03, TVCX,  96, 217N,  826W,  70,  254,   , 181, AAA,  251,  257,   18,  -32, 
AL, 18, 2010101206, 03, TVCX, 120, 207N,  793W,  70,  424,   , 277, AAA,  323,  558,    0,  -65, 
AL, 18, 2010101212, 03, GPCC,  12, 197N,  862W,  68,   36,   ,   0,    ,    0,    0,    0,    0, 
AL, 18, 2010101212, 03, GPCC,  24, 207N,  866W,  68,   72,   ,   0,    ,    0,    0,    0,    0, 
AL, 18, 2010101212, 03, GPCC,  36, 213N,  865W,  68,  100,   ,   0,    ,    0,    0,    0,    0, 
AL, 18, 2010101212, 03, GPCC,  48, 215N,  859W,  68,  129,   ,   0,    ,    0,    0,    0,    0, 
AL, 18, 2010101212, 03, GPCC,  72, 217N,  840W,  68,  192,   ,   0,    ,    0,    0,    0,    0, 
AL, 18, 2010101212, 03, GPCC,  96, 214N,  828W,  68,  266,   ,   0,    ,    0,    0,    0,    0, 
AL, 18, 2010101212, 03, GPCC, 120, 210N,  824W,  68,  356,   ,   0,    ,    0,    0,    0,    0, 
AL, 18, 2010101212, 03, TCON,  12, 197N,  862W,  68,   33,   ,   0,    ,    0,    0,    0,    0, 
AL, 18, 2010101212, 03, TCON,  24, 207N,  865W,  68,   55,   ,   0,    ,    0,    0,    0,    0, 
AL, 18, 2010101212, 03, TCON,  36, 213N,  864W,  68,   77,   ,   0,    ,    0,    0,    0,    0, 
AL, 18, 2010101212, 03, TCON,  48, 215N,  859W,  68,  104,   ,   0,    ,    0,    0,    0,    0, 
AL, 18, 2010101212, 03, TCOX,   0, 182N,  855W,  70,    0,   ,  26, AAA,    0,    0,    0,    0, 
AL, 18, 2010101212, 03, TCOX,  12, 197N,  861W,  70,   36,   ,  19, AAA,   34,   40,    2,    0, 
AL, 18, 2010101212, 03, TCOX,  24, 208N,  864W,  70,   62,   ,   8, AAA,   56,   70,    5,   -1, 
AL, 18, 2010101212, 03, TCOX,  36, 213N,  862W,  70,   78,   , 335, AAA,   72,   86,    8,   -5, 
AL, 18, 2010101212, 03, TCOX,  48, 212N,  857W,  70,   95,   , 301, AAA,   96,   95,   13,  -10, 
AL, 18, 2010101212, 03, TVCN,  12, 197N,  862W,  68,   32,   ,   0,    ,    0,    0,    0,    0, 
AL, 18, 2010101212, 03, TVCN,  24, 207N,  866W,  68,   56,   ,   0,    ,    0,    0,    0,    0, 
AL, 18, 2010101212, 03, TVCN,  36, 213N,  865W,  68,   79,   ,   0,    ,    0,    0,    0,    0, 
AL, 18, 2010101212, 03, TVCN,  48, 215N,  859W,  68,  106,   ,   0,    ,    0,    0,    0,    0, 
AL, 18, 2010101212, 03, TVCN,  72, 217N,  840W,  68,  168,   ,   0,    ,    0,    0,    0,    0, 
AL, 18, 2010101212, 03, TVCN,  96, 214N,  828W,  68,  256,   ,   0,    ,    0,    0,    0,    0, 
AL, 18, 2010101212, 03, TVCN, 120, 210N,  824W,  68,  358,   ,   0,    ,    0,    0,    0,    0, 
AL, 18, 2010101212, 03, TVCX,   0, 182N,  855W,  70,    0,   ,  29, AAA,    0,    0,    0,    0, 
AL, 18, 2010101212, 03, TVCX,  12, 197N,  862W,  70,   36,   ,  21, AAA,   34,   39,    2,    0, 
AL, 18, 2010101212, 03, TVCX,  24, 208N,  865W,  70,   63,   ,  13, AAA,   56,   73,    5,   -1, 
AL, 18, 2010101212, 03, TVCX,  36, 213N,  863W,  70,   78,   , 325, AAA,   73,   84,    8,   -5, 
AL, 18, 2010101212, 03, TVCX,  48, 213N,  857W,  70,  102,   , 314, AAA,   93,  113,   13,  -10, 
AL, 18, 2010101212, 03, TVCX,  72, 211N,  836W,  70,  173,   , 301, AAA,  134,  225,   20,  -19, 
AL, 18, 2010101212, 03, TVCX,  96, 209N,  836W,  70,  218,   , 209, AAA,  231,  206,   18,  -32, 
AL, 18, 2010101212, 03, TVCX, 120, 200N,  828W,  70,  345,   , 252, AAA,  315,  379,    0,  -65, 
AL, 18, 2010101218, 03, GPCC,  12, 203N,  860W,  68,   36,   ,   0,    ,    0,    0,    0,    0, 
AL, 18, 2010101218, 03, GPCC,  24, 215N,  857W,  68,   72,   ,   0,    ,    0,    0,    0,    0, 
AL, 18, 2010101218, 03, GPCC,  36, 221N,  850W,  68,  100,   ,   0,    ,    0,    0,    0,    0, 
AL, 18, 2010101218, 03, GPCC,  48, 224N,  837W,  68,  129,   ,   0,    ,    0,    0,    0,    0, 
AL, 18, 2010101218, 03, GPCC,  72, 224N,  803W,  68,  192,   ,   0,    ,    0,    0,    0,    0, 
AL, 18, 2010101218, 03, GPCC,  96, 233N,  761W,  68,  266,   ,   0,    ,    0,    0,    0,    0, 
AL, 18, 2010101218, 03, GPCC, 120, 205N,  809W,  68,  356,   ,   0,    ,    0,    0,    0,    0, 
AL, 18, 2010101218, 03, TCON,  12, 203N,  860W,  68,   30,   ,   0,    ,    0,    0,    0,    0, 
AL, 18, 2010101218, 03, TCON,  24, 214N,  858W,  68,   52,   ,   0,    ,    0,    0,    0,    0, 
AL, 18, 2010101218, 03, TCON,  36, 220N,  851W,  68,   79,   ,   0,    ,    0,    0,    0,    0, 
AL, 18, 2010101218, 03, TCON,  48, 222N,  839W,  68,  122,   ,   0,    ,    0,    0,    0,    0, 
AL, 18, 2010101218, 03, TCON,  72, 223N,  806W,  68,  214,   ,   0,    ,    0,    0,    0,    0, 
AL, 18, 2010101218, 03, TCOX,   0, 188N,  859W,  70,    0,   ,  12, AAA,    0,    0,    0,    0, 
AL, 18, 2010101218, 03, TCOX,  12, 203N,  860W,  70,   35,   , 339, AAA,   31,   41,    2,    0, 
AL, 18, 2010101218, 03, TCOX,  24, 214N,  857W,  70,   61,   , 334, AAA,   54,   70,    5,   -1, 
AL, 18, 2010101218, 03, TCOX,  36, 217N,  851W,  70,   75,   , 291, AAA,   78,   74,    8,   -5, 
AL, 18, 2010101218, 03, TCOX,  48, 218N,  839W,  70,  101,   , 275, AAA,  103,  100,   13,  -10, 
AL, 18, 2010101218, 03, TCOX,  72, 229N,  806W,  70,  175,   ,  91, AAA,  151,  204,   20,  -19, 
AL, 18, 2010101218, 03, TVCN,  12, 203N,  860W,  68,   29,   ,   0,    ,    0,    0,    0,    0, 
AL, 18, 2010101218, 03, TVCN,  24, 215N,  857W,  68,   54,   ,   0,    ,    0,    0,    0,    0, 
AL, 18, 2010101218, 03, TVCN,  36, 221N,  850W,  68,   82,   ,   0,    ,    0,    0,    0,    0, 
AL, 18, 2010101218, 03, TVCN,  48, 224N,  837W,  68,  117,   ,   0,    ,    0,    0,    0,    0, 
AL, 18, 2010101218, 03, TVCN,  72, 224N,  803W,  68,  198,   ,   0,    ,    0,    0,    0,    0, 
AL, 18, 2010101218, 03, TVCN,  96, 233N,  761W,  68,  377,   ,   0,    ,    0,    0,    0,    0, 
AL, 18, 2010101218, 03, TVCN, 120, 205N,  809W,  68,  347,   ,   0,    ,    0,    0,    0,    0, 
AL, 18, 2010101218, 03, TVCX,   0, 188N,  859W,  70,    0,   ,  12, AAA,    0,    0,    0,    0, 
AL, 18, 2010101218, 03, TVCX,  12, 203N,  860W,  70,   35,   , 341, AAA,   31,   41,    2,    0, 
AL, 18, 2010101218, 03, TVCX,  24, 215N,  857W,  70,   62,   , 333, AAA,   53,   73,    5,   -1, 
AL, 18, 2010101218, 03, TVCX,  36, 219N,  850W,  70,   78,   , 292, AAA,   78,   78,    8,   -5, 
AL, 18, 2010101218, 03, TVCX,  48, 220N,  837W,  70,  103,   , 274, AAA,  103,  103,   13,  -10, 
AL, 18, 2010101218, 03, TVCX,  72, 218N,  803W,  70,  185,   , 272, AAA,  147,  233,   20,  -19, 
AL, 18, 2010101218, 03, TVCX,  96, 241N,  763W,  70,  319,   ,  99, AAA,  211,  484,   18,  -32, 
AL, 18, 2010101218, 03, TVCX, 120, 210N,  819W,  70,  344,   , 153, AAA,  290,  409,    0,  -65, 
AL, 18, 2010101300, 03, GPCC,  12, 210N,  862W,  68,   36,   ,   0,    ,    0,    0,    0,    0, 
AL, 18, 2010101300, 03, GPCC,  24, 219N,  859W,  68,   72,   ,   0,    ,    0,    0,    0,    0, 
AL, 18, 2010101300, 03, GPCC,  36, 224N,  850W,  68,  100,   ,   0,    ,    0,    0,    0,    0, 
AL, 18, 2010101300, 03, GPCC,  48, 226N,  835W,  68,  129,   ,   0,    ,    0,    0,    0,    0, 
AL, 18, 2010101300, 03, GPCC,  72, 225N,  809W,  68,  192,   ,   0,    ,    0,    0,    0,    0, 
AL, 18, 2010101300, 03, GPCC,  96, 221N,  785W,  68,  266,   ,   0,    ,    0,    0,    0,    0, 
AL, 18, 2010101300, 03, GPCC, 120, 195N,  849W,  68,  356,   ,   0,    ,    0,    0,    0,    0, 
AL, 18, 2010101300, 03, TCON,  12, 209N,  862W,  68,   32,   ,   0,    ,    0,    0,    0,    0, 
AL, 18, 2010101300, 03, TCON,  24, 218N,  859W,  68,   51,   ,   0,    ,    0,    0,    0,    0, 
AL, 18, 2010101300, 03, TCON,  36, 223N,  850W,  68,   68,   ,   0,    ,    0,    0,    0,    0, 
AL, 18, 2010101300, 03, TCON,  48, 225N,  836W,  68,  109,   ,   0,    ,    0,    0,    0,    0, 
AL, 18, 2010101300, 03, TCON,  72, 223N,  814W,  68,  206,   ,   0,    ,    0,    0,    0,    0, 
AL, 18, 2010101300, 03, TCOX,   0, 196N,  860W,  70,    0,   ,  17, AAA,    0,    0,    0,    0, 
AL, 18, 2010101300, 03, TCOX,  12, 209N,  862W,  70,   31,   , 315, AAA,   35,   28,    2,    0, 
AL, 18, 2010101300, 03, TCOX,  24, 218N,  858W,  70,   51,   , 329, AAA,   60,   44,    5,   -1, 
AL, 18, 2010101300, 03, TCOX,  36, 221N,  850W,  70,   70,   , 286, AAA,   71,   70,    8,   -5, 
AL, 18, 2010101300, 03, TCOX,  48, 221N,  836W,  70,   94,   , 276, AAA,   93,   97,   13,  -10, 
AL, 18, 2010101300, 03, TCOX,  72, 221N,  820W,  70,  154,   , 196, AAA,  157,  153,   20,  -19, 
AL, 18, 2010101300, 03, TVCN,  12, 210N,  862W,  68,   32,   ,   0,    ,    0,    0,    0,    0, 
AL, 18, 2010101300, 03, TVCN,  24, 219N,  859W,  68,   55,   ,   0,    ,    0,    0,    0,    0, 
AL, 18, 2010101300, 03, TVCN,  36, 224N,  850W,  68,   73,   ,   0,    ,    0,    0,    0,    0, 
AL, 18, 2010101300, 03, TVCN,  48, 226N,  835W,  68,  103,   ,   0,    ,    0,    0,    0,    0, 
AL, 18, 2010101300, 03, TVCN,  72, 225N,  809W,  68,  187,   ,   0,    ,    0,    0,    0,    0, 
AL, 18, 2010101300, 03, TVCN,  96, 221N,  785W,  68,  391,   ,   0,    ,    0,    0,    0,    0, 
AL, 18, 2010101300, 03, TVCN, 120, 195N,  849W,  68,  250,   ,   0,    ,    0,    0,    0,    0, 
AL, 18, 2010101300, 03, TVCX,   0, 196N,  860W,  70,    0,   ,  14, AAA,    0,    0,    0,    0, 
AL, 18, 2010101300, 03, TVCX,  12, 210N,  861W,  70,   33,   , 331, AAA,   35,   32,    2,    0, 
AL, 18, 2010101300, 03, TVCX,  24, 218N,  858W,  70,   53,   , 329, AAA,   62,   46,    5,   -1, 
AL, 18, 2010101300, 03, TVCX,  36, 222N,  850W,  70,   69,   , 285, AAA,   75,   64,    8,   -5, 
AL, 18, 2010101300, 03, TVCX,  48, 222N,  835W,  70,   93,   , 275, AAA,   94,   93,   13,  -10, 
AL, 18, 2010101300, 03, TVCX,  72, 224N,  815W,  70,  157,   , 188, AAA,  158,  157,   20,  -19, 
AL, 18, 2010101300, 03, TVCX,  96, 213N,  782W,  70,  338,   , 287, AAA,  175,  656,   18,  -32, 
AL, 18, 2010101300, 03, TVCX, 120, 205N,  852W,  70,  287,   , 111, AAA,  270,  306,    0,  -65, 
AL, 18, 2010101306, 03, GPCC,  12, 215N,  859W,  68,   36,   ,   0,    ,    0,    0,    0,    0, 
AL, 18, 2010101306, 03, GPCC,  24, 224N,  852W,  68,   72,   ,   0,    ,    0,    0,    0,    0, 
AL, 18, 2010101306, 03, GPCC,  36, 231N,  837W,  68,  100,   ,   0,    ,    0,    0,    0,    0, 
AL, 18, 2010101306, 03, GPCC,  48, 234N,  817W,  68,  129,   ,   0,    ,    0,    0,    0,    0, 
AL, 18, 2010101306, 03, GPCC,  72, 231N,  783W,  68,  192,   ,   0,    ,    0,    0,    0,    0, 
AL, 18, 2010101306, 03, GPCC,  96, 220N,  789W,  68,  266,   ,   0,    ,    0,    0,    0,    0, 
AL, 18, 2010101306, 03, GPCC, 120, 218N,  747W,  68,  356,   ,   0,    ,    0,    0,    0,    0, 
AL, 18, 2010101306, 03, TCON,  12, 215N,  858W,  68,   32,   ,   0,    ,    0,    0,    0,    0, 
AL, 18, 2010101306, 03, TCON,  24, 224N,  851W,  68,   55,   ,   0,    ,    0,    0,    0,    0, 
AL, 18, 2010101306, 03, TCON,  36, 231N,  835W,  68,   85,   ,   0,    ,    0,    0,    0,    0, 
AL, 18, 2010101306, 03, TCON,  48, 234N,  816W,  68,  139,   ,   0,    ,    0,    0,    0,    0, 
AL, 18, 2010101306, 03, TCON,  72, 233N,  782W,  68,  283,   ,   0,    ,    0,    0,    0,    0, 
AL, 18, 2010101306, 03, TCOX,   0, 203N,  860W,  70,    0,   , 359, AAA,    0,    0,    0,    0, 
AL, 18, 2010101306, 03, TCOX,  12, 215N,  858W,  70,   34,   , 342, AAA,   34,   35,    2,    0, 
AL, 18, 2010101306, 03, TCOX,  24, 223N,  850W,  70,   65,   , 308, AAA,   51,   83,    5,   -1, 
AL, 18, 2010101306, 03, TCOX,  36, 229N,  835W,  70,   89,   , 284, AAA,   70,  113,    8,   -5, 
AL, 18, 2010101306, 03, TCOX,  48, 230N,  816W,  70,  118,   , 272, AAA,  101,  140,   13,  -10, 
AL, 18, 2010101306, 03, TCOX,  72, 226N,  780W,  70,  227,   , 287, AAA,  142,  363,   20,  -19, 
AL, 18, 2010101306, 03, TVCN,  12, 215N,  859W,  68,   31,   ,   0,    ,    0,    0,    0,    0, 
AL, 18, 2010101306, 03, TVCN,  24, 224N,  852W,  68,   59,   ,   0,    ,    0,    0,    0,    0, 
AL, 18, 2010101306, 03, TVCN,  36, 231N,  837W,  68,   88,   ,   0,    ,    0,    0,    0,    0, 
AL, 18, 2010101306, 03, TVCN,  48, 234N,  817W,  68,  130,   ,   0,    ,    0,    0,    0,    0, 
AL, 18, 2010101306, 03, TVCN,  72, 231N,  783W,  68,  238,   ,   0,    ,    0,    0,    0,    0, 
AL, 18, 2010101306, 03, TVCN,  96, 220N,  789W,  68,  406,   ,   0,    ,    0,    0,    0,    0, 
AL, 18, 2010101306, 03, TVCN, 120, 218N,  747W,  68,  697,   ,   0,    ,    0,    0,    0,    0, 
AL, 18, 2010101306, 03, TVCX,   0, 203N,  860W,  70,    0,   , 359, AAA,    0,    0,    0,    0, 
AL, 18, 2010101306, 03, TVCX,  12, 215N,  858W,  70,   34,   , 346, AAA,   34,   35,    2,    0, 
AL, 18, 2010101306, 03, TVCX,  24, 223N,  851W,  70,   64,   , 310, AAA,   54,   76,    5,   -1, 
AL, 18, 2010101306, 03, TVCX,  36, 229N,  837W,  70,   88,   , 284, AAA,   75,  104,    8,   -5, 
AL, 18, 2010101306, 03, TVCX,  48, 230N,  817W,  70,  114,   , 275, AAA,  104,  125,   13,  -10, 
AL, 18, 2010101306, 03, TVCX,  72, 225N,  781W,  70,  215,   , 284, AAA,  143,  324,   20,  -19, 
AL, 18, 2010101306, 03, TVCX,  96, 220N,  799W,  70,  273,   , 180, AAA,  368,  204,   18,  -32, 
AL, 18, 2010101306, 03, TVCX, 120, 213N,  757W,  70,  408,   , 209, AAA,  750,  222,    0,  -65, 
AL, 18, 2010101312, 03, GPCC,  12, 220N,  858W,  68,   36,   ,   0,    ,    0,    0,    0,    0, 
AL, 18, 2010101312, 03, GPCC,  24, 227N,  849W,  68,   72,   ,   0,    ,    0,    0,    0,    0, 
AL, 18, 2010101312, 03, GPCC,  36, 231N,  834W,  68,  100,   ,   0,    ,    0,    0,    0,    0, 
AL, 18, 2010101312, 03, GPCC,  48, 231N,  818W,  68,  129,   ,   0,    ,    0,    0,    0,    0, 
AL, 18, 2010101312, 03, GPCC,  72, 223N,  797W,  68,  192,   ,   0,    ,    0,    0,    0,    0, 
AL, 18, 2010101312, 03, GPCC,  96, 252N,  755W,  68,  266,   ,   0,    ,    0,    0,    0,    0, 
AL, 18, 2010101312, 03, GPCC, 120, 216N,  808W,  68,  356,   ,   0,    ,    0,    0,    0,    0, 
AL, 18, 2010101312, 03, TCON,  12, 220N,  857W,  68,   31,   ,   0,    ,    0,    0,    0,    0, 
AL, 18, 2010101312, 03, TCON,  24, 227N,  849W,  68,   48,   ,   0,    ,    0,    0,    0,    0, 
AL, 18, 2010101312, 03, TCON,  36, 231N,  835W,  68,   78,   ,   0,    ,    0,    0,    0,    0, 
AL, 18, 2010101312, 03, TCON,  48, 231N,  821W,  68,  138,   ,   0,    ,    0,    0,    0,    0, 
AL, 18, 2010101312, 03, TCON,  72, 221N,  803W,  68,  260,   ,   0,    ,    0,    0,    0,    0, 
AL, 18, 2010101312, 03, TCOX,   0, 211N,  860W,  70,    0,   , 358, AAA,    0,    0,    0,    0, 
AL, 18, 2010101312, 03, TCOX,  12, 220N,  857W,  70,   35,   , 331, AAA,   32,   39,    2,    0, 
AL, 18, 2010101312, 03, TCOX,  24, 226N,  849W,  70,   57,   , 296, AAA,   52,   64,    5,   -1, 
AL, 18, 2010101312, 03, TCOX,  36, 228N,  834W,  70,   84,   , 276, AAA,   67,  106,    8,   -5, 
AL, 18, 2010101312, 03, TCOX,  48, 231N,  825W,  70,  101,   , 188, AAA,  114,   91,   13,  -10, 
AL, 18, 2010101312, 03, TCOX,  72, 215N,  807W,  70,  192,   , 232, AAA,  183,  203,   20,  -19, 
AL, 18, 2010101312, 03, TVCN,  12, 220N,  858W,  68,   31,   ,   0,    ,    0,    0,    0,    0, 
AL, 18, 2010101312, 03, TVCN,  24, 227N,  849W,  68,   52,   ,   0,    ,    0,    0,    0,    0, 
AL, 18, 2010101312, 03, TVCN,  36, 231N,  834W,  68,   81,   ,   0,    ,    0,    0,    0,    0, 
AL, 18, 2010101312, 03, TVCN,  48, 231N,  818W,  68,  129,   ,   0,    ,    0,    0,    0,    0, 
AL, 18, 2010101312, 03, TVCN,  72, 223N,  797W,  68,  229,   ,   0,    ,    0,    0,    0,    0, 
AL, 18, 2010101312, 03, TVCN,  96, 252N,  755W,  68,  559,   ,   0,    ,    0,    0,    0,    0, 
AL, 18, 2010101312, 03, TVCN, 120, 216N,  808W,  68,  501,   ,   0,    ,    0,    0,    0,    0, 
AL, 18, 2010101312, 03, TVCX,   0, 211N,  860W,  70,    0,   , 358, AAA,    0,    0,    0,    0, 
AL, 18, 2010101312, 03, TVCX,  12, 220N,  857W,  70,   35,   , 334, AAA,   33,   38,    2,    0, 
AL, 18, 2010101312, 03, TVCX,  24, 226N,  849W,  70,   56,   , 295, AAA,   56,   57,    5,   -1, 
AL, 18, 2010101312, 03, TVCX,  36, 229N,  834W,  70,   79,   , 274, AAA,   73,   87,    8,   -5, 
AL, 18, 2010101312, 03, TVCX,  48, 231N,  823W,  70,  107,   , 184, AAA,  107,  108,   13,  -10, 
AL, 18, 2010101312, 03, TVCX,  72, 219N,  803W,  70,  167,   , 215, AAA,  187,  150,   20,  -19, 
AL, 18, 2010101312, 03, TVCX,  96, 253N,  765W,  70,  396,   , 176, AAA,  453,  347,   18,  -32, 
AL, 18, 2010101312, 03, TVCX, 120, 219N,  798W,  70,  356,   ,  18, AAA,  543,  234,    0,  -65, 
AL, 18, 2010101318, 03, GPCC,  12, 222N,  854W,  68,   36,   ,   0,    ,    0,    0,    0,    0, 
AL, 18, 2010101318, 03, GPCC,  24, 228N,  842W,  68,   72,   ,   0,    ,    0,    0,    0,    0, 
AL, 18, 2010101318, 03, GPCC,  36, 232N,  827W,  68,  100,   ,   0,    ,    0,    0,    0,    0, 
AL, 18, 2010101318, 03, GPCC,  48, 232N,  811W,  68,  129,   ,   0,    ,    0,    0,    0,    0, 
AL, 18, 2010101318, 03, GPCC,  72, 225N,  786W,  68,  192,   ,   0,    ,    0,    0,    0,    0, 
AL, 18, 2010101318, 03, GPCC,  96, 224N,  754W,  68,  266,   ,   0,    ,    0,    0,    0,    0, 
AL, 18, 2010101318, 03, GPCC, 120, 215N,  784W,  68,  356,   ,   0,    ,    0,    0,    0,    0, 
AL, 18, 2010101318, 03, TVCN,  12, 222N,  854W,  68,   33,   ,   0,    ,    0,    0,    0,    0, 
AL, 18, 2010101318, 03, TVCN,  24, 228N,  842W,  68,   60,   ,   0,    ,    0,    0,    0,    0, 
AL, 18, 2010101318, 03, TVCN,  36, 232N,  827W,  68,   97,   ,   0,    ,    0,    0,    0,    0, 
AL, 18, 2010101318, 03, TVCN,  48, 232N,  811W,  68,  156,   ,   0,    ,    0,    0,    0,    0, 
AL, 18, 2010101318, 03, TVCN,  72, 225N,  786W,  68,  282,   ,   0,    ,    0,    0,    0,    0, 
AL, 18, 2010101318, 03, TVCN,  96, 224N,  754W,  68,  451,   ,   0,    ,    0,    0,    0,    0, 
AL, 18, 2010101318, 03, TVCN, 120, 215N,  784W,  68,  503,   ,   0,    ,    0,    0,    0,    0, 
AL, 18, 2010101318, 03, TVCX,   0, 215N,  857W,  70,    0,   , 357, AAA,    0,    0,    0,    0, 
AL, 18, 2010101318, 03, TVCX,  12, 222N,  853W,  70,   35,   , 321, AAA,   35,   36,    2,    0, 
AL, 18, 2010101318, 03, TVCX,  24, 228N,  842W,  70,   63,   , 288, AAA,   57,   71,    5,   -1, 
AL, 18, 2010101318, 03, TVCX,  36, 229N,  826W,  70,   95,   , 274, AAA,   78,  117,    8,   -5, 
AL, 18, 2010101318, 03, TVCX,  48, 232N,  816W,  70,  121,   , 186, AAA,  130,  114,   13,  -10, 
AL, 18, 2010101318, 03, TVCX,  72, 223N,  792W,  70,  168,   , 197, AAA,  225,  127,   20,  -19, 
AL, 18, 2010101318, 03, TVCX,  96, 232N,  756W,  70,  369,   , 100, AAA,  168,  811,   18,  -32, 
AL, 18, 2010101318, 03, TVCX, 120, 215N,  796W,  70,  350,   , 181, AAA,  540,  228,    0,  -65, 
AL, 18, 2010101400, 03, GPCC,  12, 224N,  849W,  68,   36,   ,   0,    ,    0,    0,    0,    0, 
AL, 18, 2010101400, 03, GPCC,  24, 226N,  836W,  68,   72,   ,   0,    ,    0,    0,    0,    0, 
AL, 18, 2010101400, 03, GPCC,  36, 224N,  822W,  68,  100,   ,   0,    ,    0,    0,    0,    0, 
AL, 18, 2010101400, 03, GPCC,  48, 219N,  811W,  68,  129,   ,   0,    ,    0,    0,    0,    0, 
AL, 18, 2010101400, 03, GPCC,  72, 209N,  805W,  68,  192,   ,   0,    ,    0,    0,    0,    0, 
AL, 18, 2010101400, 03, GPCC,  96, 202N,  806W,  68,  266,   ,   0,    ,    0,    0,    0,    0, 
AL, 18, 2010101400, 03, GPCC, 120, 208N,  797W,  68,  356,   ,   0,    ,    0,    0,    0,    0, 
AL, 18, 2010101400, 03, TCON,  12, 223N,  848W,  68,   33,   ,   0,    ,    0,    0,    0,    0, 
AL, 18, 2010101400, 03, TCON,  24, 224N,  835W,  68,   63,   ,   0,    ,    0,    0,    0,    0, 
AL, 18, 2010101400, 03, TCON,  36, 222N,  822W,  68,  105,   ,   0,    ,    0,    0,    0,    0, 
AL, 18, 2010101400, 03, TCON,  48, 217N,  811W,  68,  169,   ,   0,    ,    0,    0,    0,    0, 
AL, 18, 2010101400, 03, TCOX,   0, 218N,  856W,  70,    0,   , 321, AAA,    0,    0,    0,    0, 
AL, 18, 2010101400, 03, TCOX,  12, 222N,  848W,  70,   34,   , 291, AAA,   35,   34,    2,    0, 
AL, 18, 2010101400, 03, TCOX,  24, 224N,  835W,  70,   61,   , 242, AAA,   66,   57,    5,   -1, 
AL, 18, 2010101400, 03, TCOX,  36, 222N,  824W,  70,   99,   , 188, AAA,   85,  116,    8,   -5, 
AL, 18, 2010101400, 03, TCOX,  48, 221N,  811W,  70,  133,   ,  91, AAA,  125,  143,   13,  -10, 
AL, 18, 2010101400, 03, TVCN,  12, 224N,  849W,  68,   34,   ,   0,    ,    0,    0,    0,    0, 
AL, 18, 2010101400, 03, TVCN,  24, 226N,  836W,  68,   68,   ,   0,    ,    0,    0,    0,    0, 
AL, 18, 2010101400, 03, TVCN,  36, 224N,  822W,  68,  108,   ,   0,    ,    0,    0,    0,    0, 
AL, 18, 2010101400, 03, TVCN,  48, 219N,  811W,  68,  164,   ,   0,    ,    0,    0,    0,    0, 
AL, 18, 2010101400, 03, TVCN,  72, 209N,  805W,  68,  258,   ,   0,    ,    0,    0,    0,    0, 
AL, 18, 2010101400, 03, TVCN,  96, 202N,  806W,  68,  380,   ,   0,    ,    0,    0,    0,    0, 
AL, 18, 2010101400, 03, TVCN, 120, 208N,  797W,  68,  417,   ,   0,    ,    0,    0,    0,    0, 
AL, 18, 2010101400, 03, TVCX,   0, 218N,  856W,  70,    0,   , 332, AAA,    0,    0,    0,    0, 
AL, 18, 2010101400, 03, TVCX,  12, 223N,  849W,  70,   35,   , 287, AAA,   36,   34,    2,    0, 
AL, 18, 2010101400, 03, TVCX,  24, 225N,  835W,  70,   68,   , 318, AAA,   62,   76,    5,   -1, 
AL, 18, 2010101400, 03, TVCX,  36, 224N,  825W,  70,   95,   , 197, AAA,   89,  101,    8,   -5, 
AL, 18, 2010101400, 03, TVCX,  48, 217N,  815W,  70,  120,   , 207, AAA,  127,  114,   13,  -10, 
AL, 18, 2010101400, 03, TVCX,  72, 207N,  812W,  70,  170,   , 196, AAA,  206,  142,   20,  -19, 
AL, 18, 2010101400, 03, TVCX,  96, 200N,  797W,  70,  295,   , 347, AAA,  331,  263,   18,  -32, 
AL, 18, 2010101400, 03, TVCX, 120, 219N,  798W,  70,  382,   ,  94, AAA,  298,  491,    0,  -65, 
AL, 18, 2010101406, 03, GPCC,  12, 227N,  840W,  68,   36,   ,   0,    ,    0,    0,    0,    0, 
AL, 18, 2010101406, 03, GPCC,  24, 229N,  825W,  68,   72,   ,   0,    ,    0,    0,    0,    0, 
AL, 18, 2010101406, 03, GPCC,  36, 228N,  813W,  68,  100,   ,   0,    ,    0,    0,    0,    0, 
AL, 18, 2010101406, 03, GPCC,  48, 223N,  803W,  68,  129,   ,   0,    ,    0,    0,    0,    0, 
AL, 18, 2010101406, 03, GPCC,  72, 215N,  797W,  68,  192,   ,   0,    ,    0,    0,    0,    0, 
AL, 18, 2010101406, 03, GPCC,  96, 203N,  811W,  68,  266,   ,   0,    ,    0,    0,    0,    0, 
AL, 18, 2010101406, 03, GPCC, 120, 208N,  835W,  68,  356,   ,   0,    ,    0,    0,    0,    0, 
AL, 18, 2010101406, 03, TCON,  12, 226N,  839W,  68,   37,   ,   0,    ,    0,    0,    0,    0, 
AL, 18, 2010101406, 03, TCON,  24, 228N,  824W,  68,   66,   ,   0,    ,    0,    0,    0,    0, 
AL, 18, 2010101406, 03, TCON,  36, 228N,  811W,  68,  101,   ,   0,    ,    0,    0,    0,    0, 
AL, 18, 2010101406, 03, TCON,  48, 224N,  802W,  68,  155,   ,   0,    ,    0,    0,    0,    0, 
AL, 18, 2010101406, 03, TCOX,   0, 221N,  852W,  70,    0,   , 297, AAA,    0,    0,    0,    0, 
AL, 18, 2010101406, 03, TCOX,  12, 226N,  839W,  70,   37,   , 282, AAA,   36,   38,    2,    0, 
AL, 18, 2010101406, 03, TCOX,  24, 227N,  823W,  70,   65,   , 277, AAA,   66,   65,    5,   -1, 
AL, 18, 2010101406, 03, TCOX,  36, 227N,  814W,  70,   94,   , 187, AAA,   83,  109,    8,   -5, 
AL, 18, 2010101406, 03, TCOX,  48, 228N,  802W,  70,  124,   ,  91, AAA,  114,  136,   13,  -10, 
AL, 18, 2010101406, 03, TVCN,  12, 227N,  840W,  68,   38,   ,   0,    ,    0,    0,    0,    0, 
AL, 18, 2010101406, 03, TVCN,  24, 229N,  825W,  68,   70,   ,   0,    ,    0,    0,    0,    0, 
AL, 18, 2010101406, 03, TVCN,  36, 228N,  813W,  68,  103,   ,   0,    ,    0,    0,    0,    0, 
AL, 18, 2010101406, 03, TVCN,  48, 223N,  803W,  68,  151,   ,   0,    ,    0,    0,    0,    0, 
AL, 18, 2010101406, 03, TVCN,  72, 215N,  797W,  68,  222,   ,   0,    ,    0,    0,    0,    0, 
AL, 18, 2010101406, 03, TVCN,  96, 203N,  811W,  68,  300,   ,   0,    ,    0,    0,    0,    0, 
AL, 18, 2010101406, 03, TVCN, 120, 208N,  835W,  68,  342,   ,   0,    ,    0,    0,    0,    0, 
AL, 18, 2010101406, 03, TVCX,   0, 221N,  852W,  70,    0,   , 304, AAA,    0,    0,    0,    0, 
AL, 18, 2010101406, 03, TVCX,  12, 226N,  840W,  70,   37,   , 285, AAA,   37,   37,    2,    0, 
AL, 18, 2010101406, 03, TVCX,  24, 228N,  825W,  70,   66,   , 284, AAA,   65,   69,    5,   -1, 
AL, 18, 2010101406, 03, TVCX,  36, 228N,  815W,  70,   94,   , 192, AAA,   86,  104,    8,   -5, 
AL, 18, 2010101406, 03, TVCX,  48, 222N,  807W,  70,  126,   , 190, AAA,  119,  134,   13,  -10, 
AL, 18, 2010101406, 03, TVCX,  72, 217N,  803W,  70,  194,   , 156, AAA,  171,  221,   20,  -19, 
AL, 18, 2010101406, 03, TVCX,  96, 211N,  813W,  70,  287,   , 104, AAA,  180,  461,   18,  -32, 
AL, 18, 2010101406, 03, TVCX, 120, 216N,  827W,  70,  321,   ,  48, AAA,  358,  289,    0,  -65, 
AL, 18, 2010101412, 03, GPCC,  12, 230N,  830W,  68,   36,   ,   0,    ,    0,    0,    0,    0, 
AL, 18, 2010101412, 03, GPCC,  24, 229N,  818W,  68,   72,   ,   0,    ,    0,    0,    0,    0, 
AL, 18, 2010101412, 03, GPCC,  36, 224N,  808W,  68,  100,   ,   0,    ,    0,    0,    0,    0, 
AL, 18, 2010101412, 03, GPCC,  48, 216N,  801W,  68,  129,   ,   0,    ,    0,    0,    0,    0, 
AL, 18, 2010101412, 03, GPCC,  72, 203N,  807W,  68,  192,   ,   0,    ,    0,    0,    0,    0, 
AL, 18, 2010101412, 03, GPCC,  96, 186N,  820W,  68,  266,   ,   0,    ,    0,    0,    0,    0, 
AL, 18, 2010101412, 03, GPCC, 120, 200N,  840W,  68,  356,   ,   0,    ,    0,    0,    0,    0, 
AL, 18, 2010101412, 03, TCON,  12, 229N,  829W,  68,   41,   ,   0,    ,    0,    0,    0,    0, 
AL, 18, 2010101412, 03, TCON,  24, 227N,  817W,  68,   73,   ,   0,    ,    0,    0,    0,    0, 
AL, 18, 2010101412, 03, TCON,  36, 223N,  807W,  68,  109,   ,   0,    ,    0,    0,    0,    0, 
AL, 18, 2010101412, 03, TCON,  48, 217N,  801W,  68,  156,   ,   0,    ,    0,    0,    0,    0, 
AL, 18, 2010101412, 03, TCOX,   0, 227N,  844W,  70,    0,   , 301, AAA,    0,    0,    0,    0, 
AL, 18, 2010101412, 03, TCOX,  12, 229N,  829W,  70,   37,   , 256, AAA,   41,   34,    2,    0, 
AL, 18, 2010101412, 03, TCOX,  24, 227N,  818W,  70,   74,   , 182, AAA,   66,   85,    5,   -1, 
AL, 18, 2010101412, 03, TCOX,  36, 222N,  809W,  70,   86,   , 214, AAA,   95,   78,    8,   -5, 
AL, 18, 2010101412, 03, TCOX,  48, 221N,  801W,  70,  131,   ,  91, AAA,  112,  156,   13,  -10, 
AL, 18, 2010101412, 03, TVCN,  12, 230N,  830W,  68,   42,   ,   0,    ,    0,    0,    0,    0, 
AL, 18, 2010101412, 03, TVCN,  24, 229N,  818W,  68,   77,   ,   0,    ,    0,    0,    0,    0, 
AL, 18, 2010101412, 03, TVCN,  36, 224N,  808W,  68,  111,   ,   0,    ,    0,    0,    0,    0, 
AL, 18, 2010101412, 03, TVCN,  48, 216N,  801W,  68,  150,   ,   0,    ,    0,    0,    0,    0, 
AL, 18, 2010101412, 03, TVCN,  72, 203N,  807W,  68,  221,   ,   0,    ,    0,    0,    0,    0, 
AL, 18, 2010101412, 03, TVCN,  96, 186N,  820W,  68,  323,   ,   0,    ,    0,    0,    0,    0, 
AL, 18, 2010101412, 03, TVCN, 120, 200N,  840W,  68,  329,   ,   0,    ,    0,    0,    0,    0, 
AL, 18, 2010101412, 03, TVCX,   0, 227N,  844W,  70,    0,   , 290, AAA,    0,    0,    0,    0, 
AL, 18, 2010101412, 03, TVCX,  12, 230N,  830W,  70,   39,   , 294, AAA,   40,   39,    2,    0, 
AL, 18, 2010101412, 03, TVCX,  24, 228N,  819W,  70,   73,   , 194, AAA,   68,   79,    5,   -1, 
AL, 18, 2010101412, 03, TVCX,  36, 224N,  810W,  70,   87,   , 216, AAA,   97,   78,    8,   -5, 
AL, 18, 2010101412, 03, TVCX,  48, 212N,  803W,  70,  120,   , 247, AAA,  129,  113,   13,  -10, 
AL, 18, 2010101412, 03, TVCX,  72, 207N,  813W,  70,  207,   , 144, AAA,  156,  277,   20,  -19, 
AL, 18, 2010101412, 03, TVCX,  96, 188N,  811W,  70,  258,   ,  12, AAA,  275,  244,   18,  -32, 
AL, 18, 2010101412, 03, TVCX, 120, 211N,  840W,  70,  328,   ,  88, AAA,  346,  312,    0,  -65, 
AL, 18, 2010101418, 03, GPCC,  12, 233N,  814W,  68,   36,   ,   0,    ,    0,    0,    0,    0, 
AL, 18, 2010101418, 03, GPCC,  24, 239N,  796W,  68,   72,   ,   0,    ,    0,    0,    0,    0, 
AL, 18, 2010101418, 03, GPCC,  36, 241N,  780W,  68,  100,   ,   0,    ,    0,    0,    0,    0, 
AL, 18, 2010101418, 03, GPCC,  48, 236N,  768W,  68,  129,   ,   0,    ,    0,    0,    0,    0, 
AL, 18, 2010101418, 03, GPCC,  72, 222N,  763W,  68,  192,   ,   0,    ,    0,    0,    0,    0, 
AL, 18, 2010101418, 03, GPCC,  96, 220N,  773W,  68,  266,   ,   0,    ,    0,    0,    0,    0, 
AL, 18, 2010101418, 03, GPCC, 120, 254N,  761W,  68,  356,   ,   0,    ,    0,    0,    0,    0, 
AL, 18, 2010101418, 03, TCON,  12, 233N,  812W,  68,   38,   ,   0,    ,    0,    0,    0,    0, 
AL, 18, 2010101418, 03, TCOX,   0, 228N,  832W,  70,    0,   , 354, AAA,    0,    0,    0,    0, 
AL, 18, 2010101418, 03, TCOX,  12, 234N,  812W,  70,   37,   ,  91, AAA,   40,   36,    2,    0, 
AL, 18, 2010101418, 03, TVCN,  12, 233N,  814W,  68,   43,   ,   0,    ,    0,    0,    0,    0, 
AL, 18, 2010101418, 03, TVCN,  24, 239N,  796W,  68,   69,   ,   0,    ,    0,    0,    0,    0, 
AL, 18, 2010101418, 03, TVCN,  36, 241N,  780W,  68,  103,   ,   0,    ,    0,    0,    0,    0, 
AL, 18, 2010101418, 03, TVCN,  48, 236N,  768W,  68,  143,   ,   0,    ,    0,    0,    0,    0, 
AL, 18, 2010101418, 03, TVCN,  72, 222N,  763W,  68,  208,   ,   0,    ,    0,    0,    0,    0, 
AL, 18, 2010101418, 03, TVCN,  96, 220N,  773W,  68,  301,   ,   0,    ,    0,    0,    0,    0, 
AL, 18, 2010101418, 03, TVCN, 120, 254N,  761W,  68,  343,   ,   0,    ,    0,    0,    0,    0, 
AL, 18, 2010101418, 03, TVCX,   0, 228N,  832W,  70,    0,   , 285, AAA,    0,    0,    0,    0, 
AL, 18, 2010101418, 03, TVCX,  12, 233N,  814W,  70,   42,   , 288, AAA,   39,   47,    2,    0, 
AL, 18, 2010101418, 03, TVCX,  24, 239N,  796W,  70,   71,   , 278, AAA,   59,   88,    5,   -1, 
AL, 18, 2010101418, 03, TVCX,  36, 240N,  782W,  70,   85,   , 191, AAA,   91,   79,    8,   -5, 
AL, 18, 2010101418, 03, TVCX,  48, 233N,  771W,  70,  101,   , 215, AAA,  130,   80,   13,  -10, 
AL, 18, 2010101418, 03, TVCX,  72, 224N,  769W,  70,  177,   , 162, AAA,  169,  185,   20,  -19, 
AL, 18, 2010101418, 03, TVCX,  96, 212N,  772W,  70,  289,   , 278, AAA,  169,  497,   18,  -32, 
AL, 18, 2010101418, 03, TVCX, 120, 258N,  750W,  70,  291,   ,  22, AAA,  379,  225,    0,  -65, 
AL, 18, 2010101500, 03, GPCC,  12, 231N,  803W,  68,   36,   ,   0,    ,    0,    0,    0,    0, 
AL, 18, 2010101500, 03, GPCC,  24, 233N,  790W,  68,   72,   ,   0,    ,    0,    0,    0,    0, 
AL, 18, 2010101500, 03, GPCC,  36, 230N,  781W,  68,  100,   ,   0,    ,    0,    0,    0,    0, 
AL, 18, 2010101500, 03, GPCC,  48, 222N,  780W,  68,  129,   ,   0,    ,    0,    0,    0,    0, 
AL, 18, 2010101500, 03, GPCC,  72, 209N,  793W,  68,  192,   ,   0,    ,    0,    0,    0,    0, 
AL, 18, 2010101500, 03, GPCC,  96, 205N,  819W,  68,  266,   ,   0,    ,    0,    0,    0,    0, 
AL, 18, 2010101500, 03, GPCC, 120, 204N,  829W,  68,  356,   ,   0,    ,    0,    0,    0,    0, 
AL, 18, 2010101500, 03, TCON,  12, 233N,  801W,  68,   48,   ,   0,    ,    0,    0,    0,    0, 
AL, 18, 2010101500, 03, TCOX,   0, 230N,  820W,  70,    0,   , 348, AAA,    0,    0,    0,    0, 
AL, 18, 2010101500, 03, TCOX,  12, 233N,  801W,  70,   45,   ,  91, AAA,   42,   48,    2,    0, 
AL, 18, 2010101500, 03, TVCN,  12, 231N,  803W,  68,   51,   ,   0,    ,    0,    0,    0,    0, 
AL, 18, 2010101500, 03, TVCN,  24, 233N,  790W,  68,   85,   ,   0,    ,    0,    0,    0,    0, 
AL, 18, 2010101500, 03, TVCN,  36, 230N,  781W,  68,  115,   ,   0,    ,    0,    0,    0,    0, 
AL, 18, 2010101500, 03, TVCN,  48, 222N,  780W,  68,  139,   ,   0,    ,    0,    0,    0,    0, 
AL, 18, 2010101500, 03, TVCN,  72, 209N,  793W,  68,  189,   ,   0,    ,    0,    0,    0,    0, 
AL, 18, 2010101500, 03, TVCN,  96, 205N,  819W,  68,  248,   ,   0,    ,    0,    0,    0,    0, 
AL, 18, 2010101500, 03, TVCN, 120, 204N,  829W,  68,  322,   ,   0,    ,    0,    0,    0,    0, 
AL, 18, 2010101500, 03, TVCX,   0, 230N,  820W,  70,    0,   , 274, AAA,    0,    0,    0,    0, 
AL, 18, 2010101500, 03, TVCX,  12, 231N,  803W,  70,   47,   , 277, AAA,   42,   53,    2,    0, 
AL, 18, 2010101500, 03, TVCX,  24, 233N,  790W,  70,   66,   , 211, AAA,   84,   53,    5,   -1, 
AL, 18, 2010101500, 03, TVCX,  36, 232N,  782W,  70,  112,   , 109, AAA,   67,  190,    8,   -5, 
AL, 18, 2010101500, 03, TVCX,  48, 222N,  785W,  70,  109,   , 181, AAA,  125,   95,   13,  -10, 
AL, 18, 2010101500, 03, TVCX,  72, 215N,  795W,  70,  200,   , 106, AAA,  121,  332,   20,  -19, 
AL, 18, 2010101500, 03, TVCX,  96, 213N,  819W,  70,  254,   ,  91, AAA,  189,  342,   18,  -32, 
AL, 18, 2010101500, 03, TVCX, 120, 212N,  836W,  70,  357,   , 129, AAA,  228,  562,    0,  -65, 
AL, 18, 2010101506, 03, GPCC,  12, 232N,  792W,  68,   36,   ,   0,    ,    0,    0,    0,    0, 
AL, 18, 2010101506, 03, GPCC,  24, 230N,  781W,  68,   72,   ,   0,    ,    0,    0,    0,    0, 
AL, 18, 2010101506, 03, GPCC,  36, 223N,  777W,  68,  100,   ,   0,    ,    0,    0,    0,    0, 
AL, 18, 2010101506, 03, GPCC,  48, 217N,  779W,  68,  129,   ,   0,    ,    0,    0,    0,    0, 
AL, 18, 2010101506, 03, GPCC,  72, 201N,  806W,  68,  192,   ,   0,    ,    0,    0,    0,    0, 
AL, 18, 2010101506, 03, GPCC,  96,   0N,    0W,  68,  266,   ,   0,    ,    0,    0,    0,    0, 
AL, 18, 2010101506, 03, GPCC, 120,   0N,    0W,  68,  356,   ,   0,    ,    0,    0,    0,    0, 
AL, 18, 2010101506, 03, TCON,  12, 233N,  790W,  68,   43,   ,   0,    ,    0,    0,    0,    0, 
AL, 18, 2010101506, 03, TCON,  24, 232N,  778W,  68,   69,   ,   0,    ,    0,    0,    0,    0, 
AL, 18, 2010101506, 03, TCON,  36, 227N,  772W,  68,   98,   ,   0,    ,    0,    0,    0,    0, 
AL, 18, 2010101506, 03, TCOX,   0, 230N,  807W,  70,    0,   , 284, AAA,    0,    0,    0,    0, 
AL, 18, 2010101506, 03, TCOX,  12, 233N,  790W,  70,   42,   , 276, AAA,   40,   45,    2,    0, 
AL, 18, 2010101506, 03, TCOX,  24, 232N,  779W,  70,   67,   , 190, AAA,   70,   65,    5,   -1, 
AL, 18, 2010101506, 03, TCOX,  36, 229N,  772W,  70,  100,   ,  91, AAA,   66,  154,    8,   -5, 
AL, 18, 2010101506, 03, TVCN,  12, 232N,  792W,  68,   48,   ,   0,    ,    0,    0,    0,    0, 
AL, 18, 2010101506, 03, TVCN,  24, 230N,  781W,  68,   81,   ,   0,    ,    0,    0,    0,    0, 
AL, 18, 2010101506, 03, TVCN,  36, 223N,  777W,  68,  109,   ,   0,    ,    0,    0,    0,    0, 
AL, 18, 2010101506, 03, TVCN,  48, 217N,  779W,  68,  106,   ,   0,    ,    0,    0,    0,    0, 
AL, 18, 2010101506, 03, TVCN,  72, 201N,  806W,  68,  177,   ,   0,    ,    0,    0,    0,    0, 
AL, 18, 2010101506, 03, TVCX,   0, 230N,  807W,  70,    0,   , 283, AAA,    0,    0,    0,    0, 
AL, 18, 2010101506, 03, TVCX,  12, 231N,  792W,  70,   42,   , 222, AAA,   46,   40,    2,    0, 
AL, 18, 2010101506, 03, TVCX,  24, 229N,  782W,  70,   71,   , 206, AAA,   76,   67,    5,   -1, 
AL, 18, 2010101506, 03, TVCX,  36, 222N,  779W,  70,   91,   , 212, AAA,   90,   94,    8,   -5, 
AL, 18, 2010101506, 03, TVCX,  48, 220N,  782W,  70,  108,   , 144, AAA,   94,  126,   13,  -10, 
AL, 18, 2010101506, 03, TVCX,  72, 207N,  806W,  70,  180,   ,  91, AAA,  141,  232,   20,  -19, 
AL, 18, 2010101512, 03, GPCC,  12, 226N,  782W,  68,   36,   ,   0,    ,    0,    0,    0,    0, 
AL, 18, 2010101512, 03, GPCC,  24, 222N,  779W,  68,   72,   ,   0,    ,    0,    0,    0,    0, 
AL, 18, 2010101512, 03, GPCC,  36, 214N,  779W,  68,  100,   ,   0,    ,    0,    0,    0,    0, 
AL, 18, 2010101512, 03, GPCC,  48, 209N,  789W,  68,  129,   ,   0,    ,    0,    0,    0,    0, 
AL, 18, 2010101512, 03, GPCC,  72, 213N,  814W,  68,  192,   ,   0,    ,    0,    0,    0,    0, 
AL, 18, 2010101512, 03, GPCC,  96,   0N,    0W,  68,  266,   ,   0,    ,    0,    0,    0,    0, 
AL, 18, 2010101512, 03, GPCC, 120,   0N,    0W,  68,  356,   ,   0,    ,    0,    0,    0,    0, 
AL, 18, 2010101512, 03, TCON,  12, 230N,  783W,  68,   47,   ,   0,    ,    0,    0,    0,    0, 
AL, 18, 2010101512, 03, TCON,  24, 225N,  776W,  68,   74,   ,   0,    ,    0,    0,    0,    0, 
AL, 18, 2010101512, 03, TCON,  36, 217N,  775W,  68,  101,   ,   0,    ,    0,    0,    0,    0, 
AL, 18, 2010101512, 03, TCOX,   0, 230N,  795W,  70,    0,   , 180, AAA,    0,    0,    0,    0, 
AL, 18, 2010101512, 03, TCOX,  12, 229N,  783W,  70,   43,   , 187, AAA,   42,   45,    2,    0, 
AL, 18, 2010101512, 03, TCOX,  24, 224N,  777W,  70,   72,   , 251, AAA,   68,   77,    5,   -1, 
AL, 18, 2010101512, 03, TCOX,  36, 219N,  775W,  70,   99,   ,  91, AAA,   72,  136,    8,   -5, 
AL, 18, 2010101512, 03, TVCN,  12, 226N,  782W,  68,   60,   ,   0,    ,    0,    0,    0,    0, 
AL, 18, 2010101512, 03, TVCN,  24, 222N,  779W,  68,   83,   ,   0,    ,    0,    0,    0,    0, 
AL, 18, 2010101512, 03, TVCN,  36, 214N,  779W,  68,  110,   ,   0,    ,    0,    0,    0,    0, 
AL, 18, 2010101512, 03, TVCN,  48, 209N,  789W,  68,   93,   ,   0,    ,    0,    0,    0,    0, 
AL, 18, 2010101512, 03, TVCN,  72, 213N,  814W,  68,  139,   ,   0,    ,    0,    0,    0,    0, 
AL, 18, 2010101512, 03, TVCX,   0, 230N,  795W,  70,    0,   , 196, AAA,    0,    0,    0,    0, 
AL, 18, 2010101512, 03, TVCX,  12, 226N,  783W,  70,   50,   , 211, AAA,   44,   58,    2,    0, 
AL, 18, 2010101512, 03, TVCX,  24, 222N,  779W,  70,   74,   , 259, AAA,   77,   73,    5,   -1, 
AL, 18, 2010101512, 03, TVCX,  36, 214N,  782W,  70,  101,   , 166, AAA,   80,  129,    8,   -5, 
AL, 18, 2010101512, 03, TVCX,  48, 213N,  790W,  70,  101,   ,  97, AAA,   90,  116,   13,  -10, 
AL, 18, 2010101512, 03, TVCX,  72, 219N,  814W,  70,  137,   ,  91, AAA,  139,  136,   20,  -19, 
