AL, 17, 2010093006, 03, GPCC,  12,   0N,    0W,  68,   36,   ,   0,    ,    0,    0,    0,    0, 
AL, 17, 2010093006, 03, GPCC,  24,   0N,    0W,  68,   72,   ,   0,    ,    0,    0,    0,    0, 
AL, 17, 2010093006, 03, GPCC,  36,   0N,    0W,  68,  100,   ,   0,    ,    0,    0,    0,    0, 
AL, 17, 2010093006, 03, GPCC,  48,   0N,    0W,  68,  129,   ,   0,    ,    0,    0,    0,    0, 
AL, 17, 2010093006, 03, GPCC,  72,   0N,    0W,  68,  192,   ,   0,    ,    0,    0,    0,    0, 
AL, 17, 2010093006, 03, GPCC,  96,   0N,    0W,  68,  266,   ,   0,    ,    0,    0,    0,    0, 
AL, 17, 2010093006, 03, GPCC, 120,   0N,    0W,  68,  356,   ,   0,    ,    0,    0,    0,    0, 
AL, 17, 2010100100, 03, GPCC,  12,   0N,    0W,  68,   36,   ,   0,    ,    0,    0,    0,    0, 
AL, 17, 2010100100, 03, GPCC,  24,   0N,    0W,  68,   72,   ,   0,    ,    0,    0,    0,    0, 
AL, 17, 2010100100, 03, GPCC,  36,   0N,    0W,  68,  100,   ,   0,    ,    0,    0,    0,    0, 
AL, 17, 2010100100, 03, GPCC,  48,   0N,    0W,  68,  129,   ,   0,    ,    0,    0,    0,    0, 
AL, 17, 2010100100, 03, GPCC,  72,   0N,    0W,  68,  192,   ,   0,    ,    0,    0,    0,    0, 
AL, 17, 2010100100, 03, GPCC,  96,   0N,    0W,  68,  266,   ,   0,    ,    0,    0,    0,    0, 
AL, 17, 2010100100, 03, GPCC, 120,   0N,    0W,  68,  356,   ,   0,    ,    0,    0,    0,    0, 
AL, 17, 2010100106, 03, GPCC,  12,   0N,    0W,  68,   36,   ,   0,    ,    0,    0,    0,    0, 
AL, 17, 2010100106, 03, GPCC,  24,   0N,    0W,  68,   72,   ,   0,    ,    0,    0,    0,    0, 
AL, 17, 2010100106, 03, GPCC,  36,   0N,    0W,  68,  100,   ,   0,    ,    0,    0,    0,    0, 
AL, 17, 2010100106, 03, GPCC,  48,   0N,    0W,  68,  129,   ,   0,    ,    0,    0,    0,    0, 
AL, 17, 2010100106, 03, GPCC,  72,   0N,    0W,  68,  192,   ,   0,    ,    0,    0,    0,    0, 
AL, 17, 2010100106, 03, GPCC,  96,   0N,    0W,  68,  266,   ,   0,    ,    0,    0,    0,    0, 
AL, 17, 2010100106, 03, GPCC, 120,   0N,    0W,  68,  356,   ,   0,    ,    0,    0,    0,    0, 
AL, 17, 2010100112, 03, GPCC,  12, 168N,  522W,  68,   36,   ,   0,    ,    0,    0,    0,    0, 
AL, 17, 2010100112, 03, GPCC,  24, 178N,  550W,  68,   72,   ,   0,    ,    0,    0,    0,    0, 
AL, 17, 2010100112, 03, GPCC,  36, 185N,  574W,  68,  100,   ,   0,    ,    0,    0,    0,    0, 
AL, 17, 2010100112, 03, GPCC,  48, 189N,  597W,  68,  129,   ,   0,    ,    0,    0,    0,    0, 
AL, 17, 2010100112, 03, GPCC,  72, 193N,  629W,  68,  192,   ,   0,    ,    0,    0,    0,    0, 
AL, 17, 2010100112, 03, GPCC,  96,   0N,    0W,  68,  266,   ,   0,    ,    0,    0,    0,    0, 
AL, 17, 2010100112, 03, GPCC, 120,   0N,    0W,  68,  356,   ,   0,    ,    0,    0,    0,    0, 
AL, 17, 2010100112, 03, TVCN,  12, 168N,  522W,  68,   52,   ,   0,    ,    0,    0,    0,    0, 
AL, 17, 2010100112, 03, TVCN,  24, 178N,  550W,  68,   98,   ,   0,    ,    0,    0,    0,    0, 
AL, 17, 2010100112, 03, TVCN,  36, 185N,  574W,  68,  135,   ,   0,    ,    0,    0,    0,    0, 
AL, 17, 2010100112, 03, TVCN,  48, 189N,  597W,  68,  166,   ,   0,    ,    0,    0,    0,    0, 
AL, 17, 2010100112, 03, TVCN,  72, 193N,  629W,  68,  209,   ,   0,    ,    0,    0,    0,    0, 
AL, 17, 2010100112, 03, TVCX,   0, 157N,  497W,  70,    0,   ,  64, AAA,    0,    0,    0,    0, 
AL, 17, 2010100112, 03, TVCX,  12, 169N,  522W,  70,   47,   ,  68, AAA,   46,   50,    2,    0, 
AL, 17, 2010100112, 03, TVCX,  24, 179N,  549W,  70,   89,   ,  73, AAA,   82,   98,    5,   -1, 
AL, 17, 2010100112, 03, TVCX,  36, 187N,  574W,  70,  123,   ,  78, AAA,  101,  150,    8,   -5, 
AL, 17, 2010100112, 03, TVCX,  48, 193N,  596W,  70,  155,   ,  80, AAA,  127,  192,   13,  -10, 
AL, 17, 2010100112, 03, TVCX,  72, 200N,  629W,  70,  193,   ,  91, AAA,  171,  219,   20,  -19, 
AL, 17, 2010100118, 03, GPCC,  12, 173N,  530W,  68,   36,   ,   0,    ,    0,    0,    0,    0, 
AL, 17, 2010100118, 03, GPCC,  24, 181N,  553W,  68,   72,   ,   0,    ,    0,    0,    0,    0, 
AL, 17, 2010100118, 03, GPCC,  36, 187N,  574W,  68,  100,   ,   0,    ,    0,    0,    0,    0, 
AL, 17, 2010100118, 03, GPCC,  48, 191N,  596W,  68,  129,   ,   0,    ,    0,    0,    0,    0, 
AL, 17, 2010100118, 03, GPCC,  72,   0N,    0W,  68,  192,   ,   0,    ,    0,    0,    0,    0, 
AL, 17, 2010100118, 03, GPCC,  96,   0N,    0W,  68,  266,   ,   0,    ,    0,    0,    0,    0, 
AL, 17, 2010100118, 03, GPCC, 120,   0N,    0W,  68,  356,   ,   0,    ,    0,    0,    0,    0, 
AL, 17, 2010100118, 03, TVCN,  12, 173N,  530W,  68,   50,   ,   0,    ,    0,    0,    0,    0, 
AL, 17, 2010100118, 03, TVCN,  24, 181N,  553W,  68,   97,   ,   0,    ,    0,    0,    0,    0, 
AL, 17, 2010100118, 03, TVCN,  36, 187N,  574W,  68,  130,   ,   0,    ,    0,    0,    0,    0, 
AL, 17, 2010100118, 03, TVCN,  48, 191N,  596W,  68,  146,   ,   0,    ,    0,    0,    0,    0, 
AL, 17, 2010100118, 03, TVCX,   0, 163N,  507W,  70,    0,   ,  65, AAA,    0,    0,    0,    0, 
AL, 17, 2010100118, 03, TVCX,  12, 173N,  530W,  70,   47,   ,  68, AAA,   43,   52,    2,    0, 
AL, 17, 2010100118, 03, TVCX,  24, 182N,  552W,  70,   88,   ,  73, AAA,   73,  107,    5,   -1, 
AL, 17, 2010100118, 03, TVCX,  36, 189N,  573W,  70,  119,   ,  77, AAA,   93,  155,    8,   -5, 
AL, 17, 2010100118, 03, TVCX,  48, 195N,  595W,  70,  143,   ,  80, AAA,  113,  182,   13,  -10, 
AL, 17, 2010100200, 03, GPCC,  12, 175N,  547W,  68,   36,   ,   0,    ,    0,    0,    0,    0, 
AL, 17, 2010100200, 03, GPCC,  24, 178N,  570W,  68,   72,   ,   0,    ,    0,    0,    0,    0, 
AL, 17, 2010100200, 03, GPCC,  36, 179N,  588W,  68,  100,   ,   0,    ,    0,    0,    0,    0, 
AL, 17, 2010100200, 03, GPCC,  48, 174N,  611W,  68,  129,   ,   0,    ,    0,    0,    0,    0, 
AL, 17, 2010100200, 03, GPCC,  72,   0N,    0W,  68,  192,   ,   0,    ,    0,    0,    0,    0, 
AL, 17, 2010100200, 03, GPCC,  96,   0N,    0W,  68,  266,   ,   0,    ,    0,    0,    0,    0, 
AL, 17, 2010100200, 03, GPCC, 120,   0N,    0W,  68,  356,   ,   0,    ,    0,    0,    0,    0, 
AL, 17, 2010100200, 03, TVCN,  12, 175N,  547W,  68,   46,   ,   0,    ,    0,    0,    0,    0, 
AL, 17, 2010100200, 03, TVCN,  24, 178N,  570W,  68,   73,   ,   0,    ,    0,    0,    0,    0, 
AL, 17, 2010100200, 03, TVCN,  36, 179N,  588W,  68,  110,   ,   0,    ,    0,    0,    0,    0, 
AL, 17, 2010100200, 03, TVCN,  48, 174N,  611W,  68,  119,   ,   0,    ,    0,    0,    0,    0, 
AL, 17, 2010100200, 03, TVCX,   0, 168N,  523W,  70,    0,   ,  72, AAA,    0,    0,    0,    0, 
AL, 17, 2010100200, 03, TVCX,  12, 175N,  547W,  70,   46,   ,  79, AAA,   39,   55,    2,    0, 
AL, 17, 2010100200, 03, TVCX,  24, 179N,  570W,  70,   73,   ,  84, AAA,   66,   83,    5,   -1, 
AL, 17, 2010100200, 03, TVCX,  36, 182N,  588W,  70,  108,   ,  98, AAA,   80,  147,    8,   -5, 
AL, 17, 2010100200, 03, TVCX,  48, 178N,  611W,  70,  128,   ,  91, AAA,   95,  175,   13,  -10, 
AL, 17, 2010100206, 03, GPCC,  12, 175N,  571W,  68,   36,   ,   0,    ,    0,    0,    0,    0, 
AL, 17, 2010100206, 03, GPCC,  24, 176N,  608W,  68,   72,   ,   0,    ,    0,    0,    0,    0, 
AL, 17, 2010100206, 03, GPCC,  36, 179N,  634W,  68,  100,   ,   0,    ,    0,    0,    0,    0, 
AL, 17, 2010100206, 03, GPCC,  48, 179N,  655W,  68,  129,   ,   0,    ,    0,    0,    0,    0, 
AL, 17, 2010100206, 03, GPCC,  72, 182N,  687W,  68,  192,   ,   0,    ,    0,    0,    0,    0, 
AL, 17, 2010100206, 03, GPCC,  96, 201N,  710W,  68,  266,   ,   0,    ,    0,    0,    0,    0, 
AL, 17, 2010100206, 03, GPCC, 120, 222N,  728W,  68,  356,   ,   0,    ,    0,    0,    0,    0, 
AL, 17, 2010100206, 03, TVCN,  12, 175N,  571W,  68,   64,   ,   0,    ,    0,    0,    0,    0, 
AL, 17, 2010100206, 03, TVCN,  24, 176N,  608W,  68,   65,   ,   0,    ,    0,    0,    0,    0, 
AL, 17, 2010100206, 03, TVCN,  36, 179N,  634W,  68,   94,   ,   0,    ,    0,    0,    0,    0, 
AL, 17, 2010100206, 03, TVCN,  48, 179N,  655W,  68,  116,   ,   0,    ,    0,    0,    0,    0, 
AL, 17, 2010100206, 03, TVCN,  72, 182N,  687W,  68,  181,   ,   0,    ,    0,    0,    0,    0, 
AL, 17, 2010100206, 03, TVCN,  96, 201N,  710W,  68,  269,   ,   0,    ,    0,    0,    0,    0, 
AL, 17, 2010100206, 03, TVCN, 120, 222N,  728W,  68,  317,   ,   0,    ,    0,    0,    0,    0, 
AL, 17, 2010100206, 03, TVCX,   0, 171N,  540W,  70,    0,   ,  77, AAA,    0,    0,    0,    0, 
AL, 17, 2010100206, 03, TVCX,  12, 176N,  571W,  70,   55,   ,  88, AAA,   45,   70,    2,    0, 
AL, 17, 2010100206, 03, TVCX,  24, 177N,  608W,  70,   70,   ,  88, AAA,   53,   92,    5,   -1, 
AL, 17, 2010100206, 03, TVCX,  36, 182N,  634W,  70,   94,   ,  87, AAA,   81,  110,    8,   -5, 
AL, 17, 2010100206, 03, TVCX,  48, 183N,  655W,  70,  115,   ,  94, AAA,  114,  118,   13,  -10, 
AL, 17, 2010100206, 03, TVCX,  72, 188N,  685W,  70,  172,   ,  74, AAA,  158,  188,   20,  -19, 
AL, 17, 2010100206, 03, TVCX,  96, 207N,  703W,  70,  254,   ,  42, AAA,  209,  310,   18,  -32, 
AL, 17, 2010100206, 03, TVCX, 120, 229N,  719W,  70,  305,   ,  38, AAA,  255,  366,    0,  -65, 
AL, 17, 2010100212, 03, GPCC,  12, 174N,  585W,  68,   36,   ,   0,    ,    0,    0,    0,    0, 
AL, 17, 2010100212, 03, GPCC,  24, 179N,  614W,  68,   72,   ,   0,    ,    0,    0,    0,    0, 
AL, 17, 2010100212, 03, GPCC,  36, 180N,  637W,  68,  100,   ,   0,    ,    0,    0,    0,    0, 
AL, 17, 2010100212, 03, GPCC,  48, 179N,  655W,  68,  129,   ,   0,    ,    0,    0,    0,    0, 
AL, 17, 2010100212, 03, GPCC,  72, 185N,  685W,  68,  192,   ,   0,    ,    0,    0,    0,    0, 
AL, 17, 2010100212, 03, GPCC,  96, 207N,  707W,  68,  266,   ,   0,    ,    0,    0,    0,    0, 
AL, 17, 2010100212, 03, GPCC, 120, 227N,  723W,  68,  356,   ,   0,    ,    0,    0,    0,    0, 
AL, 17, 2010100212, 03, TVCN,  12, 174N,  585W,  68,   41,   ,   0,    ,    0,    0,    0,    0, 
AL, 17, 2010100212, 03, TVCN,  24, 179N,  614W,  68,   69,   ,   0,    ,    0,    0,    0,    0, 
AL, 17, 2010100212, 03, TVCN,  36, 180N,  637W,  68,  101,   ,   0,    ,    0,    0,    0,    0, 
AL, 17, 2010100212, 03, TVCN,  48, 179N,  655W,  68,  124,   ,   0,    ,    0,    0,    0,    0, 
AL, 17, 2010100212, 03, TVCN,  72, 185N,  685W,  68,  190,   ,   0,    ,    0,    0,    0,    0, 
AL, 17, 2010100212, 03, TVCN,  96, 207N,  707W,  68,  272,   ,   0,    ,    0,    0,    0,    0, 
AL, 17, 2010100212, 03, TVCN, 120, 227N,  723W,  68,  321,   ,   0,    ,    0,    0,    0,    0, 
AL, 17, 2010100212, 03, TVCX,   0, 173N,  551W,  70,    0,   ,  90, AAA,    0,    0,    0,    0, 
AL, 17, 2010100212, 03, TVCX,  12, 175N,  585W,  70,   43,   ,  86, AAA,   38,   49,    2,    0, 
AL, 17, 2010100212, 03, TVCX,  24, 180N,  614W,  70,   71,   ,  85, AAA,   63,   81,    5,   -1, 
AL, 17, 2010100212, 03, TVCX,  36, 182N,  637W,  70,   96,   ,  85, AAA,   89,  104,    8,   -5, 
AL, 17, 2010100212, 03, TVCX,  48, 183N,  655W,  70,  122,   ,  84, AAA,  117,  129,   13,  -10, 
AL, 17, 2010100212, 03, TVCX,  72, 191N,  682W,  70,  184,   ,  63, AAA,  146,  233,   20,  -19, 
AL, 17, 2010100212, 03, TVCX,  96, 213N,  701W,  70,  258,   ,  42, AAA,  207,  323,   18,  -32, 
AL, 17, 2010100212, 03, TVCX, 120, 233N,  713W,  70,  309,   ,  33, AAA,  265,  361,    0,  -65, 
AL, 17, 2010100306, 03, GPCC,  12,   0N,    0W,  68,   36,   ,   0,    ,    0,    0,    0,    0, 
AL, 17, 2010100306, 03, GPCC,  24,   0N,    0W,  68,   72,   ,   0,    ,    0,    0,    0,    0, 
AL, 17, 2010100306, 03, GPCC,  36,   0N,    0W,  68,  100,   ,   0,    ,    0,    0,    0,    0, 
AL, 17, 2010100306, 03, GPCC,  48,   0N,    0W,  68,  129,   ,   0,    ,    0,    0,    0,    0, 
AL, 17, 2010100306, 03, GPCC,  72,   0N,    0W,  68,  192,   ,   0,    ,    0,    0,    0,    0, 
AL, 17, 2010100306, 03, GPCC,  96,   0N,    0W,  68,  266,   ,   0,    ,    0,    0,    0,    0, 
AL, 17, 2010100306, 03, GPCC, 120,   0N,    0W,  68,  356,   ,   0,    ,    0,    0,    0,    0, 
AL, 17, 2010100406, 03, GPCC,  12,   0N,    0W,  68,   36,   ,   0,    ,    0,    0,    0,    0, 
AL, 17, 2010100406, 03, GPCC,  24,   0N,    0W,  68,   72,   ,   0,    ,    0,    0,    0,    0, 
AL, 17, 2010100406, 03, GPCC,  36,   0N,    0W,  68,  100,   ,   0,    ,    0,    0,    0,    0, 
AL, 17, 2010100406, 03, GPCC,  48,   0N,    0W,  68,  129,   ,   0,    ,    0,    0,    0,    0, 
AL, 17, 2010100406, 03, GPCC,  72,   0N,    0W,  68,  192,   ,   0,    ,    0,    0,    0,    0, 
AL, 17, 2010100406, 03, GPCC,  96,   0N,    0W,  68,  266,   ,   0,    ,    0,    0,    0,    0, 
AL, 17, 2010100406, 03, GPCC, 120,   0N,    0W,  68,  356,   ,   0,    ,    0,    0,    0,    0, 
AL, 17, 2010100412, 03, GPCC,  12,   0N,    0W,  68,   36,   ,   0,    ,    0,    0,    0,    0, 
AL, 17, 2010100412, 03, GPCC,  24,   0N,    0W,  68,   72,   ,   0,    ,    0,    0,    0,    0, 
AL, 17, 2010100412, 03, GPCC,  36,   0N,    0W,  68,  100,   ,   0,    ,    0,    0,    0,    0, 
AL, 17, 2010100412, 03, GPCC,  48,   0N,    0W,  68,  129,   ,   0,    ,    0,    0,    0,    0, 
AL, 17, 2010100412, 03, GPCC,  72,   0N,    0W,  68,  192,   ,   0,    ,    0,    0,    0,    0, 
AL, 17, 2010100412, 03, GPCC,  96,   0N,    0W,  68,  266,   ,   0,    ,    0,    0,    0,    0, 
AL, 17, 2010100412, 03, GPCC, 120,   0N,    0W,  68,  356,   ,   0,    ,    0,    0,    0,    0, 
AL, 17, 2010100418, 03, GPCC,  12, 188N,  668W,  68,   36,   ,   0,    ,    0,    0,    0,    0, 
AL, 17, 2010100418, 03, GPCC,  24, 202N,  678W,  68,   72,   ,   0,    ,    0,    0,    0,    0, 
AL, 17, 2010100418, 03, GPCC,  36, 214N,  687W,  68,  100,   ,   0,    ,    0,    0,    0,    0, 
AL, 17, 2010100418, 03, GPCC,  48, 224N,  695W,  68,  129,   ,   0,    ,    0,    0,    0,    0, 
AL, 17, 2010100418, 03, GPCC,  72, 235N,  692W,  68,  192,   ,   0,    ,    0,    0,    0,    0, 
AL, 17, 2010100418, 03, GPCC,  96, 263N,  659W,  68,  266,   ,   0,    ,    0,    0,    0,    0, 
AL, 17, 2010100418, 03, GPCC, 120, 306N,  574W,  68,  356,   ,   0,    ,    0,    0,    0,    0, 
AL, 17, 2010100418, 03, TVCN,  12, 188N,  668W,  68,   42,   ,   0,    ,    0,    0,    0,    0, 
AL, 17, 2010100418, 03, TVCN,  24, 202N,  678W,  68,   65,   ,   0,    ,    0,    0,    0,    0, 
AL, 17, 2010100418, 03, TVCN,  36, 214N,  687W,  68,   92,   ,   0,    ,    0,    0,    0,    0, 
AL, 17, 2010100418, 03, TVCN,  48, 224N,  695W,  68,  106,   ,   0,    ,    0,    0,    0,    0, 
AL, 17, 2010100418, 03, TVCN,  72, 235N,  692W,  68,  161,   ,   0,    ,    0,    0,    0,    0, 
AL, 17, 2010100418, 03, TVCN,  96, 263N,  659W,  68,  246,   ,   0,    ,    0,    0,    0,    0, 
AL, 17, 2010100418, 03, TVCN, 120, 306N,  574W,  68,  373,   ,   0,    ,    0,    0,    0,    0, 
AL, 17, 2010100418, 03, TVCX,   0, 177N,  658W,  70,    0,   ,  45, AAA,    0,    0,    0,    0, 
AL, 17, 2010100418, 03, TVCX,  12, 188N,  668W,  70,   42,   ,  38, AAA,   39,   47,    2,    0, 
AL, 17, 2010100418, 03, TVCX,  24, 203N,  677W,  70,   70,   ,  36, AAA,   56,   88,    5,   -1, 
AL, 17, 2010100418, 03, TVCX,  36, 215N,  685W,  70,   95,   ,  38, AAA,   71,  129,    8,   -5, 
AL, 17, 2010100418, 03, TVCX,  48, 226N,  692W,  70,  115,   ,  40, AAA,   94,  141,   13,  -10, 
AL, 17, 2010100418, 03, TVCX,  72, 230N,  686W,  70,  167,   , 316, AAA,  149,  189,   20,  -19, 
AL, 17, 2010100418, 03, TVCX,  96, 257N,  653W,  70,  256,   , 307, AAA,  187,  352,   18,  -32, 
AL, 17, 2010100418, 03, TVCX, 120, 296N,  569W,  70,  349,   , 292, AAA,  234,  523,    0,  -65, 
AL, 17, 2010100500, 03, GPCC,  12, 189N,  655W,  68,   36,   ,   0,    ,    0,    0,    0,    0, 
AL, 17, 2010100500, 03, GPCC,  24, 203N,  666W,  68,   72,   ,   0,    ,    0,    0,    0,    0, 
AL, 17, 2010100500, 03, GPCC,  36, 213N,  674W,  68,  100,   ,   0,    ,    0,    0,    0,    0, 
AL, 17, 2010100500, 03, GPCC,  48, 219N,  679W,  68,  129,   ,   0,    ,    0,    0,    0,    0, 
AL, 17, 2010100500, 03, GPCC,  72, 233N,  672W,  68,  192,   ,   0,    ,    0,    0,    0,    0, 
AL, 17, 2010100500, 03, GPCC,  96, 271N,  630W,  68,  266,   ,   0,    ,    0,    0,    0,    0, 
AL, 17, 2010100500, 03, GPCC, 120, 319N,  525W,  68,  356,   ,   0,    ,    0,    0,    0,    0, 
AL, 17, 2010100500, 03, TVCN,  12, 189N,  655W,  68,   40,   ,   0,    ,    0,    0,    0,    0, 
AL, 17, 2010100500, 03, TVCN,  24, 203N,  666W,  68,   70,   ,   0,    ,    0,    0,    0,    0, 
AL, 17, 2010100500, 03, TVCN,  36, 213N,  674W,  68,  104,   ,   0,    ,    0,    0,    0,    0, 
AL, 17, 2010100500, 03, TVCN,  48, 219N,  679W,  68,  125,   ,   0,    ,    0,    0,    0,    0, 
AL, 17, 2010100500, 03, TVCN,  72, 233N,  672W,  68,  189,   ,   0,    ,    0,    0,    0,    0, 
AL, 17, 2010100500, 03, TVCN,  96, 271N,  630W,  68,  306,   ,   0,    ,    0,    0,    0,    0, 
AL, 17, 2010100500, 03, TVCN, 120, 319N,  525W,  68,  490,   ,   0,    ,    0,    0,    0,    0, 
AL, 17, 2010100500, 03, TVCX,   0, 175N,  645W,  70,    0,   ,  36, AAA,    0,    0,    0,    0, 
AL, 17, 2010100500, 03, TVCX,  12, 189N,  655W,  70,   43,   ,  37, AAA,   37,   50,    2,    0, 
AL, 17, 2010100500, 03, TVCX,  24, 203N,  665W,  70,   72,   ,  39, AAA,   62,   86,    5,   -1, 
AL, 17, 2010100500, 03, TVCX,  36, 215N,  672W,  70,  102,   ,  41, AAA,   80,  131,    8,   -5, 
AL, 17, 2010100500, 03, TVCX,  48, 219N,  675W,  70,  103,   ,   8, AAA,  121,   88,   13,  -10, 
AL, 17, 2010100500, 03, TVCX,  72, 229N,  666W,  70,  191,   , 320, AAA,  155,  237,   20,  -19, 
AL, 17, 2010100500, 03, TVCX,  96, 264N,  626W,  70,  300,   , 304, AAA,  172,  526,   18,  -32, 
AL, 17, 2010100500, 03, TVCX, 120, 309N,  521W,  70,  401,   , 290, AAA,  243,  665,    0,  -65, 
AL, 17, 2010100506, 03, GPCC,  12,   0N,    0W,  68,   36,   ,   0,    ,    0,    0,    0,    0, 
AL, 17, 2010100506, 03, GPCC,  24,   0N,    0W,  68,   72,   ,   0,    ,    0,    0,    0,    0, 
AL, 17, 2010100506, 03, GPCC,  36,   0N,    0W,  68,  100,   ,   0,    ,    0,    0,    0,    0, 
AL, 17, 2010100506, 03, GPCC,  48,   0N,    0W,  68,  129,   ,   0,    ,    0,    0,    0,    0, 
AL, 17, 2010100506, 03, GPCC,  72,   0N,    0W,  68,  192,   ,   0,    ,    0,    0,    0,    0, 
AL, 17, 2010100506, 03, GPCC,  96,   0N,    0W,  68,  266,   ,   0,    ,    0,    0,    0,    0, 
AL, 17, 2010100506, 03, GPCC, 120,   0N,    0W,  68,  356,   ,   0,    ,    0,    0,    0,    0, 
AL, 17, 2010100512, 03, GPCC,  12, 205N,  660W,  68,   36,   ,   0,    ,    0,    0,    0,    0, 
AL, 17, 2010100512, 03, GPCC,  24, 217N,  669W,  68,   72,   ,   0,    ,    0,    0,    0,    0, 
AL, 17, 2010100512, 03, GPCC,  36, 226N,  676W,  68,  100,   ,   0,    ,    0,    0,    0,    0, 
AL, 17, 2010100512, 03, GPCC,  48, 233N,  677W,  68,  129,   ,   0,    ,    0,    0,    0,    0, 
AL, 17, 2010100512, 03, GPCC,  72, 253N,  656W,  68,  192,   ,   0,    ,    0,    0,    0,    0, 
AL, 17, 2010100512, 03, GPCC,  96, 294N,  596W,  68,  266,   ,   0,    ,    0,    0,    0,    0, 
AL, 17, 2010100512, 03, GPCC, 120, 352N,  478W,  68,  356,   ,   0,    ,    0,    0,    0,    0, 
AL, 17, 2010100512, 03, TVCN,  12, 205N,  660W,  68,   39,   ,   0,    ,    0,    0,    0,    0, 
AL, 17, 2010100512, 03, TVCN,  24, 217N,  669W,  68,   61,   ,   0,    ,    0,    0,    0,    0, 
AL, 17, 2010100512, 03, TVCN,  36, 226N,  676W,  68,   90,   ,   0,    ,    0,    0,    0,    0, 
AL, 17, 2010100512, 03, TVCN,  48, 233N,  677W,  68,  113,   ,   0,    ,    0,    0,    0,    0, 
AL, 17, 2010100512, 03, TVCN,  72, 253N,  656W,  68,  158,   ,   0,    ,    0,    0,    0,    0, 
AL, 17, 2010100512, 03, TVCN,  96, 294N,  596W,  68,  221,   ,   0,    ,    0,    0,    0,    0, 
AL, 17, 2010100512, 03, TVCN, 120, 352N,  478W,  68,  347,   ,   0,    ,    0,    0,    0,    0, 
AL, 17, 2010100512, 03, TVCX,   0, 190N,  653W,  70,    0,   ,  21, AAA,    0,    0,    0,    0, 
AL, 17, 2010100512, 03, TVCX,  12, 205N,  660W,  70,   40,   ,  32, AAA,   39,   41,    2,    0, 
AL, 17, 2010100512, 03, TVCX,  24, 217N,  669W,  70,   63,   ,  38, AAA,   63,   65,    5,   -1, 
AL, 17, 2010100512, 03, TVCX,  36, 226N,  673W,  70,   83,   ,  13, AAA,   80,   87,    8,   -5, 
AL, 17, 2010100512, 03, TVCX,  48, 233N,  673W,  70,  114,   , 346, AAA,   97,  135,   13,  -10, 
AL, 17, 2010100512, 03, TVCX,  72, 248N,  652W,  70,  172,   , 308, AAA,  144,  207,   20,  -19, 
AL, 17, 2010100512, 03, TVCX,  96, 287N,  591W,  70,  228,   , 301, AAA,  190,  276,   18,  -32, 
AL, 17, 2010100512, 03, TVCX, 120, 342N,  473W,  70,  312,   , 293, AAA,  247,  395,    0,  -65, 
AL, 17, 2010100518, 03, GPCC,  12, 222N,  667W,  68,   36,   ,   0,    ,    0,    0,    0,    0, 
AL, 17, 2010100518, 03, GPCC,  24, 234N,  678W,  68,   72,   ,   0,    ,    0,    0,    0,    0, 
AL, 17, 2010100518, 03, GPCC,  36, 241N,  681W,  68,  100,   ,   0,    ,    0,    0,    0,    0, 
AL, 17, 2010100518, 03, GPCC,  48, 248N,  678W,  68,  129,   ,   0,    ,    0,    0,    0,    0, 
AL, 17, 2010100518, 03, GPCC,  72, 271N,  650W,  68,  192,   ,   0,    ,    0,    0,    0,    0, 
AL, 17, 2010100518, 03, GPCC,  96, 315N,  571W,  68,  266,   ,   0,    ,    0,    0,    0,    0, 
AL, 17, 2010100518, 03, GPCC, 120, 377N,  431W,  68,  356,   ,   0,    ,    0,    0,    0,    0, 
AL, 17, 2010100518, 03, TVCN,  12, 222N,  667W,  68,   47,   ,   0,    ,    0,    0,    0,    0, 
AL, 17, 2010100518, 03, TVCN,  24, 234N,  678W,  68,   73,   ,   0,    ,    0,    0,    0,    0, 
AL, 17, 2010100518, 03, TVCN,  36, 241N,  681W,  68,   96,   ,   0,    ,    0,    0,    0,    0, 
AL, 17, 2010100518, 03, TVCN,  48, 248N,  678W,  68,  113,   ,   0,    ,    0,    0,    0,    0, 
AL, 17, 2010100518, 03, TVCN,  72, 271N,  650W,  68,  157,   ,   0,    ,    0,    0,    0,    0, 
AL, 17, 2010100518, 03, TVCN,  96, 315N,  571W,  68,  219,   ,   0,    ,    0,    0,    0,    0, 
AL, 17, 2010100518, 03, TVCN, 120, 377N,  431W,  68,  371,   ,   0,    ,    0,    0,    0,    0, 
AL, 17, 2010100518, 03, TVCX,   0, 206N,  657W,  70,    0,   ,  31, AAA,    0,    0,    0,    0, 
AL, 17, 2010100518, 03, TVCX,  12, 222N,  667W,  70,   46,   ,  37, AAA,   40,   54,    2,    0, 
AL, 17, 2010100518, 03, TVCX,  24, 235N,  677W,  70,   74,   ,  30, AAA,   63,   87,    5,   -1, 
AL, 17, 2010100518, 03, TVCX,  36, 243N,  681W,  70,   90,   ,  74, AAA,   78,  105,    8,   -5, 
AL, 17, 2010100518, 03, TVCX,  48, 245N,  676W,  70,  118,   , 323, AAA,   99,  141,   13,  -10, 
AL, 17, 2010100518, 03, TVCX,  72, 266N,  646W,  70,  171,   , 306, AAA,  140,  209,   20,  -19, 
AL, 17, 2010100518, 03, TVCX,  96, 307N,  567W,  70,  222,   , 295, AAA,  187,  265,   18,  -32, 
AL, 17, 2010100518, 03, TVCX, 120, 367N,  425W,  70,  318,   , 295, AAA,  231,  439,    0,  -65, 
AL, 17, 2010100600, 03, GPCC,  12, 231N,  674W,  68,   36,   ,   0,    ,    0,    0,    0,    0, 
AL, 17, 2010100600, 03, GPCC,  24, 240N,  683W,  68,   72,   ,   0,    ,    0,    0,    0,    0, 
AL, 17, 2010100600, 03, GPCC,  36, 245N,  685W,  68,  100,   ,   0,    ,    0,    0,    0,    0, 
AL, 17, 2010100600, 03, GPCC,  48, 249N,  677W,  68,  129,   ,   0,    ,    0,    0,    0,    0, 
AL, 17, 2010100600, 03, GPCC,  72, 273N,  636W,  68,  192,   ,   0,    ,    0,    0,    0,    0, 
AL, 17, 2010100600, 03, GPCC,  96, 308N,  556W,  68,  266,   ,   0,    ,    0,    0,    0,    0, 
AL, 17, 2010100600, 03, GPCC, 120, 352N,  431W,  68,  356,   ,   0,    ,    0,    0,    0,    0, 
AL, 17, 2010100600, 03, TVCN,  12, 231N,  674W,  68,   50,   ,   0,    ,    0,    0,    0,    0, 
AL, 17, 2010100600, 03, TVCN,  24, 240N,  683W,  68,   76,   ,   0,    ,    0,    0,    0,    0, 
AL, 17, 2010100600, 03, TVCN,  36, 245N,  685W,  68,  100,   ,   0,    ,    0,    0,    0,    0, 
AL, 17, 2010100600, 03, TVCN,  48, 249N,  677W,  68,  114,   ,   0,    ,    0,    0,    0,    0, 
AL, 17, 2010100600, 03, TVCN,  72, 273N,  636W,  68,  161,   ,   0,    ,    0,    0,    0,    0, 
AL, 17, 2010100600, 03, TVCN,  96, 308N,  556W,  68,  237,   ,   0,    ,    0,    0,    0,    0, 
AL, 17, 2010100600, 03, TVCN, 120, 352N,  431W,  68,  356,   ,   0,    ,    0,    0,    0,    0, 
AL, 17, 2010100600, 03, TVCX,   0, 215N,  661W,  70,    0,   ,  39, AAA,    0,    0,    0,    0, 
AL, 17, 2010100600, 03, TVCX,  12, 231N,  674W,  70,   47,   ,  43, AAA,   42,   54,    2,    0, 
AL, 17, 2010100600, 03, TVCX,  24, 240N,  682W,  70,   72,   ,  26, AAA,   70,   74,    5,   -1, 
AL, 17, 2010100600, 03, TVCX,  36, 244N,  682W,  70,   96,   , 324, AAA,   81,  115,    8,   -5, 
AL, 17, 2010100600, 03, TVCX,  48, 246N,  675W,  70,  119,   , 300, AAA,   94,  152,   13,  -10, 
AL, 17, 2010100600, 03, TVCX,  72, 267N,  632W,  70,  169,   , 298, AAA,  142,  201,   20,  -19, 
AL, 17, 2010100600, 03, TVCX,  96, 300N,  553W,  70,  233,   , 291, AAA,  174,  315,   18,  -32, 
AL, 17, 2010100600, 03, TVCX, 120, 342N,  427W,  70,  302,   , 288, AAA,  247,  371,    0,  -65, 
AL, 17, 2010100606, 03, GPCC,  12, 230N,  678W,  68,   36,   ,   0,    ,    0,    0,    0,    0, 
AL, 17, 2010100606, 03, GPCC,  24, 235N,  681W,  68,   72,   ,   0,    ,    0,    0,    0,    0, 
AL, 17, 2010100606, 03, GPCC,  36, 240N,  677W,  68,  100,   ,   0,    ,    0,    0,    0,    0, 
AL, 17, 2010100606, 03, GPCC,  48, 248N,  663W,  68,  129,   ,   0,    ,    0,    0,    0,    0, 
AL, 17, 2010100606, 03, GPCC,  72, 280N,  609W,  68,  192,   ,   0,    ,    0,    0,    0,    0, 
AL, 17, 2010100606, 03, GPCC,  96, 317N,  512W,  68,  266,   ,   0,    ,    0,    0,    0,    0, 
AL, 17, 2010100606, 03, GPCC, 120, 363N,  389W,  68,  356,   ,   0,    ,    0,    0,    0,    0, 
AL, 17, 2010100606, 03, TVCN,  12, 230N,  678W,  68,   46,   ,   0,    ,    0,    0,    0,    0, 
AL, 17, 2010100606, 03, TVCN,  24, 235N,  681W,  68,   72,   ,   0,    ,    0,    0,    0,    0, 
AL, 17, 2010100606, 03, TVCN,  36, 240N,  677W,  68,   92,   ,   0,    ,    0,    0,    0,    0, 
AL, 17, 2010100606, 03, TVCN,  48, 248N,  663W,  68,  103,   ,   0,    ,    0,    0,    0,    0, 
AL, 17, 2010100606, 03, TVCN,  72, 280N,  609W,  68,  153,   ,   0,    ,    0,    0,    0,    0, 
AL, 17, 2010100606, 03, TVCN,  96, 317N,  512W,  68,  242,   ,   0,    ,    0,    0,    0,    0, 
AL, 17, 2010100606, 03, TVCN, 120, 363N,  389W,  68,  394,   ,   0,    ,    0,    0,    0,    0, 
AL, 17, 2010100606, 03, TVCX,   0, 219N,  667W,  70,    0,   ,  48, AAA,    0,    0,    0,    0, 
AL, 17, 2010100606, 03, TVCX,  12, 230N,  678W,  70,   45,   ,  45, AAA,   40,   51,    2,    0, 
AL, 17, 2010100606, 03, TVCX,  24, 234N,  681W,  70,   69,   , 278, AAA,   68,   71,    5,   -1, 
AL, 17, 2010100606, 03, TVCX,  36, 238N,  675W,  70,   88,   , 319, AAA,   81,   96,    8,   -5, 
AL, 17, 2010100606, 03, TVCX,  48, 245N,  661W,  70,  108,   , 300, AAA,   94,  125,   13,  -10, 
AL, 17, 2010100606, 03, TVCX,  72, 274N,  605W,  70,  159,   , 297, AAA,  139,  183,   20,  -19, 
AL, 17, 2010100606, 03, TVCX,  96, 309N,  509W,  70,  231,   , 289, AAA,  179,  299,   18,  -32, 
AL, 17, 2010100606, 03, TVCX, 120, 353N,  384W,  70,  315,   , 292, AAA,  255,  391,    0,  -65, 
AL, 17, 2010100612, 03, GPCC,  12, 237N,  684W,  68,   36,   ,   0,    ,    0,    0,    0,    0, 
AL, 17, 2010100612, 03, GPCC,  24, 244N,  686W,  68,   72,   ,   0,    ,    0,    0,    0,    0, 
AL, 17, 2010100612, 03, GPCC,  36, 251N,  677W,  68,  100,   ,   0,    ,    0,    0,    0,    0, 
AL, 17, 2010100612, 03, GPCC,  48, 263N,  659W,  68,  129,   ,   0,    ,    0,    0,    0,    0, 
AL, 17, 2010100612, 03, GPCC,  72, 295N,  594W,  68,  192,   ,   0,    ,    0,    0,    0,    0, 
AL, 17, 2010100612, 03, GPCC,  96, 334N,  479W,  68,  266,   ,   0,    ,    0,    0,    0,    0, 
AL, 17, 2010100612, 03, GPCC, 120, 366N,  379W,  68,  356,   ,   0,    ,    0,    0,    0,    0, 
AL, 17, 2010100612, 03, TVCN,  12, 237N,  684W,  68,   44,   ,   0,    ,    0,    0,    0,    0, 
AL, 17, 2010100612, 03, TVCN,  24, 244N,  686W,  68,   71,   ,   0,    ,    0,    0,    0,    0, 
AL, 17, 2010100612, 03, TVCN,  36, 251N,  677W,  68,   91,   ,   0,    ,    0,    0,    0,    0, 
AL, 17, 2010100612, 03, TVCN,  48, 263N,  659W,  68,  100,   ,   0,    ,    0,    0,    0,    0, 
AL, 17, 2010100612, 03, TVCN,  72, 295N,  594W,  68,  147,   ,   0,    ,    0,    0,    0,    0, 
AL, 17, 2010100612, 03, TVCN,  96, 334N,  479W,  68,  229,   ,   0,    ,    0,    0,    0,    0, 
AL, 17, 2010100612, 03, TVCN, 120, 366N,  379W,  68,  392,   ,   0,    ,    0,    0,    0,    0, 
AL, 17, 2010100612, 03, TVCX,   0, 227N,  677W,  70,    0,   ,  42, AAA,    0,    0,    0,    0, 
AL, 17, 2010100612, 03, TVCX,  12, 237N,  684W,  70,   43,   ,  18, AAA,   40,   49,    2,    0, 
AL, 17, 2010100612, 03, TVCX,  24, 244N,  685W,  70,   67,   , 336, AAA,   69,   67,    5,   -1, 
AL, 17, 2010100612, 03, TVCX,  36, 249N,  675W,  70,   87,   , 307, AAA,   77,   98,    8,   -5, 
AL, 17, 2010100612, 03, TVCX,  48, 260N,  656W,  70,  108,   , 301, AAA,   91,  128,   13,  -10, 
AL, 17, 2010100612, 03, TVCX,  72, 289N,  591W,  70,  151,   , 291, AAA,  139,  165,   20,  -19, 
AL, 17, 2010100612, 03, TVCX,  96, 326N,  476W,  70,  209,   , 289, AAA,  187,  236,   18,  -32, 
AL, 17, 2010100612, 03, TVCX, 120, 355N,  378W,  70,  301,   , 276, AAA,  317,  288,    0,  -65, 
AL, 17, 2010100618, 03, GPCC,  12, 236N,  687W,  68,   36,   ,   0,    ,    0,    0,    0,    0, 
AL, 17, 2010100618, 03, GPCC,  24, 241N,  683W,  68,   72,   ,   0,    ,    0,    0,    0,    0, 
AL, 17, 2010100618, 03, GPCC,  36, 250N,  668W,  68,  100,   ,   0,    ,    0,    0,    0,    0, 
AL, 17, 2010100618, 03, GPCC,  48, 264N,  644W,  68,  129,   ,   0,    ,    0,    0,    0,    0, 
AL, 17, 2010100618, 03, GPCC,  72, 303N,  565W,  68,  192,   ,   0,    ,    0,    0,    0,    0, 
AL, 17, 2010100618, 03, GPCC,  96, 345N,  444W,  68,  266,   ,   0,    ,    0,    0,    0,    0, 
AL, 17, 2010100618, 03, GPCC, 120, 379N,  334W,  68,  356,   ,   0,    ,    0,    0,    0,    0, 
AL, 17, 2010100618, 03, TCON,  12, 236N,  686W,  68,   37,   ,   0,    ,    0,    0,    0,    0, 
AL, 17, 2010100618, 03, TCON,  24, 241N,  681W,  68,   58,   ,   0,    ,    0,    0,    0,    0, 
AL, 17, 2010100618, 03, TCON,  36, 250N,  666W,  68,   84,   ,   0,    ,    0,    0,    0,    0, 
AL, 17, 2010100618, 03, TCON,  48, 267N,  641W,  68,  119,   ,   0,    ,    0,    0,    0,    0, 
AL, 17, 2010100618, 03, TCON,  72, 310N,  557W,  68,  221,   ,   0,    ,    0,    0,    0,    0, 
AL, 17, 2010100618, 03, TCON,  96, 356N,  428W,  68,  331,   ,   0,    ,    0,    0,    0,    0, 
AL, 17, 2010100618, 03, TCOX,   0, 230N,  683W,  70,    0,   ,  54, AAA,    0,    0,    0,    0, 
AL, 17, 2010100618, 03, TCOX,  12, 235N,  686W,  70,   39,   , 293, AAA,   37,   43,    2,    0, 
AL, 17, 2010100618, 03, TCOX,  24, 241N,  681W,  70,   63,   , 315, AAA,   60,   67,    5,   -1, 
AL, 17, 2010100618, 03, TCOX,  36, 248N,  665W,  70,   90,   , 301, AAA,   68,  120,    8,   -5, 
AL, 17, 2010100618, 03, TCOX,  48, 264N,  639W,  70,  118,   , 303, AAA,   83,  168,   13,  -10, 
AL, 17, 2010100618, 03, TCOX,  72, 304N,  555W,  70,  170,   , 292, AAA,  137,  211,   20,  -19, 
AL, 17, 2010100618, 03, TCOX,  96, 364N,  428W,  70,  194,   ,  92, AAA,  217,  174,   18,  -32, 
AL, 17, 2010100618, 03, TVCN,  12, 236N,  687W,  68,   38,   ,   0,    ,    0,    0,    0,    0, 
AL, 17, 2010100618, 03, TVCN,  24, 241N,  683W,  68,   62,   ,   0,    ,    0,    0,    0,    0, 
AL, 17, 2010100618, 03, TVCN,  36, 250N,  668W,  68,   90,   ,   0,    ,    0,    0,    0,    0, 
AL, 17, 2010100618, 03, TVCN,  48, 264N,  644W,  68,  121,   ,   0,    ,    0,    0,    0,    0, 
AL, 17, 2010100618, 03, TVCN,  72, 303N,  565W,  68,  204,   ,   0,    ,    0,    0,    0,    0, 
AL, 17, 2010100618, 03, TVCN,  96, 345N,  444W,  68,  313,   ,   0,    ,    0,    0,    0,    0, 
AL, 17, 2010100618, 03, TVCN, 120, 379N,  334W,  68,  522,   ,   0,    ,    0,    0,    0,    0, 
AL, 17, 2010100618, 03, TVCX,   0, 230N,  683W,  70,    0,   ,  62, AAA,    0,    0,    0,    0, 
AL, 17, 2010100618, 03, TVCX,  12, 236N,  686W,  70,   40,   , 276, AAA,   36,   46,    2,    0, 
AL, 17, 2010100618, 03, TVCX,  24, 241N,  682W,  70,   62,   , 325, AAA,   64,   61,    5,   -1, 
AL, 17, 2010100618, 03, TVCX,  36, 247N,  667W,  70,   94,   , 300, AAA,   70,  127,    8,   -5, 
AL, 17, 2010100618, 03, TVCX,  48, 262N,  642W,  70,  126,   , 301, AAA,   84,  191,   13,  -10, 
AL, 17, 2010100618, 03, TVCX,  72, 297N,  562W,  70,  190,   , 292, AAA,  140,  259,   20,  -19, 
AL, 17, 2010100618, 03, TVCX,  96, 337N,  441W,  70,  256,   , 289, AAA,  204,  321,   18,  -32, 
AL, 17, 2010100618, 03, TVCX, 120, 368N,  332W,  70,  347,   , 279, AAA,  397,  304,    0,  -65, 
AL, 17, 2010100700, 03, GPCC,  12, 238N,  680W,  68,   36,   ,   0,    ,    0,    0,    0,    0, 
AL, 17, 2010100700, 03, GPCC,  24, 246N,  669W,  68,   72,   ,   0,    ,    0,    0,    0,    0, 
AL, 17, 2010100700, 03, GPCC,  36, 260N,  648W,  68,  100,   ,   0,    ,    0,    0,    0,    0, 
AL, 17, 2010100700, 03, GPCC,  48, 280N,  617W,  68,  129,   ,   0,    ,    0,    0,    0,    0, 
AL, 17, 2010100700, 03, GPCC,  72, 323N,  517W,  68,  192,   ,   0,    ,    0,    0,    0,    0, 
AL, 17, 2010100700, 03, GPCC,  96, 388N,  366W,  68,  266,   ,   0,    ,    0,    0,    0,    0, 
AL, 17, 2010100700, 03, GPCC, 120, 443N,  272W,  68,  356,   ,   0,    ,    0,    0,    0,    0, 
AL, 17, 2010100700, 03, TCON,  12, 238N,  679W,  68,   38,   ,   0,    ,    0,    0,    0,    0, 
AL, 17, 2010100700, 03, TCON,  24, 246N,  669W,  68,   67,   ,   0,    ,    0,    0,    0,    0, 
AL, 17, 2010100700, 03, TCON,  36, 260N,  649W,  68,  100,   ,   0,    ,    0,    0,    0,    0, 
AL, 17, 2010100700, 03, TCON,  48, 281N,  619W,  68,  141,   ,   0,    ,    0,    0,    0,    0, 
AL, 17, 2010100700, 03, TCON,  72, 325N,  521W,  68,  270,   ,   0,    ,    0,    0,    0,    0, 
AL, 17, 2010100700, 03, TCOX,   0, 233N,  682W,  70,    0,   , 356, AAA,    0,    0,    0,    0, 
AL, 17, 2010100700, 03, TCOX,  12, 238N,  679W,  70,   39,   , 325, AAA,   38,   40,    2,    0, 
AL, 17, 2010100700, 03, TCOX,  24, 246N,  669W,  70,   72,   , 307, AAA,   56,   93,    5,   -1, 
AL, 17, 2010100700, 03, TCOX,  36, 258N,  647W,  70,  101,   , 305, AAA,   70,  148,    8,   -5, 
AL, 17, 2010100700, 03, TCOX,  48, 278N,  617W,  70,  129,   , 302, AAA,   87,  195,   13,  -10, 
AL, 17, 2010100700, 03, TCOX,  72, 319N,  517W,  70,  193,   , 294, AAA,  141,  266,   20,  -19, 
AL, 17, 2010100700, 03, TVCN,  12, 238N,  680W,  68,   36,   ,   0,    ,    0,    0,    0,    0, 
AL, 17, 2010100700, 03, TVCN,  24, 246N,  669W,  68,   63,   ,   0,    ,    0,    0,    0,    0, 
AL, 17, 2010100700, 03, TVCN,  36, 260N,  648W,  68,   92,   ,   0,    ,    0,    0,    0,    0, 
AL, 17, 2010100700, 03, TVCN,  48, 280N,  617W,  68,  119,   ,   0,    ,    0,    0,    0,    0, 
AL, 17, 2010100700, 03, TVCN,  72, 323N,  517W,  68,  198,   ,   0,    ,    0,    0,    0,    0, 
AL, 17, 2010100700, 03, TVCN,  96, 388N,  366W,  68,  310,   ,   0,    ,    0,    0,    0,    0, 
AL, 17, 2010100700, 03, TVCN, 120, 443N,  272W,  68,  447,   ,   0,    ,    0,    0,    0,    0, 
AL, 17, 2010100700, 03, TVCX,   0, 233N,  682W,  70,    0,   , 357, AAA,    0,    0,    0,    0, 
AL, 17, 2010100700, 03, TVCX,  12, 238N,  680W,  70,   38,   , 328, AAA,   37,   39,    2,    0, 
AL, 17, 2010100700, 03, TVCX,  24, 245N,  668W,  70,   68,   , 305, AAA,   56,   83,    5,   -1, 
AL, 17, 2010100700, 03, TVCX,  36, 258N,  647W,  70,   95,   , 304, AAA,   69,  132,    8,   -5, 
AL, 17, 2010100700, 03, TVCX,  48, 277N,  615W,  70,  121,   , 300, AAA,   87,  170,   13,  -10, 
AL, 17, 2010100700, 03, TVCX,  72, 317N,  514W,  70,  176,   , 291, AAA,  142,  220,   20,  -19, 
AL, 17, 2010100700, 03, TVCX,  96, 380N,  361W,  70,  243,   , 296, AAA,  202,  293,   18,  -32, 
AL, 17, 2010100700, 03, TVCX, 120, 434N,  264W,  70,  282,   , 306, AAA,  373,  215,    0,  -65, 
AL, 17, 2010100706, 03, GPCC,  12, 241N,  675W,  68,   36,   ,   0,    ,    0,    0,    0,    0, 
AL, 17, 2010100706, 03, GPCC,  24, 253N,  659W,  68,   72,   ,   0,    ,    0,    0,    0,    0, 
AL, 17, 2010100706, 03, GPCC,  36, 270N,  632W,  68,  100,   ,   0,    ,    0,    0,    0,    0, 
AL, 17, 2010100706, 03, GPCC,  48, 292N,  596W,  68,  129,   ,   0,    ,    0,    0,    0,    0, 
AL, 17, 2010100706, 03, GPCC,  72, 345N,  481W,  68,  192,   ,   0,    ,    0,    0,    0,    0, 
AL, 17, 2010100706, 03, GPCC,  96, 435N,  333W,  68,  266,   ,   0,    ,    0,    0,    0,    0, 
AL, 17, 2010100706, 03, GPCC, 120, 369N,  268W,  68,  356,   ,   0,    ,    0,    0,    0,    0, 
AL, 17, 2010100706, 03, TCON,  12, 242N,  675W,  68,   40,   ,   0,    ,    0,    0,    0,    0, 
AL, 17, 2010100706, 03, TCON,  24, 254N,  658W,  68,   70,   ,   0,    ,    0,    0,    0,    0, 
AL, 17, 2010100706, 03, TCON,  36, 272N,  633W,  68,  102,   ,   0,    ,    0,    0,    0,    0, 
AL, 17, 2010100706, 03, TCON,  48, 296N,  597W,  68,  153,   ,   0,    ,    0,    0,    0,    0, 
AL, 17, 2010100706, 03, TCON,  72, 350N,  479W,  68,  306,   ,   0,    ,    0,    0,    0,    0, 
AL, 17, 2010100706, 03, TCOX,   0, 235N,  682W,  70,    0,   , 324, AAA,    0,    0,    0,    0, 
AL, 17, 2010100706, 03, TCOX,  12, 242N,  674W,  70,   40,   , 310, AAA,   37,   44,    2,    0, 
AL, 17, 2010100706, 03, TCOX,  24, 253N,  658W,  70,   73,   , 306, AAA,   58,   93,    5,   -1, 
AL, 17, 2010100706, 03, TCOX,  36, 270N,  631W,  70,  103,   , 305, AAA,   73,  147,    8,   -5, 
AL, 17, 2010100706, 03, TCOX,  48, 293N,  594W,  70,  134,   , 300, AAA,   89,  203,   13,  -10, 
AL, 17, 2010100706, 03, TCOX,  72, 344N,  475W,  70,  204,   , 299, AAA,  143,  293,   20,  -19, 
AL, 17, 2010100706, 03, TVCN,  12, 241N,  675W,  68,   40,   ,   0,    ,    0,    0,    0,    0, 
AL, 17, 2010100706, 03, TVCN,  24, 253N,  659W,  68,   69,   ,   0,    ,    0,    0,    0,    0, 
AL, 17, 2010100706, 03, TVCN,  36, 270N,  632W,  68,   96,   ,   0,    ,    0,    0,    0,    0, 
AL, 17, 2010100706, 03, TVCN,  48, 292N,  596W,  68,  126,   ,   0,    ,    0,    0,    0,    0, 
AL, 17, 2010100706, 03, TVCN,  72, 345N,  481W,  68,  217,   ,   0,    ,    0,    0,    0,    0, 
AL, 17, 2010100706, 03, TVCN,  96, 435N,  333W,  68,  381,   ,   0,    ,    0,    0,    0,    0, 
AL, 17, 2010100706, 03, TVCN, 120, 369N,  268W,  68,  177,   ,   0,    ,    0,    0,    0,    0, 
AL, 17, 2010100706, 03, TVCX,   0, 235N,  682W,  70,    0,   , 326, AAA,    0,    0,    0,    0, 
AL, 17, 2010100706, 03, TVCX,  12, 241N,  675W,  70,   40,   , 309, AAA,   37,   44,    2,    0, 
AL, 17, 2010100706, 03, TVCX,  24, 252N,  658W,  70,   70,   , 304, AAA,   59,   85,    5,   -1, 
AL, 17, 2010100706, 03, TVCX,  36, 268N,  632W,  70,   97,   , 303, AAA,   73,  130,    8,   -5, 
AL, 17, 2010100706, 03, TVCX,  48, 290N,  594W,  70,  123,   , 299, AAA,   90,  170,   13,  -10, 
AL, 17, 2010100706, 03, TVCX,  72, 339N,  477W,  70,  183,   , 294, AAA,  149,  226,   20,  -19, 
AL, 17, 2010100706, 03, TVCX,  96, 429N,  326W,  70,  276,   , 314, AAA,  242,  316,   18,  -32, 
AL, 17, 2010100706, 03, TVCX, 120, 359N,  272W,  70,  106,   , 253, AAA,  207,   55,    0,  -65, 
AL, 17, 2010100712, 03, GPCC,  12, 245N,  671W,  68,   36,   ,   0,    ,    0,    0,    0,    0, 
AL, 17, 2010100712, 03, GPCC,  24, 259N,  650W,  68,   72,   ,   0,    ,    0,    0,    0,    0, 
AL, 17, 2010100712, 03, GPCC,  36, 280N,  619W,  68,  100,   ,   0,    ,    0,    0,    0,    0, 
AL, 17, 2010100712, 03, GPCC,  48, 303N,  575W,  68,  129,   ,   0,    ,    0,    0,    0,    0, 
AL, 17, 2010100712, 03, GPCC,  72, 357N,  447W,  68,  192,   ,   0,    ,    0,    0,    0,    0, 
AL, 17, 2010100712, 03, GPCC,  96, 432N,  303W,  68,  266,   ,   0,    ,    0,    0,    0,    0, 
AL, 17, 2010100712, 03, GPCC, 120, 422N,  264W,  68,  356,   ,   0,    ,    0,    0,    0,    0, 
AL, 17, 2010100712, 03, TCON,  12, 245N,  671W,  68,   42,   ,   0,    ,    0,    0,    0,    0, 
AL, 17, 2010100712, 03, TCON,  24, 260N,  650W,  68,   67,   ,   0,    ,    0,    0,    0,    0, 
AL, 17, 2010100712, 03, TCON,  36, 282N,  619W,  68,  100,   ,   0,    ,    0,    0,    0,    0, 
AL, 17, 2010100712, 03, TCON,  48, 307N,  574W,  68,  149,   ,   0,    ,    0,    0,    0,    0, 
AL, 17, 2010100712, 03, TCON,  72, 361N,  444W,  68,  285,   ,   0,    ,    0,    0,    0,    0, 
AL, 17, 2010100712, 03, TCOX,   0, 236N,  683W,  70,    0,   , 310, AAA,    0,    0,    0,    0, 
AL, 17, 2010100712, 03, TCOX,  12, 245N,  671W,  70,   42,   , 307, AAA,   35,   51,    2,    0, 
AL, 17, 2010100712, 03, TCOX,  24, 259N,  650W,  70,   73,   , 305, AAA,   56,   97,    5,   -1, 
AL, 17, 2010100712, 03, TCOX,  36, 280N,  618W,  70,  102,   , 302, AAA,   70,  148,    8,   -5, 
AL, 17, 2010100712, 03, TCOX,  48, 303N,  572W,  70,  130,   , 295, AAA,   85,  201,   13,  -10, 
AL, 17, 2010100712, 03, TCOX,  72, 367N,  444W,  70,  164,   ,  92, AAA,  165,  164,   20,  -19, 
AL, 17, 2010100712, 03, TVCN,  12, 245N,  671W,  68,   39,   ,   0,    ,    0,    0,    0,    0, 
AL, 17, 2010100712, 03, TVCN,  24, 259N,  650W,  68,   66,   ,   0,    ,    0,    0,    0,    0, 
AL, 17, 2010100712, 03, TVCN,  36, 280N,  619W,  68,   96,   ,   0,    ,    0,    0,    0,    0, 
AL, 17, 2010100712, 03, TVCN,  48, 303N,  575W,  68,  125,   ,   0,    ,    0,    0,    0,    0, 
AL, 17, 2010100712, 03, TVCN,  72, 357N,  447W,  68,  193,   ,   0,    ,    0,    0,    0,    0, 
AL, 17, 2010100712, 03, TVCN,  96, 432N,  303W,  68,  334,   ,   0,    ,    0,    0,    0,    0, 
AL, 17, 2010100712, 03, TVCN, 120, 422N,  264W,  68,  601,   ,   0,    ,    0,    0,    0,    0, 
AL, 17, 2010100712, 03, TVCX,   0, 236N,  683W,  70,    0,   , 309, AAA,    0,    0,    0,    0, 
AL, 17, 2010100712, 03, TVCX,  12, 244N,  671W,  70,   40,   , 305, AAA,   35,   47,    2,    0, 
AL, 17, 2010100712, 03, TVCX,  24, 258N,  649W,  70,   69,   , 304, AAA,   57,   84,    5,   -1, 
AL, 17, 2010100712, 03, TVCX,  36, 277N,  618W,  70,   95,   , 301, AAA,   73,  126,    8,   -5, 
AL, 17, 2010100712, 03, TVCX,  48, 299N,  573W,  70,  124,   , 296, AAA,   90,  173,   13,  -10, 
AL, 17, 2010100712, 03, TVCX,  72, 351N,  443W,  70,  163,   , 294, AAA,  140,  190,   20,  -19, 
AL, 17, 2010100712, 03, TVCX,  96, 425N,  297W,  70,  229,   , 299, AAA,  267,  196,   18,  -32, 
AL, 17, 2010100712, 03, TVCX, 120, 411N,  264W,  70,  199,   , 270, AAA,  692,   58,    0,  -65, 
AL, 17, 2010100718, 03, GPCC,  12, 247N,  664W,  68,   36,   ,   0,    ,    0,    0,    0,    0, 
AL, 17, 2010100718, 03, GPCC,  24, 263N,  641W,  68,   72,   ,   0,    ,    0,    0,    0,    0, 
AL, 17, 2010100718, 03, GPCC,  36, 285N,  601W,  68,  100,   ,   0,    ,    0,    0,    0,    0, 
AL, 17, 2010100718, 03, GPCC,  48, 309N,  556W,  68,  129,   ,   0,    ,    0,    0,    0,    0, 
AL, 17, 2010100718, 03, GPCC,  72, 361N,  423W,  68,  192,   ,   0,    ,    0,    0,    0,    0, 
AL, 17, 2010100718, 03, GPCC,  96, 404N,  282W,  68,  266,   ,   0,    ,    0,    0,    0,    0, 
AL, 17, 2010100718, 03, GPCC, 120, 374N,  231W,  68,  356,   ,   0,    ,    0,    0,    0,    0, 
AL, 17, 2010100718, 03, TCON,  12, 247N,  664W,  68,   39,   ,   0,    ,    0,    0,    0,    0, 
AL, 17, 2010100718, 03, TCON,  24, 264N,  640W,  68,   65,   ,   0,    ,    0,    0,    0,    0, 
AL, 17, 2010100718, 03, TCON,  36, 287N,  598W,  68,   97,   ,   0,    ,    0,    0,    0,    0, 
AL, 17, 2010100718, 03, TCOX,   0, 238N,  679W,  70,    0,   , 297, AAA,    0,    0,    0,    0, 
AL, 17, 2010100718, 03, TCOX,  12, 247N,  664W,  70,   42,   , 303, AAA,   34,   52,    2,    0, 
AL, 17, 2010100718, 03, TCOX,  24, 263N,  639W,  70,   71,   , 307, AAA,   56,   91,    5,   -1, 
AL, 17, 2010100718, 03, TCOX,  36, 289N,  599W,  70,   93,   ,  91, AAA,   79,  111,    8,   -5, 
AL, 17, 2010100718, 03, TVCN,  12, 247N,  664W,  68,   38,   ,   0,    ,    0,    0,    0,    0, 
AL, 17, 2010100718, 03, TVCN,  24, 263N,  641W,  68,   66,   ,   0,    ,    0,    0,    0,    0, 
AL, 17, 2010100718, 03, TVCN,  36, 285N,  601W,  68,  103,   ,   0,    ,    0,    0,    0,    0, 
AL, 17, 2010100718, 03, TVCN,  48, 309N,  556W,  68,  139,   ,   0,    ,    0,    0,    0,    0, 
AL, 17, 2010100718, 03, TVCN,  72, 361N,  423W,  68,  202,   ,   0,    ,    0,    0,    0,    0, 
AL, 17, 2010100718, 03, TVCN,  96, 404N,  282W,  68,  174,   ,   0,    ,    0,    0,    0,    0, 
AL, 17, 2010100718, 03, TVCN, 120, 374N,  231W,  68,  289,   ,   0,    ,    0,    0,    0,    0, 
AL, 17, 2010100718, 03, TVCX,   0, 238N,  679W,  70,    0,   , 299, AAA,    0,    0,    0,    0, 
AL, 17, 2010100718, 03, TVCX,  12, 247N,  664W,  70,   41,   , 303, AAA,   35,   49,    2,    0, 
AL, 17, 2010100718, 03, TVCX,  24, 263N,  640W,  70,   70,   , 302, AAA,   55,   90,    5,   -1, 
AL, 17, 2010100718, 03, TVCX,  36, 283N,  601W,  70,  100,   , 298, AAA,   78,  129,    8,   -5, 
AL, 17, 2010100718, 03, TVCX,  48, 305N,  554W,  70,  133,   , 295, AAA,   93,  191,   13,  -10, 
AL, 17, 2010100718, 03, TVCX,  72, 355N,  421W,  70,  167,   , 290, AAA,  139,  203,   20,  -19, 
AL, 17, 2010100718, 03, TVCX,  96, 399N,  273W,  70,  128,   , 332, AAA,  163,  101,   18,  -32, 
AL, 17, 2010100718, 03, TVCX, 120, 364N,  236W,  70,  104,   , 249, AAA,  342,   32,    0,  -65, 
AL, 17, 2010100800, 03, GPCC,  12, 249N,  652W,  68,   36,   ,   0,    ,    0,    0,    0,    0, 
AL, 17, 2010100800, 03, GPCC,  24, 267N,  623W,  68,   72,   ,   0,    ,    0,    0,    0,    0, 
AL, 17, 2010100800, 03, GPCC,  36, 289N,  582W,  68,  100,   ,   0,    ,    0,    0,    0,    0, 
AL, 17, 2010100800, 03, GPCC,  48, 314N,  527W,  68,  129,   ,   0,    ,    0,    0,    0,    0, 
AL, 17, 2010100800, 03, GPCC,  72, 370N,  383W,  68,  192,   ,   0,    ,    0,    0,    0,    0, 
AL, 17, 2010100800, 03, GPCC,  96, 399N,  263W,  68,  266,   ,   0,    ,    0,    0,    0,    0, 
AL, 17, 2010100800, 03, GPCC, 120,   0N,    0W,  68,  356,   ,   0,    ,    0,    0,    0,    0, 
AL, 17, 2010100800, 03, TCON,  12, 248N,  652W,  68,   36,   ,   0,    ,    0,    0,    0,    0, 
AL, 17, 2010100800, 03, TCON,  24, 265N,  624W,  68,   57,   ,   0,    ,    0,    0,    0,    0, 
AL, 17, 2010100800, 03, TCOX,   0, 238N,  671W,  70,    0,   , 296, AAA,    0,    0,    0,    0, 
AL, 17, 2010100800, 03, TCOX,  12, 248N,  652W,  70,   39,   , 304, AAA,   35,   43,    2,    0, 
AL, 17, 2010100800, 03, TCOX,  24, 266N,  624W,  70,   63,   ,  91, AAA,   57,   70,    5,   -1, 
AL, 17, 2010100800, 03, TVCN,  12, 249N,  652W,  68,   40,   ,   0,    ,    0,    0,    0,    0, 
AL, 17, 2010100800, 03, TVCN,  24, 267N,  623W,  68,   67,   ,   0,    ,    0,    0,    0,    0, 
AL, 17, 2010100800, 03, TVCN,  36, 289N,  582W,  68,  101,   ,   0,    ,    0,    0,    0,    0, 
AL, 17, 2010100800, 03, TVCN,  48, 314N,  527W,  68,  131,   ,   0,    ,    0,    0,    0,    0, 
AL, 17, 2010100800, 03, TVCN,  72, 370N,  383W,  68,  187,   ,   0,    ,    0,    0,    0,    0, 
AL, 17, 2010100800, 03, TVCN,  96, 399N,  263W,  68,  262,   ,   0,    ,    0,    0,    0,    0, 
AL, 17, 2010100800, 03, TVCX,   0, 238N,  671W,  70,    0,   , 301, AAA,    0,    0,    0,    0, 
AL, 17, 2010100800, 03, TVCX,  12, 249N,  652W,  70,   41,   , 301, AAA,   36,   46,    2,    0, 
AL, 17, 2010100800, 03, TVCX,  24, 266N,  622W,  70,   69,   , 300, AAA,   59,   81,    5,   -1, 
AL, 17, 2010100800, 03, TVCX,  36, 287N,  582W,  70,   98,   , 296, AAA,   73,  133,    8,   -5, 
AL, 17, 2010100800, 03, TVCX,  48, 310N,  525W,  70,  126,   , 293, AAA,   92,  174,   13,  -10, 
AL, 17, 2010100800, 03, TVCX,  72, 364N,  381W,  70,  148,   , 289, AAA,  142,  156,   20,  -19, 
AL, 17, 2010100800, 03, TVCX,  96, 394N,  272W,  70,  157,   , 210, AAA,  235,  105,   18,  -32, 
AL, 17, 2010100806, 03, GPCC,  12, 259N,  637W,  68,   36,   ,   0,    ,    0,    0,    0,    0, 
AL, 17, 2010100806, 03, GPCC,  24, 280N,  603W,  68,   72,   ,   0,    ,    0,    0,    0,    0, 
AL, 17, 2010100806, 03, GPCC,  36, 305N,  556W,  68,  100,   ,   0,    ,    0,    0,    0,    0, 
AL, 17, 2010100806, 03, GPCC,  48, 336N,  494W,  68,  129,   ,   0,    ,    0,    0,    0,    0, 
AL, 17, 2010100806, 03, GPCC,  72, 398N,  338W,  68,  192,   ,   0,    ,    0,    0,    0,    0, 
AL, 17, 2010100806, 03, GPCC,  96, 418N,  251W,  68,  266,   ,   0,    ,    0,    0,    0,    0, 
AL, 17, 2010100806, 03, GPCC, 120,   0N,    0W,  68,  356,   ,   0,    ,    0,    0,    0,    0, 
AL, 17, 2010100806, 03, TCON,  12, 259N,  637W,  68,   35,   ,   0,    ,    0,    0,    0,    0, 
AL, 17, 2010100806, 03, TCON,  24, 280N,  603W,  68,   64,   ,   0,    ,    0,    0,    0,    0, 
AL, 17, 2010100806, 03, TCON,  36, 306N,  556W,  68,   95,   ,   0,    ,    0,    0,    0,    0, 
AL, 17, 2010100806, 03, TCON,  48, 337N,  496W,  68,  160,   ,   0,    ,    0,    0,    0,    0, 
AL, 17, 2010100806, 03, TCOX,   0, 244N,  661W,  70,    0,   , 301, AAA,    0,    0,    0,    0, 
AL, 17, 2010100806, 03, TCOX,  12, 259N,  637W,  70,   37,   , 302, AAA,   35,   41,    2,    0, 
AL, 17, 2010100806, 03, TCOX,  24, 279N,  602W,  70,   65,   , 300, AAA,   65,   65,    5,   -1, 
AL, 17, 2010100806, 03, TCOX,  36, 304N,  555W,  70,   89,   , 302, AAA,   87,   93,    8,   -5, 
AL, 17, 2010100806, 03, TCOX,  48, 341N,  496W,  70,  122,   ,  91, AAA,   97,  154,   13,  -10, 
AL, 17, 2010100806, 03, TVCN,  12, 259N,  637W,  68,   33,   ,   0,    ,    0,    0,    0,    0, 
AL, 17, 2010100806, 03, TVCN,  24, 280N,  603W,  68,   62,   ,   0,    ,    0,    0,    0,    0, 
AL, 17, 2010100806, 03, TVCN,  36, 305N,  556W,  68,   87,   ,   0,    ,    0,    0,    0,    0, 
AL, 17, 2010100806, 03, TVCN,  48, 336N,  494W,  68,  119,   ,   0,    ,    0,    0,    0,    0, 
AL, 17, 2010100806, 03, TVCN,  72, 398N,  338W,  68,  188,   ,   0,    ,    0,    0,    0,    0, 
AL, 17, 2010100806, 03, TVCN,  96, 418N,  251W,  68,  263,   ,   0,    ,    0,    0,    0,    0, 
AL, 17, 2010100806, 03, TVCX,   0, 244N,  661W,  70,    0,   , 302, AAA,    0,    0,    0,    0, 
AL, 17, 2010100806, 03, TVCX,  12, 259N,  637W,  70,   36,   , 302, AAA,   35,   39,    2,    0, 
AL, 17, 2010100806, 03, TVCX,  24, 280N,  603W,  70,   62,   , 300, AAA,   62,   64,    5,   -1, 
AL, 17, 2010100806, 03, TVCX,  36, 303N,  555W,  70,   85,   , 297, AAA,   80,   92,    8,   -5, 
AL, 17, 2010100806, 03, TVCX,  48, 332N,  492W,  70,  115,   , 295, AAA,   96,  139,   13,  -10, 
AL, 17, 2010100806, 03, TVCX,  72, 392N,  336W,  70,  135,   , 289, AAA,  157,  118,   20,  -19, 
AL, 17, 2010100806, 03, TVCX,  96, 417N,  262W,  70,  210,   , 189, AAA,  189,  234,   18,  -32, 
AL, 17, 2010100812, 03, GPCC,  12, 274N,  618W,  68,   36,   ,   0,    ,    0,    0,    0,    0, 
AL, 17, 2010100812, 03, GPCC,  24, 299N,  577W,  68,   72,   ,   0,    ,    0,    0,    0,    0, 
AL, 17, 2010100812, 03, GPCC,  36, 327N,  521W,  68,  100,   ,   0,    ,    0,    0,    0,    0, 
AL, 17, 2010100812, 03, GPCC,  48, 360N,  449W,  68,  129,   ,   0,    ,    0,    0,    0,    0, 
AL, 17, 2010100812, 03, GPCC,  72, 421N,  300W,  68,  192,   ,   0,    ,    0,    0,    0,    0, 
AL, 17, 2010100812, 03, GPCC,  96, 425N,  244W,  68,  266,   ,   0,    ,    0,    0,    0,    0, 
AL, 17, 2010100812, 03, GPCC, 120, 380N,  218W,  68,  356,   ,   0,    ,    0,    0,    0,    0, 
AL, 17, 2010100812, 03, TCON,  12, 273N,  618W,  68,   38,   ,   0,    ,    0,    0,    0,    0, 
AL, 17, 2010100812, 03, TCON,  24, 298N,  578W,  68,   63,   ,   0,    ,    0,    0,    0,    0, 
AL, 17, 2010100812, 03, TCON,  36, 326N,  523W,  68,   88,   ,   0,    ,    0,    0,    0,    0, 
AL, 17, 2010100812, 03, TCON,  48, 357N,  453W,  68,  154,   ,   0,    ,    0,    0,    0,    0, 
AL, 17, 2010100812, 03, TCOX,   0, 254N,  646W,  70,    0,   , 307, AAA,    0,    0,    0,    0, 
AL, 17, 2010100812, 03, TCOX,  12, 273N,  618W,  70,   40,   , 303, AAA,   36,   46,    2,    0, 
AL, 17, 2010100812, 03, TCOX,  24, 297N,  577W,  70,   68,   , 299, AAA,   60,   77,    5,   -1, 
AL, 17, 2010100812, 03, TCOX,  36, 323N,  522W,  70,   87,   , 299, AAA,   78,   99,    8,   -5, 
AL, 17, 2010100812, 03, TCOX,  48, 361N,  453W,  70,  112,   ,  92, AAA,  100,  128,   13,  -10, 
AL, 17, 2010100812, 03, TVCN,  12, 274N,  618W,  68,   37,   ,   0,    ,    0,    0,    0,    0, 
AL, 17, 2010100812, 03, TVCN,  24, 299N,  577W,  68,   64,   ,   0,    ,    0,    0,    0,    0, 
AL, 17, 2010100812, 03, TVCN,  36, 327N,  521W,  68,   88,   ,   0,    ,    0,    0,    0,    0, 
AL, 17, 2010100812, 03, TVCN,  48, 360N,  449W,  68,  122,   ,   0,    ,    0,    0,    0,    0, 
AL, 17, 2010100812, 03, TVCN,  72, 421N,  300W,  68,  201,   ,   0,    ,    0,    0,    0,    0, 
AL, 17, 2010100812, 03, TVCN,  96, 425N,  244W,  68,  291,   ,   0,    ,    0,    0,    0,    0, 
AL, 17, 2010100812, 03, TVCN, 120, 380N,  218W,  68,  366,   ,   0,    ,    0,    0,    0,    0, 
AL, 17, 2010100812, 03, TVCX,   0, 254N,  646W,  70,    0,   , 307, AAA,    0,    0,    0,    0, 
AL, 17, 2010100812, 03, TVCX,  12, 274N,  617W,  70,   40,   , 303, AAA,   35,   46,    2,    0, 
AL, 17, 2010100812, 03, TVCX,  24, 298N,  576W,  70,   67,   , 299, AAA,   58,   77,    5,   -1, 
AL, 17, 2010100812, 03, TVCX,  36, 325N,  520W,  70,   86,   , 296, AAA,   78,   95,    8,   -5, 
AL, 17, 2010100812, 03, TVCX,  48, 356N,  447W,  70,  117,   , 294, AAA,   98,  140,   13,  -10, 
AL, 17, 2010100812, 03, TVCX,  72, 415N,  298W,  70,  118,   , 285, AAA,  179,   79,   20,  -19, 
AL, 17, 2010100812, 03, TVCX,  96, 418N,  250W,  70,  178,   , 236, AAA,  273,  117,   18,  -32, 
AL, 17, 2010100812, 03, TVCX, 120, 370N,  224W,  70,  230,   , 245, AAA,  369,  144,    0,  -65, 
AL, 17, 2010100818, 03, GPCC,  12, 287N,  595W,  68,   36,   ,   0,    ,    0,    0,    0,    0, 
AL, 17, 2010100818, 03, GPCC,  24, 315N,  545W,  68,   72,   ,   0,    ,    0,    0,    0,    0, 
AL, 17, 2010100818, 03, GPCC,  36, 348N,  479W,  68,  100,   ,   0,    ,    0,    0,    0,    0, 
AL, 17, 2010100818, 03, GPCC,  48, 390N,  398W,  68,  129,   ,   0,    ,    0,    0,    0,    0, 
AL, 17, 2010100818, 03, GPCC,  72, 461N,  281W,  68,  192,   ,   0,    ,    0,    0,    0,    0, 
AL, 17, 2010100818, 03, GPCC,  96, 454N,  225W,  68,  266,   ,   0,    ,    0,    0,    0,    0, 
AL, 17, 2010100818, 03, GPCC, 120, 375N,  196W,  68,  356,   ,   0,    ,    0,    0,    0,    0, 
AL, 17, 2010100818, 03, TCON,  12, 286N,  595W,  68,   33,   ,   0,    ,    0,    0,    0,    0, 
AL, 17, 2010100818, 03, TCON,  24, 313N,  546W,  68,   49,   ,   0,    ,    0,    0,    0,    0, 
AL, 17, 2010100818, 03, TCON,  36, 345N,  481W,  68,   71,   ,   0,    ,    0,    0,    0,    0, 
AL, 17, 2010100818, 03, TCOX,   0, 263N,  631W,  70,    0,   , 305, AAA,    0,    0,    0,    0, 
AL, 17, 2010100818, 03, TCOX,  12, 286N,  595W,  70,   34,   , 301, AAA,   36,   34,    2,    0, 
AL, 17, 2010100818, 03, TCOX,  24, 313N,  545W,  70,   54,   , 301, AAA,   57,   53,    5,   -1, 
AL, 17, 2010100818, 03, TCOX,  36, 347N,  481W,  70,   73,   ,  92, AAA,   75,   73,    8,   -5, 
AL, 17, 2010100818, 03, TVCN,  12, 287N,  595W,  68,   32,   ,   0,    ,    0,    0,    0,    0, 
AL, 17, 2010100818, 03, TVCN,  24, 315N,  545W,  68,   52,   ,   0,    ,    0,    0,    0,    0, 
AL, 17, 2010100818, 03, TVCN,  36, 348N,  479W,  68,   76,   ,   0,    ,    0,    0,    0,    0, 
AL, 17, 2010100818, 03, TVCN,  48, 390N,  398W,  68,  117,   ,   0,    ,    0,    0,    0,    0, 
AL, 17, 2010100818, 03, TVCN,  72, 461N,  281W,  68,  208,   ,   0,    ,    0,    0,    0,    0, 
AL, 17, 2010100818, 03, TVCN,  96, 454N,  225W,  68,  397,   ,   0,    ,    0,    0,    0,    0, 
AL, 17, 2010100818, 03, TVCN, 120, 375N,  196W,  68,  404,   ,   0,    ,    0,    0,    0,    0, 
AL, 17, 2010100818, 03, TVCX,   0, 263N,  631W,  70,    0,   , 306, AAA,    0,    0,    0,    0, 
AL, 17, 2010100818, 03, TVCX,  12, 286N,  594W,  70,   34,   , 301, AAA,   35,   34,    2,    0, 
AL, 17, 2010100818, 03, TVCX,  24, 314N,  544W,  70,   56,   , 298, AAA,   56,   57,    5,   -1, 
AL, 17, 2010100818, 03, TVCX,  36, 345N,  478W,  70,   81,   , 297, AAA,   72,   92,    8,   -5, 
AL, 17, 2010100818, 03, TVCX,  48, 388N,  396W,  70,  111,   , 299, AAA,   98,  127,   13,  -10, 
AL, 17, 2010100818, 03, TVCX,  72, 456N,  275W,  70,  135,   , 313, AAA,  174,  106,   20,  -19, 
AL, 17, 2010100818, 03, TVCX,  96, 447N,  230W,  70,  216,   , 244, AAA,  366,  128,   18,  -32, 
AL, 17, 2010100818, 03, TVCX, 120, 374N,  210W,  70,  302,   , 185, AAA,  301,  304,    0,  -65, 
AL, 17, 2010100900, 03, GPCC,  12, 298N,  576W,  68,   36,   ,   0,    ,    0,    0,    0,    0, 
AL, 17, 2010100900, 03, GPCC,  24, 327N,  518W,  68,   72,   ,   0,    ,    0,    0,    0,    0, 
AL, 17, 2010100900, 03, GPCC,  36, 362N,  444W,  68,  100,   ,   0,    ,    0,    0,    0,    0, 
AL, 17, 2010100900, 03, GPCC,  48, 406N,  369W,  68,  129,   ,   0,    ,    0,    0,    0,    0, 
AL, 17, 2010100900, 03, GPCC,  72, 471N,  274W,  68,  192,   ,   0,    ,    0,    0,    0,    0, 
AL, 17, 2010100900, 03, GPCC,  96, 480N,  233W,  68,  266,   ,   0,    ,    0,    0,    0,    0, 
AL, 17, 2010100900, 03, GPCC, 120, 423N,  237W,  68,  356,   ,   0,    ,    0,    0,    0,    0, 
AL, 17, 2010100900, 03, TCON,  12, 297N,  576W,  68,   29,   ,   0,    ,    0,    0,    0,    0, 
AL, 17, 2010100900, 03, TCON,  24, 326N,  520W,  68,   46,   ,   0,    ,    0,    0,    0,    0, 
AL, 17, 2010100900, 03, TCON,  36, 360N,  448W,  68,   78,   ,   0,    ,    0,    0,    0,    0, 
AL, 17, 2010100900, 03, TCOX,   0, 272N,  617W,  70,    0,   , 305, AAA,    0,    0,    0,    0, 
AL, 17, 2010100900, 03, TCOX,  12, 297N,  576W,  70,   31,   , 299, AAA,   34,   30,    2,    0, 
AL, 17, 2010100900, 03, TCOX,  24, 325N,  519W,  70,   55,   , 300, AAA,   52,   60,    5,   -1, 
AL, 17, 2010100900, 03, TCOX,  36, 362N,  448W,  70,   74,   ,  92, AAA,   83,   67,    8,   -5, 
AL, 17, 2010100900, 03, TVCN,  12, 298N,  576W,  68,   29,   ,   0,    ,    0,    0,    0,    0, 
AL, 17, 2010100900, 03, TVCN,  24, 327N,  518W,  68,   52,   ,   0,    ,    0,    0,    0,    0, 
AL, 17, 2010100900, 03, TVCN,  36, 362N,  444W,  68,   85,   ,   0,    ,    0,    0,    0,    0, 
AL, 17, 2010100900, 03, TVCN,  48, 406N,  369W,  68,  117,   ,   0,    ,    0,    0,    0,    0, 
AL, 17, 2010100900, 03, TVCN,  72, 471N,  274W,  68,  211,   ,   0,    ,    0,    0,    0,    0, 
AL, 17, 2010100900, 03, TVCN,  96, 480N,  233W,  68,  397,   ,   0,    ,    0,    0,    0,    0, 
AL, 17, 2010100900, 03, TVCN, 120, 423N,  237W,  68,  461,   ,   0,    ,    0,    0,    0,    0, 
AL, 17, 2010100900, 03, TVCX,   0, 272N,  617W,  70,    0,   , 305, AAA,    0,    0,    0,    0, 
AL, 17, 2010100900, 03, TVCX,  12, 298N,  575W,  70,   32,   , 300, AAA,   33,   32,    2,    0, 
AL, 17, 2010100900, 03, TVCX,  24, 327N,  518W,  70,   60,   , 296, AAA,   52,   69,    5,   -1, 
AL, 17, 2010100900, 03, TVCX,  36, 360N,  443W,  70,   87,   , 298, AAA,   77,  100,    8,   -5, 
AL, 17, 2010100900, 03, TVCX,  48, 403N,  367W,  70,  107,   , 302, AAA,  103,  114,   13,  -10, 
AL, 17, 2010100900, 03, TVCX,  72, 465N,  268W,  70,  134,   , 304, AAA,  178,  102,   20,  -19, 
AL, 17, 2010100900, 03, TVCX,  96, 478N,  245W,  70,  294,   , 199, AAA,  266,  326,   18,  -32, 
AL, 17, 2010100900, 03, TVCX, 120, 423N,  252W,  70,  354,   , 182, AAA,  287,  437,    0,  -65, 
AL, 17, 2010100906, 03, GPCC,  12, 311N,  549W,  68,   36,   ,   0,    ,    0,    0,    0,    0, 
AL, 17, 2010100906, 03, GPCC,  24, 341N,  484W,  68,   72,   ,   0,    ,    0,    0,    0,    0, 
AL, 17, 2010100906, 03, GPCC,  36, 379N,  406W,  68,  100,   ,   0,    ,    0,    0,    0,    0, 
AL, 17, 2010100906, 03, GPCC,  48, 413N,  335W,  68,  129,   ,   0,    ,    0,    0,    0,    0, 
AL, 17, 2010100906, 03, GPCC,  72, 454N,  266W,  68,  192,   ,   0,    ,    0,    0,    0,    0, 
AL, 17, 2010100906, 03, GPCC,  96, 392N,  260W,  68,  266,   ,   0,    ,    0,    0,    0,    0, 
AL, 17, 2010100906, 03, GPCC, 120, 361N,  243W,  68,  356,   ,   0,    ,    0,    0,    0,    0, 
AL, 17, 2010100906, 03, TCON,  12, 310N,  550W,  68,   27,   ,   0,    ,    0,    0,    0,    0, 
AL, 17, 2010100906, 03, TCOX,   0, 285N,  597W,  70,    0,   , 357, AAA,    0,    0,    0,    0, 
AL, 17, 2010100906, 03, TCOX,  12, 311N,  550W,  70,   31,   ,  91, AAA,   33,   31,    2,    0, 
AL, 17, 2010100906, 03, TVCN,  12, 311N,  549W,  68,   29,   ,   0,    ,    0,    0,    0,    0, 
AL, 17, 2010100906, 03, TVCN,  24, 341N,  484W,  68,   58,   ,   0,    ,    0,    0,    0,    0, 
AL, 17, 2010100906, 03, TVCN,  36, 379N,  406W,  68,   94,   ,   0,    ,    0,    0,    0,    0, 
AL, 17, 2010100906, 03, TVCN,  48, 413N,  335W,  68,  123,   ,   0,    ,    0,    0,    0,    0, 
AL, 17, 2010100906, 03, TVCN,  72, 454N,  266W,  68,  251,   ,   0,    ,    0,    0,    0,    0, 
AL, 17, 2010100906, 03, TVCN,  96, 392N,  260W,  68,  183,   ,   0,    ,    0,    0,    0,    0, 
AL, 17, 2010100906, 03, TVCN, 120, 361N,  243W,  68,  242,   ,   0,    ,    0,    0,    0,    0, 
AL, 17, 2010100906, 03, TVCX,   0, 285N,  597W,  70,    0,   , 301, AAA,    0,    0,    0,    0, 
AL, 17, 2010100906, 03, TVCX,  12, 311N,  549W,  70,   33,   , 297, AAA,   33,   35,    2,    0, 
AL, 17, 2010100906, 03, TVCX,  24, 340N,  484W,  70,   61,   , 295, AAA,   59,   64,    5,   -1, 
AL, 17, 2010100906, 03, TVCX,  36, 377N,  405W,  70,   89,   , 296, AAA,   84,   96,    8,   -5, 
AL, 17, 2010100906, 03, TVCX,  48, 410N,  333W,  70,  104,   , 300, AAA,  110,  100,   13,  -10, 
AL, 17, 2010100906, 03, TVCX,  72, 448N,  262W,  70,  129,   , 294, AAA,  220,   76,   20,  -19, 
AL, 17, 2010100906, 03, TVCX,  96, 390N,  271W,  70,  109,   , 190, AAA,  197,   61,   18,  -32, 
AL, 17, 2010100906, 03, TVCX, 120, 354N,  254W,  70,  204,   , 218, AAA,  249,  168,    0,  -65, 
AL, 17, 2010100912, 03, GPCC,  12, 328N,  515W,  68,   36,   ,   0,    ,    0,    0,    0,    0, 
AL, 17, 2010100912, 03, GPCC,  24, 360N,  441W,  68,   72,   ,   0,    ,    0,    0,    0,    0, 
AL, 17, 2010100912, 03, GPCC,  36, 398N,  363W,  68,  100,   ,   0,    ,    0,    0,    0,    0, 
AL, 17, 2010100912, 03, GPCC,  48, 432N,  296W,  68,  129,   ,   0,    ,    0,    0,    0,    0, 
AL, 17, 2010100912, 03, GPCC,  72, 438N,  250W,  68,  192,   ,   0,    ,    0,    0,    0,    0, 
AL, 17, 2010100912, 03, GPCC,  96, 394N,  243W,  68,  266,   ,   0,    ,    0,    0,    0,    0, 
AL, 17, 2010100912, 03, GPCC, 120, 366N,  220W,  68,  356,   ,   0,    ,    0,    0,    0,    0, 
AL, 17, 2010100912, 03, TCON,  12, 329N,  514W,  68,   30,   ,   0,    ,    0,    0,    0,    0, 
AL, 17, 2010100912, 03, TCOX,   0, 301N,  571W,  70,    0,   , 356, AAA,    0,    0,    0,    0, 
AL, 17, 2010100912, 03, TCOX,  12, 329N,  514W,  70,   34,   ,  91, AAA,   33,   37,    2,    0, 
AL, 17, 2010100912, 03, TVCN,  12, 328N,  515W,  68,   31,   ,   0,    ,    0,    0,    0,    0, 
AL, 17, 2010100912, 03, TVCN,  24, 360N,  441W,  68,   58,   ,   0,    ,    0,    0,    0,    0, 
AL, 17, 2010100912, 03, TVCN,  36, 398N,  363W,  68,   87,   ,   0,    ,    0,    0,    0,    0, 
AL, 17, 2010100912, 03, TVCN,  48, 432N,  296W,  68,  131,   ,   0,    ,    0,    0,    0,    0, 
AL, 17, 2010100912, 03, TVCN,  72, 438N,  250W,  68,  169,   ,   0,    ,    0,    0,    0,    0, 
AL, 17, 2010100912, 03, TVCN,  96, 394N,  243W,  68,  204,   ,   0,    ,    0,    0,    0,    0, 
AL, 17, 2010100912, 03, TVCN, 120, 366N,  220W,  68,  233,   ,   0,    ,    0,    0,    0,    0, 
AL, 17, 2010100912, 03, TVCX,   0, 301N,  571W,  70,    0,   , 298, AAA,    0,    0,    0,    0, 
AL, 17, 2010100912, 03, TVCX,  12, 328N,  515W,  70,   34,   , 295, AAA,   33,   36,    2,    0, 
AL, 17, 2010100912, 03, TVCX,  24, 359N,  441W,  70,   60,   , 294, AAA,   59,   62,    5,   -1, 
AL, 17, 2010100912, 03, TVCX,  36, 396N,  363W,  70,   85,   , 297, AAA,   81,   90,    8,   -5, 
AL, 17, 2010100912, 03, TVCX,  48, 428N,  294W,  70,  118,   , 295, AAA,  103,  137,   13,  -10, 
AL, 17, 2010100912, 03, TVCX,  72, 432N,  254W,  70,   78,   , 239, AAA,  173,   36,   20,  -19, 
AL, 17, 2010100912, 03, TVCX,  96, 386N,  244W,  70,  119,   , 261, AAA,  223,   64,   18,  -32, 
AL, 17, 2010100912, 03, TVCX, 120, 363N,  233W,  70,  191,   , 197, AAA,  250,  147,    0,  -65, 
AL, 17, 2010100918, 03, GPCC,  12, 346N,  477W,  68,   36,   ,   0,    ,    0,    0,    0,    0, 
AL, 17, 2010100918, 03, GPCC,  24, 379N,  403W,  68,   72,   ,   0,    ,    0,    0,    0,    0, 
AL, 17, 2010100918, 03, GPCC,  36, 415N,  335W,  68,  100,   ,   0,    ,    0,    0,    0,    0, 
AL, 17, 2010100918, 03, GPCC,  48, 440N,  290W,  68,  129,   ,   0,    ,    0,    0,    0,    0, 
AL, 17, 2010100918, 03, GPCC,  72, 434N,  254W,  68,  192,   ,   0,    ,    0,    0,    0,    0, 
AL, 17, 2010100918, 03, GPCC,  96, 391N,  252W,  68,  266,   ,   0,    ,    0,    0,    0,    0, 
AL, 17, 2010100918, 03, GPCC, 120, 370N,  242W,  68,  356,   ,   0,    ,    0,    0,    0,    0, 
AL, 17, 2010100918, 03, TCOX,   0, 317N,  540W,  70,    0,   , 210, AAA,    0,    0,    0,    0, 
AL, 17, 2010100918, 03, TVCN,  12, 346N,  477W,  68,   41,   ,   0,    ,    0,    0,    0,    0, 
AL, 17, 2010100918, 03, TVCN,  24, 379N,  403W,  68,   53,   ,   0,    ,    0,    0,    0,    0, 
AL, 17, 2010100918, 03, TVCN,  36, 415N,  335W,  68,   66,   ,   0,    ,    0,    0,    0,    0, 
AL, 17, 2010100918, 03, TVCN,  48, 440N,  290W,  68,   83,   ,   0,    ,    0,    0,    0,    0, 
AL, 17, 2010100918, 03, TVCN,  72, 434N,  254W,  68,  134,   ,   0,    ,    0,    0,    0,    0, 
AL, 17, 2010100918, 03, TVCN,  96, 391N,  252W,  68,  182,   ,   0,    ,    0,    0,    0,    0, 
AL, 17, 2010100918, 03, TVCN, 120, 370N,  242W,  68,  229,   ,   0,    ,    0,    0,    0,    0, 
AL, 17, 2010100918, 03, TVCX,   0, 317N,  540W,  70,    0,   , 296, AAA,    0,    0,    0,    0, 
AL, 17, 2010100918, 03, TVCX,  12, 346N,  477W,  70,   37,   , 294, AAA,   41,   35,    2,    0, 
AL, 17, 2010100918, 03, TVCX,  24, 378N,  403W,  70,   57,   , 296, AAA,   56,   58,    5,   -1, 
AL, 17, 2010100918, 03, TVCX,  36, 412N,  333W,  70,   72,   , 299, AAA,   71,   73,    8,   -5, 
AL, 17, 2010100918, 03, TVCX,  48, 436N,  288W,  70,   88,   , 288, AAA,   89,   88,   13,  -10, 
AL, 17, 2010100918, 03, TVCX,  72, 428N,  257W,  70,   85,   , 254, AAA,  149,   49,   20,  -19, 
AL, 17, 2010100918, 03, TVCX,  96, 383N,  252W,  70,  140,   , 267, AAA,  194,  103,   18,  -32, 
AL, 17, 2010100918, 03, TVCX, 120, 367N,  255W,  70,  196,   , 197, AAA,  275,  141,    0,  -65, 
AL, 17, 2010101000, 03, GPCC,  12, 364N,  434W,  68,   36,   ,   0,    ,    0,    0,    0,    0, 
AL, 17, 2010101000, 03, GPCC,  24, 403N,  360W,  68,   72,   ,   0,    ,    0,    0,    0,    0, 
AL, 17, 2010101000, 03, GPCC,  36, 437N,  302W,  68,  100,   ,   0,    ,    0,    0,    0,    0, 
AL, 17, 2010101000, 03, GPCC,  48, 458N,  264W,  68,  129,   ,   0,    ,    0,    0,    0,    0, 
AL, 17, 2010101000, 03, GPCC,  72, 458N,  228W,  68,  192,   ,   0,    ,    0,    0,    0,    0, 
AL, 17, 2010101000, 03, GPCC,  96, 396N,  230W,  68,  266,   ,   0,    ,    0,    0,    0,    0, 
AL, 17, 2010101000, 03, GPCC, 120, 380N,  223W,  68,  356,   ,   0,    ,    0,    0,    0,    0, 
AL, 17, 2010101000, 03, TCOX,   0, 331N,  504W,  70,    0,   , 213, AAA,    0,    0,    0,    0, 
AL, 17, 2010101000, 03, TVCN,  12, 364N,  434W,  68,   35,   ,   0,    ,    0,    0,    0,    0, 
AL, 17, 2010101000, 03, TVCN,  24, 403N,  360W,  68,   64,   ,   0,    ,    0,    0,    0,    0, 
AL, 17, 2010101000, 03, TVCN,  36, 437N,  302W,  68,  102,   ,   0,    ,    0,    0,    0,    0, 
AL, 17, 2010101000, 03, TVCN,  48, 458N,  264W,  68,  150,   ,   0,    ,    0,    0,    0,    0, 
AL, 17, 2010101000, 03, TVCN,  72, 458N,  228W,  68,  257,   ,   0,    ,    0,    0,    0,    0, 
AL, 17, 2010101000, 03, TVCN,  96, 396N,  230W,  68,  222,   ,   0,    ,    0,    0,    0,    0, 
AL, 17, 2010101000, 03, TVCN, 120, 380N,  223W,  68,  257,   ,   0,    ,    0,    0,    0,    0, 
AL, 17, 2010101000, 03, TVCX,   0, 331N,  504W,  70,    0,   , 294, AAA,    0,    0,    0,    0, 
AL, 17, 2010101000, 03, TVCX,  12, 364N,  434W,  70,   37,   , 297, AAA,   35,   40,    2,    0, 
AL, 17, 2010101000, 03, TVCX,  24, 403N,  360W,  70,   62,   , 299, AAA,   65,   60,    5,   -1, 
AL, 17, 2010101000, 03, TVCX,  36, 435N,  301W,  70,   86,   , 300, AAA,  100,   74,    8,   -5, 
AL, 17, 2010101000, 03, TVCX,  48, 455N,  261W,  70,  124,   , 302, AAA,  130,  118,   13,  -10, 
AL, 17, 2010101000, 03, TVCX,  72, 456N,  236W,  70,  198,   , 202, AAA,  187,  211,   20,  -19, 
AL, 17, 2010101000, 03, TVCX,  96, 388N,  233W,  70,  140,   , 256, AAA,  248,   79,   18,  -32, 
AL, 17, 2010101000, 03, TVCX, 120, 374N,  234W,  70,  242,   , 215, AAA,  258,  227,    0,  -65, 
AL, 17, 2010101006, 03, GPCC,  12, 382N,  392W,  68,   36,   ,   0,    ,    0,    0,    0,    0, 
AL, 17, 2010101006, 03, GPCC,  24, 417N,  326W,  68,   72,   ,   0,    ,    0,    0,    0,    0, 
AL, 17, 2010101006, 03, GPCC,  36, 439N,  277W,  68,  100,   ,   0,    ,    0,    0,    0,    0, 
AL, 17, 2010101006, 03, GPCC,  48, 440N,  254W,  68,  129,   ,   0,    ,    0,    0,    0,    0, 
AL, 17, 2010101006, 03, GPCC,  72, 405N,  226W,  68,  192,   ,   0,    ,    0,    0,    0,    0, 
AL, 17, 2010101006, 03, GPCC,  96, 370N,  199W,  68,  266,   ,   0,    ,    0,    0,    0,    0, 
AL, 17, 2010101006, 03, GPCC, 120, 366N,  169W,  68,  356,   ,   0,    ,    0,    0,    0,    0, 
AL, 17, 2010101006, 03, TVCN,  12, 382N,  392W,  68,   38,   ,   0,    ,    0,    0,    0,    0, 
AL, 17, 2010101006, 03, TVCN,  24, 417N,  326W,  68,   67,   ,   0,    ,    0,    0,    0,    0, 
AL, 17, 2010101006, 03, TVCN,  36, 439N,  277W,  68,  104,   ,   0,    ,    0,    0,    0,    0, 
AL, 17, 2010101006, 03, TVCN,  48, 440N,  254W,  68,  119,   ,   0,    ,    0,    0,    0,    0, 
AL, 17, 2010101006, 03, TVCN,  72, 405N,  226W,  68,  198,   ,   0,    ,    0,    0,    0,    0, 
AL, 17, 2010101006, 03, TVCN,  96, 370N,  199W,  68,  204,   ,   0,    ,    0,    0,    0,    0, 
AL, 17, 2010101006, 03, TVCN, 120, 366N,  169W,  68,  228,   ,   0,    ,    0,    0,    0,    0, 
AL, 17, 2010101006, 03, TVCX,   0, 343N,  468W,  70,    0,   , 297, AAA,    0,    0,    0,    0, 
AL, 17, 2010101006, 03, TVCX,  12, 382N,  392W,  70,   35,   , 298, AAA,   40,   33,    2,    0, 
AL, 17, 2010101006, 03, TVCX,  24, 417N,  325W,  70,   59,   , 296, AAA,   70,   51,    5,   -1, 
AL, 17, 2010101006, 03, TVCX,  36, 436N,  277W,  70,   92,   , 275, AAA,   92,   93,    8,   -5, 
AL, 17, 2010101006, 03, TVCX,  48, 439N,  259W,  70,  124,   , 188, AAA,   89,  174,   13,  -10, 
AL, 17, 2010101006, 03, TVCX,  72, 399N,  230W,  70,  113,   , 238, AAA,  198,   65,   20,  -19, 
AL, 17, 2010101006, 03, TVCX,  96, 365N,  209W,  70,  164,   , 209, AAA,  217,  124,   18,  -32, 
AL, 17, 2010101006, 03, TVCX, 120, 356N,  165W,  70,  194,   , 289, AAA,  283,  134,    0,  -65, 
AL, 17, 2010101012, 03, GPCC,  12, 400N,  356W,  68,   36,   ,   0,    ,    0,    0,    0,    0, 
AL, 17, 2010101012, 03, GPCC,  24, 425N,  298W,  68,   72,   ,   0,    ,    0,    0,    0,    0, 
AL, 17, 2010101012, 03, GPCC,  36, 433N,  260W,  68,  100,   ,   0,    ,    0,    0,    0,    0, 
AL, 17, 2010101012, 03, GPCC,  48, 417N,  246W,  68,  129,   ,   0,    ,    0,    0,    0,    0, 
AL, 17, 2010101012, 03, GPCC,  72, 368N,  226W,  68,  192,   ,   0,    ,    0,    0,    0,    0, 
AL, 17, 2010101012, 03, GPCC,  96, 353N,  203W,  68,  266,   ,   0,    ,    0,    0,    0,    0, 
AL, 17, 2010101012, 03, GPCC, 120, 368N,  182W,  68,  356,   ,   0,    ,    0,    0,    0,    0, 
AL, 17, 2010101012, 03, TVCN,  12, 400N,  356W,  68,   39,   ,   0,    ,    0,    0,    0,    0, 
AL, 17, 2010101012, 03, TVCN,  24, 425N,  298W,  68,   67,   ,   0,    ,    0,    0,    0,    0, 
AL, 17, 2010101012, 03, TVCN,  36, 433N,  260W,  68,  103,   ,   0,    ,    0,    0,    0,    0, 
AL, 17, 2010101012, 03, TVCN,  48, 417N,  246W,  68,  109,   ,   0,    ,    0,    0,    0,    0, 
AL, 17, 2010101012, 03, TVCN,  72, 368N,  226W,  68,  129,   ,   0,    ,    0,    0,    0,    0, 
AL, 17, 2010101012, 03, TVCN,  96, 353N,  203W,  68,  170,   ,   0,    ,    0,    0,    0,    0, 
AL, 17, 2010101012, 03, TVCN, 120, 368N,  182W,  68,  234,   ,   0,    ,    0,    0,    0,    0, 
AL, 17, 2010101012, 03, TVCX,   0, 363N,  428W,  70,    0,   , 299, AAA,    0,    0,    0,    0, 
AL, 17, 2010101012, 03, TVCX,  12, 400N,  356W,  70,   36,   , 295, AAA,   40,   34,    2,    0, 
AL, 17, 2010101012, 03, TVCX,  24, 425N,  298W,  70,   63,   , 286, AAA,   66,   62,    5,   -1, 
AL, 17, 2010101012, 03, TVCX,  36, 431N,  262W,  70,   88,   , 231, AAA,   96,   81,    8,   -5, 
AL, 17, 2010101012, 03, TVCX,  48, 415N,  249W,  70,  104,   , 237, AAA,  109,  100,   13,  -10, 
AL, 17, 2010101012, 03, TVCX,  72, 362N,  230W,  70,  116,   , 241, AAA,  148,   92,   20,  -19, 
AL, 17, 2010101012, 03, TVCX,  96, 345N,  198W,  70,  134,   , 301, AAA,  206,   87,   18,  -32, 
AL, 17, 2010101012, 03, TVCX, 120, 362N,  171W,  70,  192,   , 323, AAA,  307,  121,    0,  -65, 
