AL, 15, 2010092112, 03, GPCC,  12,   0N,    0W,  68,   36,   ,   0,    ,    0,    0,    0,    0, 
AL, 15, 2010092112, 03, GPCC,  24,   0N,    0W,  68,   72,   ,   0,    ,    0,    0,    0,    0, 
AL, 15, 2010092112, 03, GPCC,  36,   0N,    0W,  68,  100,   ,   0,    ,    0,    0,    0,    0, 
AL, 15, 2010092112, 03, GPCC,  48,   0N,    0W,  68,  129,   ,   0,    ,    0,    0,    0,    0, 
AL, 15, 2010092112, 03, GPCC,  72,   0N,    0W,  68,  192,   ,   0,    ,    0,    0,    0,    0, 
AL, 15, 2010092112, 03, GPCC,  96,   0N,    0W,  68,  266,   ,   0,    ,    0,    0,    0,    0, 
AL, 15, 2010092112, 03, GPCC, 120,   0N,    0W,  68,  356,   ,   0,    ,    0,    0,    0,    0, 
AL, 15, 2010092118, 03, GPCC,  12, 127N,  666W,  68,   36,   ,   0,    ,    0,    0,    0,    0, 
AL, 15, 2010092118, 03, GPCC,  24, 131N,  694W,  68,   72,   ,   0,    ,    0,    0,    0,    0, 
AL, 15, 2010092118, 03, GPCC,  36, 135N,  720W,  68,  100,   ,   0,    ,    0,    0,    0,    0, 
AL, 15, 2010092118, 03, GPCC,  48, 140N,  746W,  68,  129,   ,   0,    ,    0,    0,    0,    0, 
AL, 15, 2010092118, 03, GPCC,  72, 147N,  799W,  68,  192,   ,   0,    ,    0,    0,    0,    0, 
AL, 15, 2010092118, 03, GPCC,  96, 159N,  838W,  68,  266,   ,   0,    ,    0,    0,    0,    0, 
AL, 15, 2010092118, 03, GPCC, 120, 181N,  859W,  68,  356,   ,   0,    ,    0,    0,    0,    0, 
AL, 15, 2010092118, 03, TVCN,  12, 127N,  666W,  68,   40,   ,   0,    ,    0,    0,    0,    0, 
AL, 15, 2010092118, 03, TVCN,  24, 131N,  694W,  68,   61,   ,   0,    ,    0,    0,    0,    0, 
AL, 15, 2010092118, 03, TVCN,  36, 135N,  720W,  68,   83,   ,   0,    ,    0,    0,    0,    0, 
AL, 15, 2010092118, 03, TVCN,  48, 140N,  746W,  68,   90,   ,   0,    ,    0,    0,    0,    0, 
AL, 15, 2010092118, 03, TVCN,  72, 147N,  799W,  68,  145,   ,   0,    ,    0,    0,    0,    0, 
AL, 15, 2010092118, 03, TVCN,  96, 159N,  838W,  68,  210,   ,   0,    ,    0,    0,    0,    0, 
AL, 15, 2010092118, 03, TVCN, 120, 181N,  859W,  68,  254,   ,   0,    ,    0,    0,    0,    0, 
AL, 15, 2010092118, 03, TVCX,   0, 124N,  641W,  70,    0,   ,  84, AAA,    0,    0,    0,    0, 
AL, 15, 2010092118, 03, TVCX,  12, 127N,  666W,  70,   40,   ,  82, AAA,   40,   40,    2,    0, 
AL, 15, 2010092118, 03, TVCX,  24, 132N,  694W,  70,   64,   ,  82, AAA,   60,   69,    5,   -1, 
AL, 15, 2010092118, 03, TVCX,  36, 137N,  719W,  70,   81,   ,  81, AAA,   76,   87,    8,   -5, 
AL, 15, 2010092118, 03, TVCX,  48, 144N,  746W,  70,   94,   ,  80, AAA,   96,   93,   13,  -10, 
AL, 15, 2010092118, 03, TVCX,  72, 154N,  799W,  70,  135,   ,  82, AAA,  139,  132,   20,  -19, 
AL, 15, 2010092118, 03, TVCX,  96, 166N,  834W,  70,  175,   ,  56, AAA,  218,  142,   18,  -32, 
AL, 15, 2010092118, 03, TVCX, 120, 186N,  849W,  70,  190,   ,  28, AAA,  274,  133,    0,  -65, 
AL, 15, 2010092200, 03, GPCC,  12, 127N,  679W,  68,   36,   ,   0,    ,    0,    0,    0,    0, 
AL, 15, 2010092200, 03, GPCC,  24, 130N,  708W,  68,   72,   ,   0,    ,    0,    0,    0,    0, 
AL, 15, 2010092200, 03, GPCC,  36, 133N,  735W,  68,  100,   ,   0,    ,    0,    0,    0,    0, 
AL, 15, 2010092200, 03, GPCC,  48, 137N,  761W,  68,  129,   ,   0,    ,    0,    0,    0,    0, 
AL, 15, 2010092200, 03, GPCC,  72, 145N,  810W,  68,  192,   ,   0,    ,    0,    0,    0,    0, 
AL, 15, 2010092200, 03, GPCC,  96, 159N,  844W,  68,  266,   ,   0,    ,    0,    0,    0,    0, 
AL, 15, 2010092200, 03, GPCC, 120, 181N,  855W,  68,  356,   ,   0,    ,    0,    0,    0,    0, 
AL, 15, 2010092200, 03, TVCN,  12, 127N,  679W,  68,   37,   ,   0,    ,    0,    0,    0,    0, 
AL, 15, 2010092200, 03, TVCN,  24, 130N,  708W,  68,   65,   ,   0,    ,    0,    0,    0,    0, 
AL, 15, 2010092200, 03, TVCN,  36, 133N,  735W,  68,   89,   ,   0,    ,    0,    0,    0,    0, 
AL, 15, 2010092200, 03, TVCN,  48, 137N,  761W,  68,  101,   ,   0,    ,    0,    0,    0,    0, 
AL, 15, 2010092200, 03, TVCN,  72, 145N,  810W,  68,  148,   ,   0,    ,    0,    0,    0,    0, 
AL, 15, 2010092200, 03, TVCN,  96, 159N,  844W,  68,  204,   ,   0,    ,    0,    0,    0,    0, 
AL, 15, 2010092200, 03, TVCN, 120, 181N,  855W,  68,  234,   ,   0,    ,    0,    0,    0,    0, 
AL, 15, 2010092200, 03, TVCX,   0, 123N,  652W,  70,    0,   ,  82, AAA,    0,    0,    0,    0, 
AL, 15, 2010092200, 03, TVCX,  12, 127N,  679W,  70,   40,   ,  82, AAA,   36,   47,    2,    0, 
AL, 15, 2010092200, 03, TVCX,  24, 131N,  708W,  70,   67,   ,  84, AAA,   59,   77,    5,   -1, 
AL, 15, 2010092200, 03, TVCX,  36, 135N,  735W,  70,   87,   ,  83, AAA,   74,  103,    8,   -5, 
AL, 15, 2010092200, 03, TVCX,  48, 141N,  760W,  70,  110,   ,  80, AAA,   92,  132,   13,  -10, 
AL, 15, 2010092200, 03, TVCX,  72, 151N,  808W,  70,  140,   ,  80, AAA,  144,  137,   20,  -19, 
AL, 15, 2010092200, 03, TVCX,  96, 166N,  838W,  70,  170,   ,  45, AAA,  209,  139,   18,  -32, 
AL, 15, 2010092200, 03, TVCX, 120, 181N,  844W,  70,  237,   ,   2, AAA,  222,  254,    0,  -65, 
AL, 15, 2010092206, 03, GPCC,  12, 130N,  703W,  68,   36,   ,   0,    ,    0,    0,    0,    0, 
AL, 15, 2010092206, 03, GPCC,  24, 134N,  731W,  68,   72,   ,   0,    ,    0,    0,    0,    0, 
AL, 15, 2010092206, 03, GPCC,  36, 138N,  760W,  68,  100,   ,   0,    ,    0,    0,    0,    0, 
AL, 15, 2010092206, 03, GPCC,  48, 143N,  786W,  68,  129,   ,   0,    ,    0,    0,    0,    0, 
AL, 15, 2010092206, 03, GPCC,  72, 150N,  834W,  68,  192,   ,   0,    ,    0,    0,    0,    0, 
AL, 15, 2010092206, 03, GPCC,  96, 168N,  865W,  68,  266,   ,   0,    ,    0,    0,    0,    0, 
AL, 15, 2010092206, 03, GPCC, 120, 183N,  878W,  68,  356,   ,   0,    ,    0,    0,    0,    0, 
AL, 15, 2010092206, 03, TVCN,  12, 130N,  703W,  68,   40,   ,   0,    ,    0,    0,    0,    0, 
AL, 15, 2010092206, 03, TVCN,  24, 134N,  731W,  68,   69,   ,   0,    ,    0,    0,    0,    0, 
AL, 15, 2010092206, 03, TVCN,  36, 138N,  760W,  68,   94,   ,   0,    ,    0,    0,    0,    0, 
AL, 15, 2010092206, 03, TVCN,  48, 143N,  786W,  68,  111,   ,   0,    ,    0,    0,    0,    0, 
AL, 15, 2010092206, 03, TVCN,  72, 150N,  834W,  68,  164,   ,   0,    ,    0,    0,    0,    0, 
AL, 15, 2010092206, 03, TVCN,  96, 168N,  865W,  68,  201,   ,   0,    ,    0,    0,    0,    0, 
AL, 15, 2010092206, 03, TVCN, 120, 183N,  878W,  68,  243,   ,   0,    ,    0,    0,    0,    0, 
AL, 15, 2010092206, 03, TVCX,   0, 125N,  675W,  70,    0,   ,  78, AAA,    0,    0,    0,    0, 
AL, 15, 2010092206, 03, TVCX,  12, 131N,  702W,  70,   40,   ,  82, AAA,   40,   42,    2,    0, 
AL, 15, 2010092206, 03, TVCX,  24, 134N,  731W,  70,   70,   ,  82, AAA,   62,   79,    5,   -1, 
AL, 15, 2010092206, 03, TVCX,  36, 140N,  760W,  70,   91,   ,  80, AAA,   75,  111,    8,   -5, 
AL, 15, 2010092206, 03, TVCX,  48, 147N,  786W,  70,  112,   ,  80, AAA,   98,  131,   13,  -10, 
AL, 15, 2010092206, 03, TVCX,  72, 157N,  832W,  70,  143,   ,  73, AAA,  154,  133,   20,  -19, 
AL, 15, 2010092206, 03, TVCX,  96, 175N,  860W,  70,  177,   ,  60, AAA,  206,  153,   18,  -32, 
AL, 15, 2010092206, 03, TVCX, 120, 183N,  867W,  70,  255,   ,   2, AAA,  219,  298,    0,  -65, 
AL, 15, 2010092212, 03, GPCC,  12, 130N,  717W,  68,   36,   ,   0,    ,    0,    0,    0,    0, 
AL, 15, 2010092212, 03, GPCC,  24, 135N,  744W,  68,   72,   ,   0,    ,    0,    0,    0,    0, 
AL, 15, 2010092212, 03, GPCC,  36, 140N,  771W,  68,  100,   ,   0,    ,    0,    0,    0,    0, 
AL, 15, 2010092212, 03, GPCC,  48, 144N,  797W,  68,  129,   ,   0,    ,    0,    0,    0,    0, 
AL, 15, 2010092212, 03, GPCC,  72, 152N,  846W,  68,  192,   ,   0,    ,    0,    0,    0,    0, 
AL, 15, 2010092212, 03, GPCC,  96, 168N,  873W,  68,  266,   ,   0,    ,    0,    0,    0,    0, 
AL, 15, 2010092212, 03, GPCC, 120, 185N,  879W,  68,  356,   ,   0,    ,    0,    0,    0,    0, 
AL, 15, 2010092212, 03, TVCN,  12, 130N,  717W,  68,   49,   ,   0,    ,    0,    0,    0,    0, 
AL, 15, 2010092212, 03, TVCN,  24, 135N,  744W,  68,   83,   ,   0,    ,    0,    0,    0,    0, 
AL, 15, 2010092212, 03, TVCN,  36, 140N,  771W,  68,  109,   ,   0,    ,    0,    0,    0,    0, 
AL, 15, 2010092212, 03, TVCN,  48, 144N,  797W,  68,  127,   ,   0,    ,    0,    0,    0,    0, 
AL, 15, 2010092212, 03, TVCN,  72, 152N,  846W,  68,  174,   ,   0,    ,    0,    0,    0,    0, 
AL, 15, 2010092212, 03, TVCN,  96, 168N,  873W,  68,  235,   ,   0,    ,    0,    0,    0,    0, 
AL, 15, 2010092212, 03, TVCN, 120, 185N,  879W,  68,  252,   ,   0,    ,    0,    0,    0,    0, 
AL, 15, 2010092212, 03, TVCX,   0, 125N,  694W,  70,    0,   ,  76, AAA,    0,    0,    0,    0, 
AL, 15, 2010092212, 03, TVCX,  12, 131N,  717W,  70,   47,   ,  78, AAA,   41,   55,    2,    0, 
AL, 15, 2010092212, 03, TVCX,  24, 136N,  744W,  70,   80,   ,  80, AAA,   68,   94,    5,   -1, 
AL, 15, 2010092212, 03, TVCX,  36, 142N,  771W,  70,  103,   ,  81, AAA,   80,  135,    8,   -5, 
AL, 15, 2010092212, 03, TVCX,  48, 148N,  797W,  70,  126,   ,  80, AAA,  102,  156,   13,  -10, 
AL, 15, 2010092212, 03, TVCX,  72, 158N,  844W,  70,  155,   ,  74, AAA,  157,  154,   20,  -19, 
AL, 15, 2010092212, 03, TVCX,  96, 175N,  867W,  70,  171,   ,  49, AAA,  244,  120,   18,  -32, 
AL, 15, 2010092212, 03, TVCX, 120, 185N,  868W,  70,  249,   ,   0, AAA,  249,  251,    0,  -65, 
AL, 15, 2010092218, 03, GPCC,  12, 131N,  737W,  68,   36,   ,   0,    ,    0,    0,    0,    0, 
AL, 15, 2010092218, 03, GPCC,  24, 137N,  763W,  68,   72,   ,   0,    ,    0,    0,    0,    0, 
AL, 15, 2010092218, 03, GPCC,  36, 141N,  788W,  68,  100,   ,   0,    ,    0,    0,    0,    0, 
AL, 15, 2010092218, 03, GPCC,  48, 146N,  813W,  68,  129,   ,   0,    ,    0,    0,    0,    0, 
AL, 15, 2010092218, 03, GPCC,  72, 159N,  856W,  68,  192,   ,   0,    ,    0,    0,    0,    0, 
AL, 15, 2010092218, 03, GPCC,  96, 171N,  875W,  68,  266,   ,   0,    ,    0,    0,    0,    0, 
AL, 15, 2010092218, 03, GPCC, 120, 190N,  866W,  68,  356,   ,   0,    ,    0,    0,    0,    0, 
AL, 15, 2010092218, 03, TVCN,  12, 131N,  737W,  68,   45,   ,   0,    ,    0,    0,    0,    0, 
AL, 15, 2010092218, 03, TVCN,  24, 137N,  763W,  68,   65,   ,   0,    ,    0,    0,    0,    0, 
AL, 15, 2010092218, 03, TVCN,  36, 141N,  788W,  68,   82,   ,   0,    ,    0,    0,    0,    0, 
AL, 15, 2010092218, 03, TVCN,  48, 146N,  813W,  68,   92,   ,   0,    ,    0,    0,    0,    0, 
AL, 15, 2010092218, 03, TVCN,  72, 159N,  856W,  68,  141,   ,   0,    ,    0,    0,    0,    0, 
AL, 15, 2010092218, 03, TVCN,  96, 171N,  875W,  68,  212,   ,   0,    ,    0,    0,    0,    0, 
AL, 15, 2010092218, 03, TVCN, 120, 190N,  866W,  68,  262,   ,   0,    ,    0,    0,    0,    0, 
AL, 15, 2010092218, 03, TVCX,   0, 126N,  713W,  70,    0,   ,  76, AAA,    0,    0,    0,    0, 
AL, 15, 2010092218, 03, TVCX,  12, 132N,  737W,  70,   43,   ,  78, AAA,   42,   46,    2,    0, 
AL, 15, 2010092218, 03, TVCX,  24, 138N,  763W,  70,   67,   ,  79, AAA,   63,   73,    5,   -1, 
AL, 15, 2010092218, 03, TVCX,  36, 143N,  788W,  70,   83,   ,  79, AAA,   70,  100,    8,   -5, 
AL, 15, 2010092218, 03, TVCX,  48, 150N,  813W,  70,  101,   ,  77, AAA,   88,  118,   13,  -10, 
AL, 15, 2010092218, 03, TVCX,  72, 165N,  853W,  70,  132,   ,  69, AAA,  140,  125,   20,  -19, 
AL, 15, 2010092218, 03, TVCX,  96, 175N,  867W,  70,  156,   ,  36, AAA,  222,  111,   18,  -32, 
AL, 15, 2010092218, 03, TVCX, 120, 185N,  856W,  70,  287,   , 331, AAA,  218,  381,    0,  -65, 
AL, 15, 2010092300, 03, GPCC,  12, 132N,  739W,  68,   36,   ,   0,    ,    0,    0,    0,    0, 
AL, 15, 2010092300, 03, GPCC,  24, 137N,  763W,  68,   72,   ,   0,    ,    0,    0,    0,    0, 
AL, 15, 2010092300, 03, GPCC,  36, 142N,  790W,  68,  100,   ,   0,    ,    0,    0,    0,    0, 
AL, 15, 2010092300, 03, GPCC,  48, 147N,  817W,  68,  129,   ,   0,    ,    0,    0,    0,    0, 
AL, 15, 2010092300, 03, GPCC,  72, 159N,  863W,  68,  192,   ,   0,    ,    0,    0,    0,    0, 
AL, 15, 2010092300, 03, GPCC,  96, 171N,  878W,  68,  266,   ,   0,    ,    0,    0,    0,    0, 
AL, 15, 2010092300, 03, GPCC, 120, 186N,  872W,  68,  356,   ,   0,    ,    0,    0,    0,    0, 
AL, 15, 2010092300, 03, TVCN,  12, 132N,  739W,  68,   43,   ,   0,    ,    0,    0,    0,    0, 
AL, 15, 2010092300, 03, TVCN,  24, 137N,  763W,  68,   70,   ,   0,    ,    0,    0,    0,    0, 
AL, 15, 2010092300, 03, TVCN,  36, 142N,  790W,  68,   93,   ,   0,    ,    0,    0,    0,    0, 
AL, 15, 2010092300, 03, TVCN,  48, 147N,  817W,  68,  106,   ,   0,    ,    0,    0,    0,    0, 
AL, 15, 2010092300, 03, TVCN,  72, 159N,  863W,  68,  147,   ,   0,    ,    0,    0,    0,    0, 
AL, 15, 2010092300, 03, TVCN,  96, 171N,  878W,  68,  192,   ,   0,    ,    0,    0,    0,    0, 
AL, 15, 2010092300, 03, TVCN, 120, 186N,  872W,  68,  261,   ,   0,    ,    0,    0,    0,    0, 
AL, 15, 2010092300, 03, TVCX,   0, 128N,  716W,  70,    0,   ,  82, AAA,    0,    0,    0,    0, 
AL, 15, 2010092300, 03, TVCX,  12, 132N,  739W,  70,   43,   ,  80, AAA,   40,   47,    2,    0, 
AL, 15, 2010092300, 03, TVCX,  24, 137N,  763W,  70,   69,   ,  78, AAA,   66,   73,    5,   -1, 
AL, 15, 2010092300, 03, TVCX,  36, 145N,  790W,  70,   90,   ,  79, AAA,   79,  104,    8,   -5, 
AL, 15, 2010092300, 03, TVCX,  48, 151N,  817W,  70,  106,   ,  79, AAA,  101,  113,   13,  -10, 
AL, 15, 2010092300, 03, TVCX,  72, 165N,  861W,  70,  122,   ,  67, AAA,  148,  102,   20,  -19, 
AL, 15, 2010092300, 03, TVCX,  96, 177N,  871W,  70,  173,   ,  42, AAA,  196,  154,   18,  -32, 
AL, 15, 2010092300, 03, TVCX, 120, 180N,  862W,  70,  283,   , 328, AAA,  219,  366,    0,  -65, 
AL, 15, 2010092306, 03, GPCC,  12, 136N,  756W,  68,   36,   ,   0,    ,    0,    0,    0,    0, 
AL, 15, 2010092306, 03, GPCC,  24, 143N,  784W,  68,   72,   ,   0,    ,    0,    0,    0,    0, 
AL, 15, 2010092306, 03, GPCC,  36, 149N,  814W,  68,  100,   ,   0,    ,    0,    0,    0,    0, 
AL, 15, 2010092306, 03, GPCC,  48, 153N,  841W,  68,  129,   ,   0,    ,    0,    0,    0,    0, 
AL, 15, 2010092306, 03, GPCC,  72, 164N,  881W,  68,  192,   ,   0,    ,    0,    0,    0,    0, 
AL, 15, 2010092306, 03, GPCC,  96, 181N,  890W,  68,  266,   ,   0,    ,    0,    0,    0,    0, 
AL, 15, 2010092306, 03, GPCC, 120, 190N,  882W,  68,  356,   ,   0,    ,    0,    0,    0,    0, 
AL, 15, 2010092306, 03, TVCN,  12, 136N,  756W,  68,   47,   ,   0,    ,    0,    0,    0,    0, 
AL, 15, 2010092306, 03, TVCN,  24, 143N,  784W,  68,   76,   ,   0,    ,    0,    0,    0,    0, 
AL, 15, 2010092306, 03, TVCN,  36, 149N,  814W,  68,  102,   ,   0,    ,    0,    0,    0,    0, 
AL, 15, 2010092306, 03, TVCN,  48, 153N,  841W,  68,  119,   ,   0,    ,    0,    0,    0,    0, 
AL, 15, 2010092306, 03, TVCN,  72, 164N,  881W,  68,  159,   ,   0,    ,    0,    0,    0,    0, 
AL, 15, 2010092306, 03, TVCN,  96, 181N,  890W,  68,  229,   ,   0,    ,    0,    0,    0,    0, 
AL, 15, 2010092306, 03, TVCN, 120, 190N,  882W,  68,  294,   ,   0,    ,    0,    0,    0,    0, 
AL, 15, 2010092306, 03, TVCX,   0, 130N,  731W,  70,    0,   ,  76, AAA,    0,    0,    0,    0, 
AL, 15, 2010092306, 03, TVCX,  12, 137N,  756W,  70,   44,   ,  76, AAA,   43,   45,    2,    0, 
AL, 15, 2010092306, 03, TVCX,  24, 144N,  784W,  70,   72,   ,  77, AAA,   70,   75,    5,   -1, 
AL, 15, 2010092306, 03, TVCX,  36, 152N,  813W,  70,   97,   ,  81, AAA,   80,  120,    8,   -5, 
AL, 15, 2010092306, 03, TVCX,  48, 157N,  840W,  70,  123,   ,  83, AAA,   95,  161,   13,  -10, 
AL, 15, 2010092306, 03, TVCX,  72, 170N,  877W,  70,  148,   ,  59, AAA,  139,  159,   20,  -19, 
AL, 15, 2010092306, 03, TVCX,  96, 179N,  880W,  70,  166,   , 353, AAA,  235,  118,   18,  -32, 
AL, 15, 2010092306, 03, TVCX, 120, 180N,  877W,  70,  299,   , 294, AAA,  232,  387,    0,  -65, 
AL, 15, 2010092312, 03, GPCC,  12, 143N,  774W,  68,   36,   ,   0,    ,    0,    0,    0,    0, 
AL, 15, 2010092312, 03, GPCC,  24, 150N,  803W,  68,   72,   ,   0,    ,    0,    0,    0,    0, 
AL, 15, 2010092312, 03, GPCC,  36, 156N,  831W,  68,  100,   ,   0,    ,    0,    0,    0,    0, 
AL, 15, 2010092312, 03, GPCC,  48, 161N,  856W,  68,  129,   ,   0,    ,    0,    0,    0,    0, 
AL, 15, 2010092312, 03, GPCC,  72, 171N,  889W,  68,  192,   ,   0,    ,    0,    0,    0,    0, 
AL, 15, 2010092312, 03, GPCC,  96, 184N,  893W,  68,  266,   ,   0,    ,    0,    0,    0,    0, 
AL, 15, 2010092312, 03, GPCC, 120, 185N,  885W,  68,  356,   ,   0,    ,    0,    0,    0,    0, 
AL, 15, 2010092312, 03, TVCN,  12, 143N,  774W,  68,   44,   ,   0,    ,    0,    0,    0,    0, 
AL, 15, 2010092312, 03, TVCN,  24, 150N,  803W,  68,   72,   ,   0,    ,    0,    0,    0,    0, 
AL, 15, 2010092312, 03, TVCN,  36, 156N,  831W,  68,   93,   ,   0,    ,    0,    0,    0,    0, 
AL, 15, 2010092312, 03, TVCN,  48, 161N,  856W,  68,  101,   ,   0,    ,    0,    0,    0,    0, 
AL, 15, 2010092312, 03, TVCN,  72, 171N,  889W,  68,  147,   ,   0,    ,    0,    0,    0,    0, 
AL, 15, 2010092312, 03, TVCN,  96, 184N,  893W,  68,  224,   ,   0,    ,    0,    0,    0,    0, 
AL, 15, 2010092312, 03, TVCN, 120, 185N,  885W,  68,  305,   ,   0,    ,    0,    0,    0,    0, 
AL, 15, 2010092312, 03, TVCX,   0, 136N,  748W,  70,    0,   ,  74, AAA,    0,    0,    0,    0, 
AL, 15, 2010092312, 03, TVCX,  12, 144N,  774W,  70,   41,   ,  75, AAA,   43,   40,    2,    0, 
AL, 15, 2010092312, 03, TVCX,  24, 151N,  802W,  70,   68,   ,  77, AAA,   70,   67,    5,   -1, 
AL, 15, 2010092312, 03, TVCX,  36, 158N,  831W,  70,   87,   ,  79, AAA,   79,   97,    8,   -5, 
AL, 15, 2010092312, 03, TVCX,  48, 165N,  856W,  70,  104,   ,  77, AAA,   95,  116,   13,  -10, 
AL, 15, 2010092312, 03, TVCX,  72, 177N,  885W,  70,  128,   ,  61, AAA,  140,  118,   20,  -19, 
AL, 15, 2010092312, 03, TVCX,  96, 178N,  887W,  70,  204,   , 315, AAA,  210,  199,   18,  -32, 
AL, 15, 2010092312, 03, TVCX, 120, 180N,  895W,  70,  287,   , 210, AAA,  275,  300,    0,  -65, 
AL, 15, 2010092318, 03, GPCC,  12, 147N,  788W,  68,   36,   ,   0,    ,    0,    0,    0,    0, 
AL, 15, 2010092318, 03, GPCC,  24, 154N,  816W,  68,   72,   ,   0,    ,    0,    0,    0,    0, 
AL, 15, 2010092318, 03, GPCC,  36, 159N,  842W,  68,  100,   ,   0,    ,    0,    0,    0,    0, 
AL, 15, 2010092318, 03, GPCC,  48, 165N,  865W,  68,  129,   ,   0,    ,    0,    0,    0,    0, 
AL, 15, 2010092318, 03, GPCC,  72, 175N,  891W,  68,  192,   ,   0,    ,    0,    0,    0,    0, 
AL, 15, 2010092318, 03, GPCC,  96, 185N,  894W,  68,  266,   ,   0,    ,    0,    0,    0,    0, 
AL, 15, 2010092318, 03, GPCC, 120, 181N,  884W,  68,  356,   ,   0,    ,    0,    0,    0,    0, 
AL, 15, 2010092318, 03, TVCN,  12, 147N,  788W,  68,   42,   ,   0,    ,    0,    0,    0,    0, 
AL, 15, 2010092318, 03, TVCN,  24, 154N,  816W,  68,   65,   ,   0,    ,    0,    0,    0,    0, 
AL, 15, 2010092318, 03, TVCN,  36, 159N,  842W,  68,   84,   ,   0,    ,    0,    0,    0,    0, 
AL, 15, 2010092318, 03, TVCN,  48, 165N,  865W,  68,   94,   ,   0,    ,    0,    0,    0,    0, 
AL, 15, 2010092318, 03, TVCN,  72, 175N,  891W,  68,  151,   ,   0,    ,    0,    0,    0,    0, 
AL, 15, 2010092318, 03, TVCN,  96, 185N,  894W,  68,  232,   ,   0,    ,    0,    0,    0,    0, 
AL, 15, 2010092318, 03, TVCN, 120, 181N,  884W,  68,  316,   ,   0,    ,    0,    0,    0,    0, 
AL, 15, 2010092318, 03, TVCX,   0, 139N,  762W,  70,    0,   ,  71, AAA,    0,    0,    0,    0, 
AL, 15, 2010092318, 03, TVCX,  12, 147N,  788W,  70,   38,   ,  75, AAA,   43,   34,    2,    0, 
AL, 15, 2010092318, 03, TVCX,  24, 155N,  816W,  70,   59,   ,  78, AAA,   68,   53,    5,   -1, 
AL, 15, 2010092318, 03, TVCX,  36, 161N,  842W,  70,   76,   ,  77, AAA,   77,   76,    8,   -5, 
AL, 15, 2010092318, 03, TVCX,  48, 169N,  865W,  70,   98,   ,  75, AAA,   93,  104,   13,  -10, 
AL, 15, 2010092318, 03, TVCX,  72, 179N,  886W,  70,  135,   ,  47, AAA,  141,  131,   20,  -19, 
AL, 15, 2010092318, 03, TVCX,  96, 177N,  891W,  70,  207,   , 290, AAA,  212,  204,   18,  -32, 
AL, 15, 2010092318, 03, TVCX, 120, 173N,  892W,  70,  300,   , 225, AAA,  286,  314,    0,  -65, 
AL, 15, 2010092400, 03, GPCC,  12, 146N,  805W,  68,   36,   ,   0,    ,    0,    0,    0,    0, 
AL, 15, 2010092400, 03, GPCC,  24, 151N,  829W,  68,   72,   ,   0,    ,    0,    0,    0,    0, 
AL, 15, 2010092400, 03, GPCC,  36, 159N,  852W,  68,  100,   ,   0,    ,    0,    0,    0,    0, 
AL, 15, 2010092400, 03, GPCC,  48, 167N,  872W,  68,  129,   ,   0,    ,    0,    0,    0,    0, 
AL, 15, 2010092400, 03, GPCC,  72, 179N,  892W,  68,  192,   ,   0,    ,    0,    0,    0,    0, 
AL, 15, 2010092400, 03, GPCC,  96, 185N,  887W,  68,  266,   ,   0,    ,    0,    0,    0,    0, 
AL, 15, 2010092400, 03, GPCC, 120, 180N,  879W,  68,  356,   ,   0,    ,    0,    0,    0,    0, 
AL, 15, 2010092400, 03, TVCN,  12, 146N,  805W,  68,   42,   ,   0,    ,    0,    0,    0,    0, 
AL, 15, 2010092400, 03, TVCN,  24, 151N,  829W,  68,   68,   ,   0,    ,    0,    0,    0,    0, 
AL, 15, 2010092400, 03, TVCN,  36, 159N,  852W,  68,   90,   ,   0,    ,    0,    0,    0,    0, 
AL, 15, 2010092400, 03, TVCN,  48, 167N,  872W,  68,  101,   ,   0,    ,    0,    0,    0,    0, 
AL, 15, 2010092400, 03, TVCN,  72, 179N,  892W,  68,  158,   ,   0,    ,    0,    0,    0,    0, 
AL, 15, 2010092400, 03, TVCN,  96, 185N,  887W,  68,  232,   ,   0,    ,    0,    0,    0,    0, 
AL, 15, 2010092400, 03, TVCN, 120, 180N,  879W,  68,  280,   ,   0,    ,    0,    0,    0,    0, 
AL, 15, 2010092400, 03, TVCX,   0, 141N,  777W,  70,    0,   ,  81, AAA,    0,    0,    0,    0, 
AL, 15, 2010092400, 03, TVCX,  12, 146N,  805W,  70,   43,   ,  79, AAA,   34,   56,    2,    0, 
AL, 15, 2010092400, 03, TVCX,  24, 152N,  829W,  70,   71,   ,  75, AAA,   58,   89,    5,   -1, 
AL, 15, 2010092400, 03, TVCX,  36, 162N,  852W,  70,   92,   ,  70, AAA,   70,  121,    8,   -5, 
AL, 15, 2010092400, 03, TVCX,  48, 171N,  870W,  70,  107,   ,  68, AAA,   90,  129,   13,  -10, 
AL, 15, 2010092400, 03, TVCX,  72, 182N,  885W,  70,  146,   ,  26, AAA,  143,  151,   20,  -19, 
AL, 15, 2010092400, 03, TVCX,  96, 181N,  879W,  70,  207,   , 333, AAA,  207,  207,   18,  -32, 
AL, 15, 2010092400, 03, TVCX, 120, 171N,  886W,  70,  276,   , 234, AAA,  266,  289,    0,  -65, 
AL, 15, 2010092406, 03, GPCC,  12, 147N,  822W,  68,   36,   ,   0,    ,    0,    0,    0,    0, 
AL, 15, 2010092406, 03, GPCC,  24, 154N,  850W,  68,   72,   ,   0,    ,    0,    0,    0,    0, 
AL, 15, 2010092406, 03, GPCC,  36, 162N,  874W,  68,  100,   ,   0,    ,    0,    0,    0,    0, 
AL, 15, 2010092406, 03, GPCC,  48, 167N,  892W,  68,  129,   ,   0,    ,    0,    0,    0,    0, 
AL, 15, 2010092406, 03, GPCC,  72, 168N,  903W,  68,  192,   ,   0,    ,    0,    0,    0,    0, 
AL, 15, 2010092406, 03, GPCC,  96, 184N,  871W,  68,  266,   ,   0,    ,    0,    0,    0,    0, 
AL, 15, 2010092406, 03, GPCC, 120, 195N,  873W,  68,  356,   ,   0,    ,    0,    0,    0,    0, 
AL, 15, 2010092406, 03, TCON,  12, 147N,  821W,  68,   42,   ,   0,    ,    0,    0,    0,    0, 
AL, 15, 2010092406, 03, TCON,  24, 154N,  849W,  68,   64,   ,   0,    ,    0,    0,    0,    0, 
AL, 15, 2010092406, 03, TCON,  36, 162N,  872W,  68,   91,   ,   0,    ,    0,    0,    0,    0, 
AL, 15, 2010092406, 03, TCON,  48, 169N,  889W,  68,  107,   ,   0,    ,    0,    0,    0,    0, 
AL, 15, 2010092406, 03, TCOX,   0, 141N,  791W,  70,    0,   ,  79, AAA,    0,    0,    0,    0, 
AL, 15, 2010092406, 03, TCOX,  12, 147N,  821W,  70,   41,   ,  78, AAA,   40,   43,    2,    0, 
AL, 15, 2010092406, 03, TCOX,  24, 154N,  849W,  70,   67,   ,  74, AAA,   64,   72,    5,   -1, 
AL, 15, 2010092406, 03, TCOX,  36, 164N,  871W,  70,   90,   ,  69, AAA,   76,  107,    8,   -5, 
AL, 15, 2010092406, 03, TCOX,  48, 173N,  889W,  70,  121,   ,  91, AAA,   98,  152,   13,  -10, 
AL, 15, 2010092406, 03, TVCN,  12, 147N,  822W,  68,   40,   ,   0,    ,    0,    0,    0,    0, 
AL, 15, 2010092406, 03, TVCN,  24, 154N,  850W,  68,   66,   ,   0,    ,    0,    0,    0,    0, 
AL, 15, 2010092406, 03, TVCN,  36, 162N,  874W,  68,   92,   ,   0,    ,    0,    0,    0,    0, 
AL, 15, 2010092406, 03, TVCN,  48, 167N,  892W,  68,  124,   ,   0,    ,    0,    0,    0,    0, 
AL, 15, 2010092406, 03, TVCN,  72, 168N,  903W,  68,  202,   ,   0,    ,    0,    0,    0,    0, 
AL, 15, 2010092406, 03, TVCN,  96, 184N,  871W,  68,  273,   ,   0,    ,    0,    0,    0,    0, 
AL, 15, 2010092406, 03, TVCN, 120, 195N,  873W,  68,  348,   ,   0,    ,    0,    0,    0,    0, 
AL, 15, 2010092406, 03, TVCX,   0, 141N,  791W,  70,    0,   ,  80, AAA,    0,    0,    0,    0, 
AL, 15, 2010092406, 03, TVCX,  12, 147N,  822W,  70,   40,   ,  78, AAA,   39,   43,    2,    0, 
AL, 15, 2010092406, 03, TVCX,  24, 155N,  850W,  70,   67,   ,  74, AAA,   63,   72,    5,   -1, 
AL, 15, 2010092406, 03, TVCX,  36, 164N,  873W,  70,   91,   ,  72, AAA,   74,  112,    8,   -5, 
AL, 15, 2010092406, 03, TVCX,  48, 172N,  891W,  70,  123,   ,  81, AAA,   93,  164,   13,  -10, 
AL, 15, 2010092406, 03, TVCX,  72, 164N,  897W,  70,  176,   , 322, AAA,  157,  198,   20,  -19, 
AL, 15, 2010092406, 03, TVCX,  96, 180N,  863W,  70,  245,   , 324, AAA,  231,  260,   18,  -32, 
AL, 15, 2010092406, 03, TVCX, 120, 204N,  867W,  70,  316,   ,  60, AAA,  343,  291,    0,  -65, 
AL, 15, 2010092412, 03, GPCC,  12, 149N,  840W,  68,   36,   ,   0,    ,    0,    0,    0,    0, 
AL, 15, 2010092412, 03, GPCC,  24, 157N,  866W,  68,   72,   ,   0,    ,    0,    0,    0,    0, 
AL, 15, 2010092412, 03, GPCC,  36, 166N,  888W,  68,  100,   ,   0,    ,    0,    0,    0,    0, 
AL, 15, 2010092412, 03, GPCC,  48, 171N,  904W,  68,  129,   ,   0,    ,    0,    0,    0,    0, 
AL, 15, 2010092412, 03, GPCC,  72, 178N,  907W,  68,  192,   ,   0,    ,    0,    0,    0,    0, 
AL, 15, 2010092412, 03, GPCC,  96, 180N,  882W,  68,  266,   ,   0,    ,    0,    0,    0,    0, 
AL, 15, 2010092412, 03, GPCC, 120, 186N,  876W,  68,  356,   ,   0,    ,    0,    0,    0,    0, 
AL, 15, 2010092412, 03, TCON,  12, 149N,  839W,  68,   45,   ,   0,    ,    0,    0,    0,    0, 
AL, 15, 2010092412, 03, TCON,  24, 157N,  863W,  68,   69,   ,   0,    ,    0,    0,    0,    0, 
AL, 15, 2010092412, 03, TCON,  36, 166N,  884W,  68,   93,   ,   0,    ,    0,    0,    0,    0, 
AL, 15, 2010092412, 03, TCON,  48, 172N,  898W,  68,  103,   ,   0,    ,    0,    0,    0,    0, 
AL, 15, 2010092412, 03, TCON,  72, 181N,  899W,  68,  171,   ,   0,    ,    0,    0,    0,    0, 
AL, 15, 2010092412, 03, TCOX,   0, 143N,  813W,  70,    0,   ,  80, AAA,    0,    0,    0,    0, 
AL, 15, 2010092412, 03, TCOX,  12, 149N,  839W,  70,   43,   ,  74, AAA,   40,   47,    2,    0, 
AL, 15, 2010092412, 03, TCOX,  24, 158N,  863W,  70,   73,   ,  69, AAA,   62,   87,    5,   -1, 
AL, 15, 2010092412, 03, TCOX,  36, 168N,  883W,  70,   95,   ,  67, AAA,   73,  125,    8,   -5, 
AL, 15, 2010092412, 03, TCOX,  48, 175N,  895W,  70,  118,   ,  55, AAA,   92,  153,   13,  -10, 
AL, 15, 2010092412, 03, TCOX,  72, 187N,  899W,  70,  190,   ,  91, AAA,  122,  297,   20,  -19, 
AL, 15, 2010092412, 03, TVCN,  12, 149N,  840W,  68,   44,   ,   0,    ,    0,    0,    0,    0, 
AL, 15, 2010092412, 03, TVCN,  24, 157N,  866W,  68,   71,   ,   0,    ,    0,    0,    0,    0, 
AL, 15, 2010092412, 03, TVCN,  36, 166N,  888W,  68,   96,   ,   0,    ,    0,    0,    0,    0, 
AL, 15, 2010092412, 03, TVCN,  48, 171N,  904W,  68,  119,   ,   0,    ,    0,    0,    0,    0, 
AL, 15, 2010092412, 03, TVCN,  72, 178N,  907W,  68,  183,   ,   0,    ,    0,    0,    0,    0, 
AL, 15, 2010092412, 03, TVCN,  96, 180N,  882W,  68,  259,   ,   0,    ,    0,    0,    0,    0, 
AL, 15, 2010092412, 03, TVCN, 120, 186N,  876W,  68,  308,   ,   0,    ,    0,    0,    0,    0, 
AL, 15, 2010092412, 03, TVCX,   0, 143N,  813W,  70,    0,   ,  80, AAA,    0,    0,    0,    0, 
AL, 15, 2010092412, 03, TVCX,  12, 149N,  840W,  70,   43,   ,  75, AAA,   39,   49,    2,    0, 
AL, 15, 2010092412, 03, TVCX,  24, 158N,  866W,  70,   72,   ,  70, AAA,   62,   85,    5,   -1, 
AL, 15, 2010092412, 03, TVCX,  36, 168N,  887W,  70,   97,   ,  71, AAA,   73,  129,    8,   -5, 
AL, 15, 2010092412, 03, TVCX,  48, 174N,  902W,  70,  123,   ,  69, AAA,   90,  168,   13,  -10, 
AL, 15, 2010092412, 03, TVCX,  72, 172N,  903W,  70,  174,   , 308, AAA,  146,  208,   20,  -19, 
AL, 15, 2010092412, 03, TVCX,  96, 178N,  891W,  70,  195,   , 191, AAA,  251,  153,   18,  -32, 
AL, 15, 2010092412, 03, TVCX, 120, 192N,  866W,  70,  270,   ,  32, AAA,  333,  219,    0,  -65, 
AL, 15, 2010092418, 03, GPCC,  12, 154N,  855W,  68,   36,   ,   0,    ,    0,    0,    0,    0, 
AL, 15, 2010092418, 03, GPCC,  24, 163N,  877W,  68,   72,   ,   0,    ,    0,    0,    0,    0, 
AL, 15, 2010092418, 03, GPCC,  36, 168N,  894W,  68,  100,   ,   0,    ,    0,    0,    0,    0, 
AL, 15, 2010092418, 03, GPCC,  48, 171N,  903W,  68,  129,   ,   0,    ,    0,    0,    0,    0, 
AL, 15, 2010092418, 03, GPCC,  72, 176N,  898W,  68,  192,   ,   0,    ,    0,    0,    0,    0, 
AL, 15, 2010092418, 03, GPCC,  96, 177N,  856W,  68,  266,   ,   0,    ,    0,    0,    0,    0, 
AL, 15, 2010092418, 03, GPCC, 120, 176N,  855W,  68,  356,   ,   0,    ,    0,    0,    0,    0, 
AL, 15, 2010092418, 03, TCON,  12, 154N,  855W,  68,   38,   ,   0,    ,    0,    0,    0,    0, 
AL, 15, 2010092418, 03, TCON,  24, 163N,  877W,  68,   62,   ,   0,    ,    0,    0,    0,    0, 
AL, 15, 2010092418, 03, TCON,  36, 169N,  895W,  68,  102,   ,   0,    ,    0,    0,    0,    0, 
AL, 15, 2010092418, 03, TCON,  48, 172N,  905W,  68,  132,   ,   0,    ,    0,    0,    0,    0, 
AL, 15, 2010092418, 03, TCON,  72, 177N,  902W,  68,  194,   ,   0,    ,    0,    0,    0,    0, 
AL, 15, 2010092418, 03, TCOX,   0, 146N,  830W,  70,    0,   ,  75, AAA,    0,    0,    0,    0, 
AL, 15, 2010092418, 03, TCOX,  12, 154N,  854W,  70,   40,   ,  70, AAA,   37,   44,    2,    0, 
AL, 15, 2010092418, 03, TCOX,  24, 163N,  877W,  70,   66,   ,  70, AAA,   62,   71,    5,   -1, 
AL, 15, 2010092418, 03, TCOX,  36, 171N,  895W,  70,   98,   ,  72, AAA,   79,  123,    8,   -5, 
AL, 15, 2010092418, 03, TCOX,  48, 175N,  903W,  70,  121,   ,  44, AAA,  121,  122,   13,  -10, 
AL, 15, 2010092418, 03, TCOX,  72, 183N,  902W,  70,  201,   ,  91, AAA,  137,  294,   20,  -19, 
AL, 15, 2010092418, 03, TVCN,  12, 154N,  855W,  68,   38,   ,   0,    ,    0,    0,    0,    0, 
AL, 15, 2010092418, 03, TVCN,  24, 163N,  877W,  68,   61,   ,   0,    ,    0,    0,    0,    0, 
AL, 15, 2010092418, 03, TVCN,  36, 168N,  894W,  68,  101,   ,   0,    ,    0,    0,    0,    0, 
AL, 15, 2010092418, 03, TVCN,  48, 171N,  903W,  68,  139,   ,   0,    ,    0,    0,    0,    0, 
AL, 15, 2010092418, 03, TVCN,  72, 176N,  898W,  68,  201,   ,   0,    ,    0,    0,    0,    0, 
AL, 15, 2010092418, 03, TVCN,  96, 177N,  856W,  68,  237,   ,   0,    ,    0,    0,    0,    0, 
AL, 15, 2010092418, 03, TVCN, 120, 176N,  855W,  68,  246,   ,   0,    ,    0,    0,    0,    0, 
AL, 15, 2010092418, 03, TVCX,   0, 146N,  830W,  70,    0,   ,  74, AAA,    0,    0,    0,    0, 
AL, 15, 2010092418, 03, TVCX,  12, 154N,  855W,  70,   40,   ,  70, AAA,   37,   43,    2,    0, 
AL, 15, 2010092418, 03, TVCX,  24, 163N,  877W,  70,   64,   ,  70, AAA,   61,   69,    5,   -1, 
AL, 15, 2010092418, 03, TVCX,  36, 170N,  893W,  70,   97,   ,  71, AAA,   76,  125,    8,   -5, 
AL, 15, 2010092418, 03, TVCX,  48, 173N,  899W,  70,  115,   ,  29, AAA,  120,  111,   13,  -10, 
AL, 15, 2010092418, 03, TVCX,  72, 169N,  897W,  70,  198,   , 279, AAA,  132,  301,   20,  -19, 
AL, 15, 2010092418, 03, TVCX,  96, 174N,  864W,  70,  178,   , 207, AAA,  237,  135,   18,  -32, 
AL, 15, 2010092418, 03, TVCX, 120, 186N,  850W,  70,  285,   ,  62, AAA,  255,  319,    0,  -65, 
AL, 15, 2010092500, 03, GPCC,  12, 159N,  871W,  68,   36,   ,   0,    ,    0,    0,    0,    0, 
AL, 15, 2010092500, 03, GPCC,  24, 165N,  892W,  68,   72,   ,   0,    ,    0,    0,    0,    0, 
AL, 15, 2010092500, 03, GPCC,  36, 169N,  909W,  68,  100,   ,   0,    ,    0,    0,    0,    0, 
AL, 15, 2010092500, 03, GPCC,  48, 171N,  920W,  68,  129,   ,   0,    ,    0,    0,    0,    0, 
AL, 15, 2010092500, 03, GPCC,  72, 179N,  924W,  68,  192,   ,   0,    ,    0,    0,    0,    0, 
AL, 15, 2010092500, 03, GPCC,  96,   0N,    0W,  68,  266,   ,   0,    ,    0,    0,    0,    0, 
AL, 15, 2010092500, 03, GPCC, 120,   0N,    0W,  68,  356,   ,   0,    ,    0,    0,    0,    0, 
AL, 15, 2010092500, 03, TCON,  12, 160N,  870W,  68,   44,   ,   0,    ,    0,    0,    0,    0, 
AL, 15, 2010092500, 03, TCON,  24, 167N,  892W,  68,   70,   ,   0,    ,    0,    0,    0,    0, 
AL, 15, 2010092500, 03, TCON,  36, 170N,  909W,  68,  102,   ,   0,    ,    0,    0,    0,    0, 
AL, 15, 2010092500, 03, TCON,  48, 171N,  920W,  68,  130,   ,   0,    ,    0,    0,    0,    0, 
AL, 15, 2010092500, 03, TCOX,   0, 150N,  843W,  70,    0,   ,  69, AAA,    0,    0,    0,    0, 
AL, 15, 2010092500, 03, TCOX,  12, 160N,  870W,  70,   41,   ,  72, AAA,   41,   42,    2,    0, 
AL, 15, 2010092500, 03, TCOX,  24, 167N,  892W,  70,   68,   ,  76, AAA,   69,   68,    5,   -1, 
AL, 15, 2010092500, 03, TCOX,  36, 173N,  909W,  70,   95,   ,  84, AAA,   82,  110,    8,   -5, 
AL, 15, 2010092500, 03, TCOX,  48, 175N,  920W,  70,  126,   ,  91, AAA,  112,  142,   13,  -10, 
AL, 15, 2010092500, 03, TVCN,  12, 159N,  871W,  68,   42,   ,   0,    ,    0,    0,    0,    0, 
AL, 15, 2010092500, 03, TVCN,  24, 165N,  892W,  68,   72,   ,   0,    ,    0,    0,    0,    0, 
AL, 15, 2010092500, 03, TVCN,  36, 169N,  909W,  68,  103,   ,   0,    ,    0,    0,    0,    0, 
AL, 15, 2010092500, 03, TVCN,  48, 171N,  920W,  68,  135,   ,   0,    ,    0,    0,    0,    0, 
AL, 15, 2010092500, 03, TVCN,  72, 179N,  924W,  68,  121,   ,   0,    ,    0,    0,    0,    0, 
AL, 15, 2010092500, 03, TVCX,   0, 150N,  843W,  70,    0,   ,  71, AAA,    0,    0,    0,    0, 
AL, 15, 2010092500, 03, TVCX,  12, 159N,  870W,  70,   40,   ,  73, AAA,   41,   39,    2,    0, 
AL, 15, 2010092500, 03, TVCX,  24, 166N,  892W,  70,   69,   ,  76, AAA,   67,   72,    5,   -1, 
AL, 15, 2010092500, 03, TVCX,  36, 171N,  909W,  70,   96,   ,  80, AAA,   81,  116,    8,   -5, 
AL, 15, 2010092500, 03, TVCX,  48, 175N,  919W,  70,  122,   ,  78, AAA,  108,  138,   13,  -10, 
AL, 15, 2010092500, 03, TVCX,  72, 185N,  924W,  70,  127,   ,  91, AAA,  123,  133,   20,  -19, 
AL, 15, 2010092506, 03, GPCC,  12, 163N,  881W,  68,   36,   ,   0,    ,    0,    0,    0,    0, 
AL, 15, 2010092506, 03, GPCC,  24, 167N,  899W,  68,   72,   ,   0,    ,    0,    0,    0,    0, 
AL, 15, 2010092506, 03, GPCC,  36, 171N,  908W,  68,  100,   ,   0,    ,    0,    0,    0,    0, 
AL, 15, 2010092506, 03, GPCC,  48, 176N,  907W,  68,  129,   ,   0,    ,    0,    0,    0,    0, 
AL, 15, 2010092506, 03, GPCC,  72, 202N,  889W,  68,  192,   ,   0,    ,    0,    0,    0,    0, 
AL, 15, 2010092506, 03, GPCC,  96, 177N,  895W,  68,  266,   ,   0,    ,    0,    0,    0,    0, 
AL, 15, 2010092506, 03, GPCC, 120, 183N,  905W,  68,  356,   ,   0,    ,    0,    0,    0,    0, 
AL, 15, 2010092506, 03, TCON,  12, 163N,  880W,  68,   39,   ,   0,    ,    0,    0,    0,    0, 
AL, 15, 2010092506, 03, TCON,  24, 167N,  897W,  68,   66,   ,   0,    ,    0,    0,    0,    0, 
AL, 15, 2010092506, 03, TCON,  36, 172N,  906W,  68,  104,   ,   0,    ,    0,    0,    0,    0, 
AL, 15, 2010092506, 03, TCON,  48, 177N,  905W,  68,  115,   ,   0,    ,    0,    0,    0,    0, 
AL, 15, 2010092506, 03, TCOX,   0, 155N,  857W,  70,    0,   ,  71, AAA,    0,    0,    0,    0, 
AL, 15, 2010092506, 03, TCOX,  12, 163N,  880W,  70,   40,   ,  73, AAA,   38,   44,    2,    0, 
AL, 15, 2010092506, 03, TCOX,  24, 168N,  897W,  70,   67,   ,  69, AAA,   67,   68,    5,   -1, 
AL, 15, 2010092506, 03, TCOX,  36, 172N,  903W,  70,   92,   ,  19, AAA,   87,   98,    8,   -5, 
AL, 15, 2010092506, 03, TCOX,  48, 176N,  901W,  70,  116,   , 347, AAA,  100,  137,   13,  -10, 
AL, 15, 2010092506, 03, TVCN,  12, 163N,  881W,  68,   38,   ,   0,    ,    0,    0,    0,    0, 
AL, 15, 2010092506, 03, TVCN,  24, 167N,  899W,  68,   67,   ,   0,    ,    0,    0,    0,    0, 
AL, 15, 2010092506, 03, TVCN,  36, 171N,  908W,  68,  102,   ,   0,    ,    0,    0,    0,    0, 
AL, 15, 2010092506, 03, TVCN,  48, 176N,  907W,  68,  118,   ,   0,    ,    0,    0,    0,    0, 
AL, 15, 2010092506, 03, TVCN,  72, 202N,  889W,  68,  231,   ,   0,    ,    0,    0,    0,    0, 
AL, 15, 2010092506, 03, TVCN,  96, 177N,  895W,  68,  201,   ,   0,    ,    0,    0,    0,    0, 
AL, 15, 2010092506, 03, TVCN, 120, 183N,  905W,  68,  205,   ,   0,    ,    0,    0,    0,    0, 
AL, 15, 2010092506, 03, TVCX,   0, 155N,  857W,  70,    0,   ,  72, AAA,    0,    0,    0,    0, 
AL, 15, 2010092506, 03, TVCX,  12, 163N,  881W,  70,   40,   ,  75, AAA,   38,   43,    2,    0, 
AL, 15, 2010092506, 03, TVCX,  24, 168N,  899W,  70,   67,   ,  72, AAA,   64,   71,    5,   -1, 
AL, 15, 2010092506, 03, TVCX,  36, 172N,  906W,  70,   87,   ,  38, AAA,   87,   89,    8,   -5, 
AL, 15, 2010092506, 03, TVCX,  48, 174N,  904W,  70,  110,   , 327, AAA,   99,  124,   13,  -10, 
AL, 15, 2010092506, 03, TVCX,  72, 198N,  883W,  70,  227,   , 324, AAA,  127,  408,   20,  -19, 
AL, 15, 2010092506, 03, TVCX,  96, 169N,  895W,  70,  207,   , 270, AAA,  190,  226,   18,  -32, 
AL, 15, 2010092506, 03, TVCX, 120, 193N,  900W,  70,  265,   ,  64, AAA,  223,  317,    0,  -65, 
AL, 15, 2010092512, 03, GPCC,  12, 165N,  893W,  68,   36,   ,   0,    ,    0,    0,    0,    0, 
AL, 15, 2010092512, 03, GPCC,  24, 170N,  905W,  68,   72,   ,   0,    ,    0,    0,    0,    0, 
AL, 15, 2010092512, 03, GPCC,  36, 176N,  909W,  68,  100,   ,   0,    ,    0,    0,    0,    0, 
AL, 15, 2010092512, 03, GPCC,  48, 188N,  898W,  68,  129,   ,   0,    ,    0,    0,    0,    0, 
AL, 15, 2010092512, 03, GPCC,  72, 197N,  873W,  68,  192,   ,   0,    ,    0,    0,    0,    0, 
AL, 15, 2010092512, 03, GPCC,  96, 224N,  856W,  68,  266,   ,   0,    ,    0,    0,    0,    0, 
AL, 15, 2010092512, 03, GPCC, 120, 182N,  905W,  68,  356,   ,   0,    ,    0,    0,    0,    0, 
AL, 15, 2010092512, 03, TCON,  12, 165N,  891W,  68,   43,   ,   0,    ,    0,    0,    0,    0, 
AL, 15, 2010092512, 03, TCON,  24, 171N,  902W,  68,   74,   ,   0,    ,    0,    0,    0,    0, 
AL, 15, 2010092512, 03, TCON,  36, 179N,  905W,  68,  124,   ,   0,    ,    0,    0,    0,    0, 
AL, 15, 2010092512, 03, TCOX,   0, 158N,  873W,  70,    0,   ,  71, AAA,    0,    0,    0,    0, 
AL, 15, 2010092512, 03, TCOX,  12, 165N,  891W,  70,   42,   ,  64, AAA,   41,   44,    2,    0, 
AL, 15, 2010092512, 03, TCOX,  24, 172N,  901W,  70,   69,   ,  34, AAA,   73,   66,    5,   -1, 
AL, 15, 2010092512, 03, TCOX,  36, 181N,  905W,  70,  107,   ,  91, AAA,  100,  115,    8,   -5, 
AL, 15, 2010092512, 03, TVCN,  12, 165N,  893W,  68,   43,   ,   0,    ,    0,    0,    0,    0, 
AL, 15, 2010092512, 03, TVCN,  24, 170N,  905W,  68,   76,   ,   0,    ,    0,    0,    0,    0, 
AL, 15, 2010092512, 03, TVCN,  36, 176N,  909W,  68,  119,   ,   0,    ,    0,    0,    0,    0, 
AL, 15, 2010092512, 03, TVCN,  48, 188N,  898W,  68,  164,   ,   0,    ,    0,    0,    0,    0, 
AL, 15, 2010092512, 03, TVCN,  72, 197N,  873W,  68,  253,   ,   0,    ,    0,    0,    0,    0, 
AL, 15, 2010092512, 03, TVCN,  96, 224N,  856W,  68,  485,   ,   0,    ,    0,    0,    0,    0, 
AL, 15, 2010092512, 03, TVCN, 120, 182N,  905W,  68,  221,   ,   0,    ,    0,    0,    0,    0, 
AL, 15, 2010092512, 03, TVCX,   0, 158N,  873W,  70,    0,   ,  73, AAA,    0,    0,    0,    0, 
AL, 15, 2010092512, 03, TVCX,  12, 165N,  893W,  70,   42,   ,  68, AAA,   40,   45,    2,    0, 
AL, 15, 2010092512, 03, TVCX,  24, 171N,  904W,  70,   66,   ,  54, AAA,   74,   60,    5,   -1, 
AL, 15, 2010092512, 03, TVCX,  36, 174N,  909W,  70,  109,   , 300, AAA,   79,  152,    8,   -5, 
AL, 15, 2010092512, 03, TVCX,  48, 185N,  896W,  70,  144,   , 298, AAA,  120,  174,   13,  -10, 
AL, 15, 2010092512, 03, TVCX,  72, 192N,  869W,  70,  228,   , 309, AAA,  164,  320,   20,  -19, 
AL, 15, 2010092512, 03, TVCX,  96, 219N,  848W,  70,  395,   , 331, AAA,  191,  816,   18,  -32, 
AL, 15, 2010092512, 03, TVCX, 120, 189N,  913W,  70,  291,   , 136, AAA,  217,  393,    0,  -65, 
AL, 15, 2010092518, 03, GPCC,  12, 178N,  905W,  68,   36,   ,   0,    ,    0,    0,    0,    0, 
AL, 15, 2010092518, 03, GPCC,  24, 184N,  915W,  68,   72,   ,   0,    ,    0,    0,    0,    0, 
AL, 15, 2010092518, 03, GPCC,  36, 187N,  917W,  68,  100,   ,   0,    ,    0,    0,    0,    0, 
AL, 15, 2010092518, 03, GPCC,  48, 190N,  910W,  68,  129,   ,   0,    ,    0,    0,    0,    0, 
AL, 15, 2010092518, 03, GPCC,  72, 184N,  890W,  68,  192,   ,   0,    ,    0,    0,    0,    0, 
AL, 15, 2010092518, 03, GPCC,  96, 189N,  890W,  68,  266,   ,   0,    ,    0,    0,    0,    0, 
AL, 15, 2010092518, 03, GPCC, 120, 194N,  892W,  68,  356,   ,   0,    ,    0,    0,    0,    0, 
AL, 15, 2010092518, 03, TCON,  12, 179N,  905W,  68,   46,   ,   0,    ,    0,    0,    0,    0, 
AL, 15, 2010092518, 03, TCON,  24, 184N,  915W,  68,   76,   ,   0,    ,    0,    0,    0,    0, 
AL, 15, 2010092518, 03, TCON,  36, 187N,  918W,  68,  115,   ,   0,    ,    0,    0,    0,    0, 
AL, 15, 2010092518, 03, TCOX,   0, 171N,  888W,  70,    0,   ,  67, AAA,    0,    0,    0,    0, 
AL, 15, 2010092518, 03, TCOX,  12, 179N,  905W,  70,   45,   ,  63, AAA,   41,   51,    2,    0, 
AL, 15, 2010092518, 03, TCOX,  24, 185N,  915W,  70,   76,   ,  53, AAA,   66,   88,    5,   -1, 
AL, 15, 2010092518, 03, TCOX,  36, 189N,  918W,  70,  103,   ,  91, AAA,   85,  125,    8,   -5, 
AL, 15, 2010092518, 03, TVCN,  12, 178N,  905W,  68,   44,   ,   0,    ,    0,    0,    0,    0, 
AL, 15, 2010092518, 03, TVCN,  24, 184N,  915W,  68,   75,   ,   0,    ,    0,    0,    0,    0, 
AL, 15, 2010092518, 03, TVCN,  36, 187N,  917W,  68,  110,   ,   0,    ,    0,    0,    0,    0, 
AL, 15, 2010092518, 03, TVCN,  48, 190N,  910W,  68,  119,   ,   0,    ,    0,    0,    0,    0, 
AL, 15, 2010092518, 03, TVCN,  72, 184N,  890W,  68,  173,   ,   0,    ,    0,    0,    0,    0, 
AL, 15, 2010092518, 03, TVCN,  96, 189N,  890W,  68,  186,   ,   0,    ,    0,    0,    0,    0, 
AL, 15, 2010092518, 03, TVCN, 120, 194N,  892W,  68,  289,   ,   0,    ,    0,    0,    0,    0, 
AL, 15, 2010092518, 03, TVCX,   0, 171N,  888W,  70,    0,   ,  69, AAA,    0,    0,    0,    0, 
AL, 15, 2010092518, 03, TVCX,  12, 179N,  905W,  70,   44,   ,  63, AAA,   40,   49,    2,    0, 
AL, 15, 2010092518, 03, TVCX,  24, 185N,  914W,  70,   74,   ,  52, AAA,   64,   87,    5,   -1, 
AL, 15, 2010092518, 03, TVCX,  36, 185N,  915W,  70,   97,   , 307, AAA,   82,  115,    8,   -5, 
AL, 15, 2010092518, 03, TVCX,  48, 186N,  910W,  70,  121,   , 262, AAA,   93,  159,   13,  -10, 
AL, 15, 2010092518, 03, TVCX,  72, 182N,  897W,  70,  173,   , 197, AAA,  142,  211,   20,  -19, 
AL, 15, 2010092518, 03, TVCX,  96, 197N,  886W,  70,  217,   ,  72, AAA,  165,  287,   18,  -32, 
AL, 15, 2010092518, 03, TVCX, 120, 198N,  881W,  70,  323,   ,  20, AAA,  256,  410,    0,  -65, 
AL, 15, 2010092600, 03, GPCC,  12, 173N,  924W,  68,   36,   ,   0,    ,    0,    0,    0,    0, 
AL, 15, 2010092600, 03, GPCC,  24, 178N,  930W,  68,   72,   ,   0,    ,    0,    0,    0,    0, 
AL, 15, 2010092600, 03, GPCC,  36, 177N,  930W,  68,  100,   ,   0,    ,    0,    0,    0,    0, 
AL, 15, 2010092600, 03, GPCC,  48, 172N,  922W,  68,  129,   ,   0,    ,    0,    0,    0,    0, 
AL, 15, 2010092600, 03, GPCC,  72, 177N,  933W,  68,  192,   ,   0,    ,    0,    0,    0,    0, 
AL, 15, 2010092600, 03, GPCC,  96, 166N,  927W,  68,  266,   ,   0,    ,    0,    0,    0,    0, 
AL, 15, 2010092600, 03, GPCC, 120, 169N,  926W,  68,  356,   ,   0,    ,    0,    0,    0,    0, 
AL, 15, 2010092600, 03, TCON,  12, 176N,  923W,  68,   41,   ,   0,    ,    0,    0,    0,    0, 
AL, 15, 2010092600, 03, TCOX,   0, 169N,  907W,  70,    0,   ,  67, AAA,    0,    0,    0,    0, 
AL, 15, 2010092600, 03, TCOX,  12, 176N,  923W,  70,   42,   ,  91, AAA,   39,   46,    2,    0, 
AL, 15, 2010092600, 03, TVCN,  12, 173N,  924W,  68,   51,   ,   0,    ,    0,    0,    0,    0, 
AL, 15, 2010092600, 03, TVCN,  24, 178N,  930W,  68,   77,   ,   0,    ,    0,    0,    0,    0, 
AL, 15, 2010092600, 03, TVCN,  36, 177N,  930W,  68,  113,   ,   0,    ,    0,    0,    0,    0, 
AL, 15, 2010092600, 03, TVCN,  48, 172N,  922W,  68,  146,   ,   0,    ,    0,    0,    0,    0, 
AL, 15, 2010092600, 03, TVCN,  72, 177N,  933W,  68,  196,   ,   0,    ,    0,    0,    0,    0, 
AL, 15, 2010092600, 03, TVCN,  96, 166N,  927W,  68,  273,   ,   0,    ,    0,    0,    0,    0, 
AL, 15, 2010092600, 03, TVCN, 120, 169N,  926W,  68,  391,   ,   0,    ,    0,    0,    0,    0, 
AL, 15, 2010092600, 03, TVCX,   0, 169N,  907W,  70,    0,   ,  79, AAA,    0,    0,    0,    0, 
AL, 15, 2010092600, 03, TVCX,  12, 174N,  924W,  70,   44,   ,  63, AAA,   48,   42,    2,    0, 
AL, 15, 2010092600, 03, TVCX,  24, 178N,  929W,  70,   73,   ,  19, AAA,   70,   77,    5,   -1, 
AL, 15, 2010092600, 03, TVCX,  36, 175N,  932W,  70,  106,   , 229, AAA,   79,  143,    8,   -5, 
AL, 15, 2010092600, 03, TVCX,  48, 175N,  920W,  70,  138,   ,  54, AAA,  105,  184,   13,  -10, 
AL, 15, 2010092600, 03, TVCX,  72, 171N,  937W,  70,  132,   , 241, AAA,  172,  102,   20,  -19, 
AL, 15, 2010092600, 03, TVCX,  96, 158N,  928W,  70,  215,   , 262, AAA,  263,  176,   18,  -32, 
AL, 15, 2010092600, 03, TVCX, 120, 167N,  915W,  70,  411,   , 350, AAA,  201,  841,    0,  -65, 
AL, 15, 2010092606, 03, GPCC,  12, 175N,  925W,  68,   36,   ,   0,    ,    0,    0,    0,    0, 
AL, 15, 2010092606, 03, GPCC,  24, 176N,  925W,  68,   72,   ,   0,    ,    0,    0,    0,    0, 
AL, 15, 2010092606, 03, GPCC,  36, 179N,  919W,  68,  100,   ,   0,    ,    0,    0,    0,    0, 
AL, 15, 2010092606, 03, GPCC,  48, 181N,  909W,  68,  129,   ,   0,    ,    0,    0,    0,    0, 
AL, 15, 2010092606, 03, GPCC,  72,   0N,    0W,  68,  192,   ,   0,    ,    0,    0,    0,    0, 
AL, 15, 2010092606, 03, GPCC,  96,   0N,    0W,  68,  266,   ,   0,    ,    0,    0,    0,    0, 
AL, 15, 2010092606, 03, GPCC, 120,   0N,    0W,  68,  356,   ,   0,    ,    0,    0,    0,    0, 
AL, 15, 2010092606, 03, TCON,  12, 175N,  926W,  68,   57,   ,   0,    ,    0,    0,    0,    0, 
AL, 15, 2010092606, 03, TCOX,   0, 172N,  915W,  70,    0,   ,  74, AAA,    0,    0,    0,    0, 
AL, 15, 2010092606, 03, TCOX,  12, 175N,  926W,  70,   51,   ,  91, AAA,   42,   64,    2,    0, 
AL, 15, 2010092606, 03, TVCN,  12, 175N,  925W,  68,   59,   ,   0,    ,    0,    0,    0,    0, 
AL, 15, 2010092606, 03, TVCN,  24, 176N,  925W,  68,   93,   ,   0,    ,    0,    0,    0,    0, 
AL, 15, 2010092606, 03, TVCN,  36, 179N,  919W,  68,  113,   ,   0,    ,    0,    0,    0,    0, 
AL, 15, 2010092606, 03, TVCN,  48, 181N,  909W,  68,  135,   ,   0,    ,    0,    0,    0,    0, 
AL, 15, 2010092606, 03, TVCX,   0, 172N,  915W,  70,    0,   ,  74, AAA,    0,    0,    0,    0, 
AL, 15, 2010092606, 03, TVCX,  12, 176N,  925W,  70,   51,   ,  47, AAA,   48,   56,    2,    0, 
AL, 15, 2010092606, 03, TVCX,  24, 176N,  924W,  70,   85,   , 317, AAA,   74,  100,    5,   -1, 
AL, 15, 2010092606, 03, TVCX,  36, 177N,  919W,  70,  110,   , 290, AAA,   63,  195,    8,   -5, 
AL, 15, 2010092606, 03, TVCX,  48, 185N,  909W,  70,  134,   ,  91, AAA,   87,  207,   13,  -10, 
AL, 15, 2010092612, 03, GPCC,  12, 174N,  930W,  68,   36,   ,   0,    ,    0,    0,    0,    0, 
AL, 15, 2010092612, 03, GPCC,  24, 178N,  923W,  68,   72,   ,   0,    ,    0,    0,    0,    0, 
AL, 15, 2010092612, 03, GPCC,  36, 179N,  911W,  68,  100,   ,   0,    ,    0,    0,    0,    0, 
AL, 15, 2010092612, 03, GPCC,  48, 188N,  910W,  68,  129,   ,   0,    ,    0,    0,    0,    0, 
AL, 15, 2010092612, 03, GPCC,  72,   0N,    0W,  68,  192,   ,   0,    ,    0,    0,    0,    0, 
AL, 15, 2010092612, 03, GPCC,  96,   0N,    0W,  68,  266,   ,   0,    ,    0,    0,    0,    0, 
AL, 15, 2010092612, 03, GPCC, 120,   0N,    0W,  68,  356,   ,   0,    ,    0,    0,    0,    0, 
AL, 15, 2010092612, 03, TCON,  12, 174N,  929W,  68,   62,   ,   0,    ,    0,    0,    0,    0, 
AL, 15, 2010092612, 03, TCOX,   0, 174N,  927W,  70,    0,   ,  90, AAA,    0,    0,    0,    0, 
AL, 15, 2010092612, 03, TCOX,  12, 174N,  929W,  70,   53,   ,  91, AAA,   41,   72,    2,    0, 
AL, 15, 2010092612, 03, TVCN,  12, 174N,  930W,  68,   61,   ,   0,    ,    0,    0,    0,    0, 
AL, 15, 2010092612, 03, TVCN,  24, 178N,  923W,  68,   81,   ,   0,    ,    0,    0,    0,    0, 
AL, 15, 2010092612, 03, TVCN,  36, 179N,  911W,  68,  118,   ,   0,    ,    0,    0,    0,    0, 
AL, 15, 2010092612, 03, TVCN,  48, 188N,  910W,  68,  160,   ,   0,    ,    0,    0,    0,    0, 
AL, 15, 2010092612, 03, TVCX,   0, 174N,  927W,  70,    0,   ,  95, AAA,    0,    0,    0,    0, 
AL, 15, 2010092612, 03, TVCX,  12, 173N,  930W,  70,   54,   , 275, AAA,   40,   74,    2,    0, 
AL, 15, 2010092612, 03, TVCX,  24, 177N,  923W,  70,   79,   , 285, AAA,   58,  108,    5,   -1, 
AL, 15, 2010092612, 03, TVCX,  36, 179N,  909W,  70,  104,   , 335, AAA,   88,  124,    8,   -5, 
AL, 15, 2010092612, 03, TVCX,  48, 192N,  910W,  70,  152,   ,  91, AAA,   92,  252,   13,  -10, 
