EP, 04, 2010061818, 03, GPCC,  12,   0N,    0W,  68,   32,   ,   0,    ,    0,    0,    0,    0, 
EP, 04, 2010061818, 03, GPCC,  24,   0N,    0W,  68,   64,   ,   0,    ,    0,    0,    0,    0, 
EP, 04, 2010061818, 03, GPCC,  36,   0N,    0W,  68,   92,   ,   0,    ,    0,    0,    0,    0, 
EP, 04, 2010061818, 03, GPCC,  48,   0N,    0W,  68,  119,   ,   0,    ,    0,    0,    0,    0, 
EP, 04, 2010061818, 03, GPCC,  72,   0N,    0W,  68,  173,   ,   0,    ,    0,    0,    0,    0, 
EP, 04, 2010061818, 03, GPCC,  96,   0N,    0W,  68,  227,   ,   0,    ,    0,    0,    0,    0, 
EP, 04, 2010061818, 03, GPCC, 120,   0N,    0W,  68,  335,   ,   0,    ,    0,    0,    0,    0, 
EP, 04, 2010061900, 03, GPCC,  12, 136N,  975W,  68,   32,   ,   0,    ,    0,    0,    0,    0, 
EP, 04, 2010061900, 03, GPCC,  24, 142N,  996W,  68,   64,   ,   0,    ,    0,    0,    0,    0, 
EP, 04, 2010061900, 03, GPCC,  36, 145N, 1012W,  68,   92,   ,   0,    ,    0,    0,    0,    0, 
EP, 04, 2010061900, 03, GPCC,  48, 148N, 1028W,  68,  119,   ,   0,    ,    0,    0,    0,    0, 
EP, 04, 2010061900, 03, GPCC,  72, 150N, 1056W,  68,  173,   ,   0,    ,    0,    0,    0,    0, 
EP, 04, 2010061900, 03, GPCC,  96, 157N, 1087W,  68,  227,   ,   0,    ,    0,    0,    0,    0, 
EP, 04, 2010061900, 03, GPCC, 120, 163N, 1118W,  68,  335,   ,   0,    ,    0,    0,    0,    0, 
EP, 04, 2010061900, 03, TVCN,  12, 136N,  975W,  68,   51,   ,   0,    ,    0,    0,    0,    0, 
EP, 04, 2010061900, 03, TVCN,  24, 142N,  996W,  68,   75,   ,   0,    ,    0,    0,    0,    0, 
EP, 04, 2010061900, 03, TVCN,  36, 145N, 1012W,  68,  112,   ,   0,    ,    0,    0,    0,    0, 
EP, 04, 2010061900, 03, TVCN,  48, 148N, 1028W,  68,  149,   ,   0,    ,    0,    0,    0,    0, 
EP, 04, 2010061900, 03, TVCN,  72, 150N, 1056W,  68,  172,   ,   0,    ,    0,    0,    0,    0, 
EP, 04, 2010061900, 03, TVCN,  96, 157N, 1087W,  68,  207,   ,   0,    ,    0,    0,    0,    0, 
EP, 04, 2010061900, 03, TVCN, 120, 163N, 1118W,  68,  274,   ,   0,    ,    0,    0,    0,    0, 
EP, 04, 2010061906, 03, GPCC,  12, 131N,  983W,  68,   32,   ,   0,    ,    0,    0,    0,    0, 
EP, 04, 2010061906, 03, GPCC,  24, 130N,  996W,  68,   64,   ,   0,    ,    0,    0,    0,    0, 
EP, 04, 2010061906, 03, GPCC,  36, 129N, 1009W,  68,   92,   ,   0,    ,    0,    0,    0,    0, 
EP, 04, 2010061906, 03, GPCC,  48, 127N, 1020W,  68,  119,   ,   0,    ,    0,    0,    0,    0, 
EP, 04, 2010061906, 03, GPCC,  72, 121N, 1039W,  68,  173,   ,   0,    ,    0,    0,    0,    0, 
EP, 04, 2010061906, 03, GPCC,  96, 123N, 1059W,  68,  227,   ,   0,    ,    0,    0,    0,    0, 
EP, 04, 2010061906, 03, GPCC, 120, 132N, 1087W,  68,  335,   ,   0,    ,    0,    0,    0,    0, 
EP, 04, 2010061906, 03, TVCN,  12, 131N,  983W,  68,   50,   ,   0,    ,    0,    0,    0,    0, 
EP, 04, 2010061906, 03, TVCN,  24, 130N,  996W,  68,   82,   ,   0,    ,    0,    0,    0,    0, 
EP, 04, 2010061906, 03, TVCN,  36, 129N, 1009W,  68,  114,   ,   0,    ,    0,    0,    0,    0, 
EP, 04, 2010061906, 03, TVCN,  48, 127N, 1020W,  68,  143,   ,   0,    ,    0,    0,    0,    0, 
EP, 04, 2010061906, 03, TVCN,  72, 121N, 1039W,  68,  171,   ,   0,    ,    0,    0,    0,    0, 
EP, 04, 2010061906, 03, TVCN,  96, 123N, 1059W,  68,  214,   ,   0,    ,    0,    0,    0,    0, 
EP, 04, 2010061906, 03, TVCN, 120, 132N, 1087W,  68,  257,   ,   0,    ,    0,    0,    0,    0, 
EP, 04, 2010061912, 03, GPCC,  12, 127N,  985W,  68,   32,   ,   0,    ,    0,    0,    0,    0, 
EP, 04, 2010061912, 03, GPCC,  24, 126N,  998W,  68,   64,   ,   0,    ,    0,    0,    0,    0, 
EP, 04, 2010061912, 03, GPCC,  36, 126N, 1010W,  68,   92,   ,   0,    ,    0,    0,    0,    0, 
EP, 04, 2010061912, 03, GPCC,  48, 123N, 1021W,  68,  119,   ,   0,    ,    0,    0,    0,    0, 
EP, 04, 2010061912, 03, GPCC,  72, 118N, 1038W,  68,  173,   ,   0,    ,    0,    0,    0,    0, 
EP, 04, 2010061912, 03, GPCC,  96, 121N, 1060W,  68,  227,   ,   0,    ,    0,    0,    0,    0, 
EP, 04, 2010061912, 03, GPCC, 120, 132N, 1090W,  68,  335,   ,   0,    ,    0,    0,    0,    0, 
EP, 04, 2010061912, 03, TVCN,  12, 127N,  985W,  68,   47,   ,   0,    ,    0,    0,    0,    0, 
EP, 04, 2010061912, 03, TVCN,  24, 126N,  998W,  68,   79,   ,   0,    ,    0,    0,    0,    0, 
EP, 04, 2010061912, 03, TVCN,  36, 126N, 1010W,  68,  110,   ,   0,    ,    0,    0,    0,    0, 
EP, 04, 2010061912, 03, TVCN,  48, 123N, 1021W,  68,  137,   ,   0,    ,    0,    0,    0,    0, 
EP, 04, 2010061912, 03, TVCN,  72, 118N, 1038W,  68,  166,   ,   0,    ,    0,    0,    0,    0, 
EP, 04, 2010061912, 03, TVCN,  96, 121N, 1060W,  68,  210,   ,   0,    ,    0,    0,    0,    0, 
EP, 04, 2010061912, 03, TVCN, 120, 132N, 1090W,  68,  258,   ,   0,    ,    0,    0,    0,    0, 
EP, 04, 2010061918, 03, GPCC,  12, 123N,  992W,  68,   32,   ,   0,    ,    0,    0,    0,    0, 
EP, 04, 2010061918, 03, GPCC,  24, 123N, 1007W,  68,   64,   ,   0,    ,    0,    0,    0,    0, 
EP, 04, 2010061918, 03, GPCC,  36, 121N, 1020W,  68,   92,   ,   0,    ,    0,    0,    0,    0, 
EP, 04, 2010061918, 03, GPCC,  48, 118N, 1032W,  68,  119,   ,   0,    ,    0,    0,    0,    0, 
EP, 04, 2010061918, 03, GPCC,  72, 112N, 1058W,  68,  173,   ,   0,    ,    0,    0,    0,    0, 
EP, 04, 2010061918, 03, GPCC,  96, 115N, 1090W,  68,  227,   ,   0,    ,    0,    0,    0,    0, 
EP, 04, 2010061918, 03, GPCC, 120, 118N, 1123W,  68,  335,   ,   0,    ,    0,    0,    0,    0, 
EP, 04, 2010061918, 03, TCON,  12, 124N,  992W,  68,   35,   ,   0,    ,    0,    0,    0,    0, 
EP, 04, 2010061918, 03, TCON,  24, 123N, 1007W,  68,   57,   ,   0,    ,    0,    0,    0,    0, 
EP, 04, 2010061918, 03, TCON,  36, 121N, 1020W,  68,   80,   ,   0,    ,    0,    0,    0,    0, 
EP, 04, 2010061918, 03, TCON,  48, 117N, 1030W,  68,   88,   ,   0,    ,    0,    0,    0,    0, 
EP, 04, 2010061918, 03, TCON,  72, 111N, 1053W,  68,  153,   ,   0,    ,    0,    0,    0,    0, 
EP, 04, 2010061918, 03, TCON,  96, 115N, 1084W,  68,  197,   ,   0,    ,    0,    0,    0,    0, 
EP, 04, 2010061918, 03, TVCN,  12, 123N,  992W,  68,   33,   ,   0,    ,    0,    0,    0,    0, 
EP, 04, 2010061918, 03, TVCN,  24, 123N, 1007W,  68,   52,   ,   0,    ,    0,    0,    0,    0, 
EP, 04, 2010061918, 03, TVCN,  36, 121N, 1020W,  68,   70,   ,   0,    ,    0,    0,    0,    0, 
EP, 04, 2010061918, 03, TVCN,  48, 118N, 1032W,  68,   86,   ,   0,    ,    0,    0,    0,    0, 
EP, 04, 2010061918, 03, TVCN,  72, 112N, 1058W,  68,  126,   ,   0,    ,    0,    0,    0,    0, 
EP, 04, 2010061918, 03, TVCN,  96, 115N, 1090W,  68,  162,   ,   0,    ,    0,    0,    0,    0, 
EP, 04, 2010061918, 03, TVCN, 120, 118N, 1123W,  68,  222,   ,   0,    ,    0,    0,    0,    0, 
EP, 04, 2010062000, 03, GPCC,  12, 119N,  998W,  68,   32,   ,   0,    ,    0,    0,    0,    0, 
EP, 04, 2010062000, 03, GPCC,  24, 117N, 1009W,  68,   64,   ,   0,    ,    0,    0,    0,    0, 
EP, 04, 2010062000, 03, GPCC,  36, 114N, 1020W,  68,   92,   ,   0,    ,    0,    0,    0,    0, 
EP, 04, 2010062000, 03, GPCC,  48, 113N, 1030W,  68,  119,   ,   0,    ,    0,    0,    0,    0, 
EP, 04, 2010062000, 03, GPCC,  72, 113N, 1055W,  68,  173,   ,   0,    ,    0,    0,    0,    0, 
EP, 04, 2010062000, 03, GPCC,  96, 126N, 1089W,  68,  227,   ,   0,    ,    0,    0,    0,    0, 
EP, 04, 2010062000, 03, GPCC, 120, 140N, 1126W,  68,  335,   ,   0,    ,    0,    0,    0,    0, 
EP, 04, 2010062000, 03, TCON,  12, 119N,  998W,  68,   31,   ,   0,    ,    0,    0,    0,    0, 
EP, 04, 2010062000, 03, TCON,  24, 116N, 1010W,  68,   53,   ,   0,    ,    0,    0,    0,    0, 
EP, 04, 2010062000, 03, TCON,  36, 113N, 1020W,  68,   76,   ,   0,    ,    0,    0,    0,    0, 
EP, 04, 2010062000, 03, TCON,  48, 112N, 1028W,  68,   85,   ,   0,    ,    0,    0,    0,    0, 
EP, 04, 2010062000, 03, TCON,  72, 114N, 1055W,  68,  148,   ,   0,    ,    0,    0,    0,    0, 
EP, 04, 2010062000, 03, TCON,  96, 127N, 1090W,  68,  196,   ,   0,    ,    0,    0,    0,    0, 
EP, 04, 2010062000, 03, TVCN,  12, 119N,  998W,  68,   27,   ,   0,    ,    0,    0,    0,    0, 
EP, 04, 2010062000, 03, TVCN,  24, 117N, 1009W,  68,   43,   ,   0,    ,    0,    0,    0,    0, 
EP, 04, 2010062000, 03, TVCN,  36, 114N, 1020W,  68,   60,   ,   0,    ,    0,    0,    0,    0, 
EP, 04, 2010062000, 03, TVCN,  48, 113N, 1030W,  68,   73,   ,   0,    ,    0,    0,    0,    0, 
EP, 04, 2010062000, 03, TVCN,  72, 113N, 1055W,  68,   99,   ,   0,    ,    0,    0,    0,    0, 
EP, 04, 2010062000, 03, TVCN,  96, 126N, 1089W,  68,  122,   ,   0,    ,    0,    0,    0,    0, 
EP, 04, 2010062000, 03, TVCN, 120, 140N, 1126W,  68,  182,   ,   0,    ,    0,    0,    0,    0, 
EP, 04, 2010062006, 03, GPCC,  12, 117N, 1005W,  68,   32,   ,   0,    ,    0,    0,    0,    0, 
EP, 04, 2010062006, 03, GPCC,  24, 114N, 1017W,  68,   64,   ,   0,    ,    0,    0,    0,    0, 
EP, 04, 2010062006, 03, GPCC,  36, 114N, 1028W,  68,   92,   ,   0,    ,    0,    0,    0,    0, 
EP, 04, 2010062006, 03, GPCC,  48, 115N, 1041W,  68,  119,   ,   0,    ,    0,    0,    0,    0, 
EP, 04, 2010062006, 03, GPCC,  72, 117N, 1073W,  68,  173,   ,   0,    ,    0,    0,    0,    0, 
EP, 04, 2010062006, 03, GPCC,  96, 131N, 1108W,  68,  227,   ,   0,    ,    0,    0,    0,    0, 
EP, 04, 2010062006, 03, GPCC, 120, 146N, 1145W,  68,  335,   ,   0,    ,    0,    0,    0,    0, 
EP, 04, 2010062006, 03, TCON,  12, 117N, 1005W,  68,   31,   ,   0,    ,    0,    0,    0,    0, 
EP, 04, 2010062006, 03, TCON,  24, 115N, 1017W,  68,   52,   ,   0,    ,    0,    0,    0,    0, 
EP, 04, 2010062006, 03, TCON,  36, 116N, 1027W,  68,   75,   ,   0,    ,    0,    0,    0,    0, 
EP, 04, 2010062006, 03, TCON,  48, 118N, 1040W,  68,   84,   ,   0,    ,    0,    0,    0,    0, 
EP, 04, 2010062006, 03, TCON,  72, 120N, 1073W,  68,  149,   ,   0,    ,    0,    0,    0,    0, 
EP, 04, 2010062006, 03, TCON,  96, 132N, 1108W,  68,  198,   ,   0,    ,    0,    0,    0,    0, 
EP, 04, 2010062006, 03, TCON, 120, 147N, 1146W,  68,  212,   ,   0,    ,    0,    0,    0,    0, 
EP, 04, 2010062006, 03, TVCN,  12, 117N, 1005W,  68,   29,   ,   0,    ,    0,    0,    0,    0, 
EP, 04, 2010062006, 03, TVCN,  24, 114N, 1017W,  68,   48,   ,   0,    ,    0,    0,    0,    0, 
EP, 04, 2010062006, 03, TVCN,  36, 114N, 1028W,  68,   71,   ,   0,    ,    0,    0,    0,    0, 
EP, 04, 2010062006, 03, TVCN,  48, 115N, 1041W,  68,   92,   ,   0,    ,    0,    0,    0,    0, 
EP, 04, 2010062006, 03, TVCN,  72, 117N, 1073W,  68,  122,   ,   0,    ,    0,    0,    0,    0, 
EP, 04, 2010062006, 03, TVCN,  96, 131N, 1108W,  68,  140,   ,   0,    ,    0,    0,    0,    0, 
EP, 04, 2010062006, 03, TVCN, 120, 146N, 1145W,  68,  183,   ,   0,    ,    0,    0,    0,    0, 
EP, 04, 2010062012, 03, GPCC,  12, 116N, 1011W,  68,   32,   ,   0,    ,    0,    0,    0,    0, 
EP, 04, 2010062012, 03, GPCC,  24, 114N, 1023W,  68,   64,   ,   0,    ,    0,    0,    0,    0, 
EP, 04, 2010062012, 03, GPCC,  36, 114N, 1034W,  68,   92,   ,   0,    ,    0,    0,    0,    0, 
EP, 04, 2010062012, 03, GPCC,  48, 113N, 1048W,  68,  119,   ,   0,    ,    0,    0,    0,    0, 
EP, 04, 2010062012, 03, GPCC,  72, 116N, 1080W,  68,  173,   ,   0,    ,    0,    0,    0,    0, 
EP, 04, 2010062012, 03, GPCC,  96, 131N, 1118W,  68,  227,   ,   0,    ,    0,    0,    0,    0, 
EP, 04, 2010062012, 03, GPCC, 120, 150N, 1157W,  68,  335,   ,   0,    ,    0,    0,    0,    0, 
EP, 04, 2010062012, 03, TCON,  12, 116N, 1012W,  68,   31,   ,   0,    ,    0,    0,    0,    0, 
EP, 04, 2010062012, 03, TCON,  24, 114N, 1023W,  68,   54,   ,   0,    ,    0,    0,    0,    0, 
EP, 04, 2010062012, 03, TCON,  36, 115N, 1034W,  68,   77,   ,   0,    ,    0,    0,    0,    0, 
EP, 04, 2010062012, 03, TCON,  48, 115N, 1048W,  68,   85,   ,   0,    ,    0,    0,    0,    0, 
EP, 04, 2010062012, 03, TCON,  72, 119N, 1082W,  68,  146,   ,   0,    ,    0,    0,    0,    0, 
EP, 04, 2010062012, 03, TCON,  96, 132N, 1120W,  68,  199,   ,   0,    ,    0,    0,    0,    0, 
EP, 04, 2010062012, 03, TCON, 120, 150N, 1160W,  68,  215,   ,   0,    ,    0,    0,    0,    0, 
EP, 04, 2010062012, 03, TVCN,  12, 116N, 1011W,  68,   27,   ,   0,    ,    0,    0,    0,    0, 
EP, 04, 2010062012, 03, TVCN,  24, 114N, 1023W,  68,   45,   ,   0,    ,    0,    0,    0,    0, 
EP, 04, 2010062012, 03, TVCN,  36, 114N, 1034W,  68,   65,   ,   0,    ,    0,    0,    0,    0, 
EP, 04, 2010062012, 03, TVCN,  48, 113N, 1048W,  68,   80,   ,   0,    ,    0,    0,    0,    0, 
EP, 04, 2010062012, 03, TVCN,  72, 116N, 1080W,  68,  102,   ,   0,    ,    0,    0,    0,    0, 
EP, 04, 2010062012, 03, TVCN,  96, 131N, 1118W,  68,  127,   ,   0,    ,    0,    0,    0,    0, 
EP, 04, 2010062012, 03, TVCN, 120, 150N, 1157W,  68,  163,   ,   0,    ,    0,    0,    0,    0, 
EP, 04, 2010062018, 03, GPCC,  12, 113N, 1012W,  68,   32,   ,   0,    ,    0,    0,    0,    0, 
EP, 04, 2010062018, 03, GPCC,  24, 112N, 1024W,  68,   64,   ,   0,    ,    0,    0,    0,    0, 
EP, 04, 2010062018, 03, GPCC,  36, 112N, 1036W,  68,   92,   ,   0,    ,    0,    0,    0,    0, 
EP, 04, 2010062018, 03, GPCC,  48, 112N, 1050W,  68,  119,   ,   0,    ,    0,    0,    0,    0, 
EP, 04, 2010062018, 03, GPCC,  72, 119N, 1087W,  68,  173,   ,   0,    ,    0,    0,    0,    0, 
EP, 04, 2010062018, 03, GPCC,  96, 131N, 1130W,  68,  227,   ,   0,    ,    0,    0,    0,    0, 
EP, 04, 2010062018, 03, GPCC, 120, 148N, 1170W,  68,  335,   ,   0,    ,    0,    0,    0,    0, 
EP, 04, 2010062018, 03, TCON,  12, 113N, 1012W,  68,   29,   ,   0,    ,    0,    0,    0,    0, 
EP, 04, 2010062018, 03, TCON,  24, 112N, 1023W,  68,   51,   ,   0,    ,    0,    0,    0,    0, 
EP, 04, 2010062018, 03, TCON,  36, 113N, 1034W,  68,   73,   ,   0,    ,    0,    0,    0,    0, 
EP, 04, 2010062018, 03, TCON,  48, 114N, 1049W,  68,   80,   ,   0,    ,    0,    0,    0,    0, 
EP, 04, 2010062018, 03, TCON,  72, 120N, 1088W,  68,  142,   ,   0,    ,    0,    0,    0,    0, 
EP, 04, 2010062018, 03, TCON,  96, 131N, 1130W,  68,  200,   ,   0,    ,    0,    0,    0,    0, 
EP, 04, 2010062018, 03, TCON, 120, 147N, 1170W,  68,  215,   ,   0,    ,    0,    0,    0,    0, 
EP, 04, 2010062018, 03, TVCN,  12, 113N, 1012W,  68,   25,   ,   0,    ,    0,    0,    0,    0, 
EP, 04, 2010062018, 03, TVCN,  24, 112N, 1024W,  68,   43,   ,   0,    ,    0,    0,    0,    0, 
EP, 04, 2010062018, 03, TVCN,  36, 112N, 1036W,  68,   62,   ,   0,    ,    0,    0,    0,    0, 
EP, 04, 2010062018, 03, TVCN,  48, 112N, 1050W,  68,   72,   ,   0,    ,    0,    0,    0,    0, 
EP, 04, 2010062018, 03, TVCN,  72, 119N, 1087W,  68,   91,   ,   0,    ,    0,    0,    0,    0, 
EP, 04, 2010062018, 03, TVCN,  96, 131N, 1130W,  68,  114,   ,   0,    ,    0,    0,    0,    0, 
EP, 04, 2010062018, 03, TVCN, 120, 148N, 1170W,  68,  160,   ,   0,    ,    0,    0,    0,    0, 
EP, 04, 2010062100, 03, GPCC,  12, 115N, 1019W,  68,   32,   ,   0,    ,    0,    0,    0,    0, 
EP, 04, 2010062100, 03, GPCC,  24, 115N, 1031W,  68,   64,   ,   0,    ,    0,    0,    0,    0, 
EP, 04, 2010062100, 03, GPCC,  36, 115N, 1045W,  68,   92,   ,   0,    ,    0,    0,    0,    0, 
EP, 04, 2010062100, 03, GPCC,  48, 116N, 1061W,  68,  119,   ,   0,    ,    0,    0,    0,    0, 
EP, 04, 2010062100, 03, GPCC,  72, 121N, 1099W,  68,  173,   ,   0,    ,    0,    0,    0,    0, 
EP, 04, 2010062100, 03, GPCC,  96, 134N, 1138W,  68,  227,   ,   0,    ,    0,    0,    0,    0, 
EP, 04, 2010062100, 03, GPCC, 120, 154N, 1174W,  68,  335,   ,   0,    ,    0,    0,    0,    0, 
EP, 04, 2010062100, 03, TCON,  12, 114N, 1019W,  68,   29,   ,   0,    ,    0,    0,    0,    0, 
EP, 04, 2010062100, 03, TCON,  24, 114N, 1031W,  68,   49,   ,   0,    ,    0,    0,    0,    0, 
EP, 04, 2010062100, 03, TCON,  36, 115N, 1044W,  68,   69,   ,   0,    ,    0,    0,    0,    0, 
EP, 04, 2010062100, 03, TCON,  48, 117N, 1060W,  68,   76,   ,   0,    ,    0,    0,    0,    0, 
EP, 04, 2010062100, 03, TCON,  72, 123N, 1099W,  68,  140,   ,   0,    ,    0,    0,    0,    0, 
EP, 04, 2010062100, 03, TCON,  96, 135N, 1139W,  68,  200,   ,   0,    ,    0,    0,    0,    0, 
EP, 04, 2010062100, 03, TCON, 120, 153N, 1177W,  68,  216,   ,   0,    ,    0,    0,    0,    0, 
EP, 04, 2010062100, 03, TVCN,  12, 115N, 1019W,  68,   24,   ,   0,    ,    0,    0,    0,    0, 
EP, 04, 2010062100, 03, TVCN,  24, 115N, 1031W,  68,   40,   ,   0,    ,    0,    0,    0,    0, 
EP, 04, 2010062100, 03, TVCN,  36, 115N, 1045W,  68,   56,   ,   0,    ,    0,    0,    0,    0, 
EP, 04, 2010062100, 03, TVCN,  48, 116N, 1061W,  68,   62,   ,   0,    ,    0,    0,    0,    0, 
EP, 04, 2010062100, 03, TVCN,  72, 121N, 1099W,  68,   89,   ,   0,    ,    0,    0,    0,    0, 
EP, 04, 2010062100, 03, TVCN,  96, 134N, 1138W,  68,  118,   ,   0,    ,    0,    0,    0,    0, 
EP, 04, 2010062100, 03, TVCN, 120, 154N, 1174W,  68,  162,   ,   0,    ,    0,    0,    0,    0, 
EP, 04, 2010062106, 03, GPCC,  12, 118N, 1032W,  68,   32,   ,   0,    ,    0,    0,    0,    0, 
EP, 04, 2010062106, 03, GPCC,  24, 118N, 1047W,  68,   64,   ,   0,    ,    0,    0,    0,    0, 
EP, 04, 2010062106, 03, GPCC,  36, 117N, 1064W,  68,   92,   ,   0,    ,    0,    0,    0,    0, 
EP, 04, 2010062106, 03, GPCC,  48, 118N, 1082W,  68,  119,   ,   0,    ,    0,    0,    0,    0, 
EP, 04, 2010062106, 03, GPCC,  72, 123N, 1122W,  68,  173,   ,   0,    ,    0,    0,    0,    0, 
EP, 04, 2010062106, 03, GPCC,  96, 139N, 1162W,  68,  227,   ,   0,    ,    0,    0,    0,    0, 
EP, 04, 2010062106, 03, GPCC, 120, 157N, 1201W,  68,  335,   ,   0,    ,    0,    0,    0,    0, 
EP, 04, 2010062106, 03, TVCN,  12, 118N, 1032W,  68,   32,   ,   0,    ,    0,    0,    0,    0, 
EP, 04, 2010062106, 03, TVCN,  24, 118N, 1047W,  68,   54,   ,   0,    ,    0,    0,    0,    0, 
EP, 04, 2010062106, 03, TVCN,  36, 117N, 1064W,  68,   74,   ,   0,    ,    0,    0,    0,    0, 
EP, 04, 2010062106, 03, TVCN,  48, 118N, 1082W,  68,   86,   ,   0,    ,    0,    0,    0,    0, 
EP, 04, 2010062106, 03, TVCN,  72, 123N, 1122W,  68,  120,   ,   0,    ,    0,    0,    0,    0, 
EP, 04, 2010062106, 03, TVCN,  96, 139N, 1162W,  68,  142,   ,   0,    ,    0,    0,    0,    0, 
EP, 04, 2010062106, 03, TVCN, 120, 157N, 1201W,  68,  194,   ,   0,    ,    0,    0,    0,    0, 
EP, 04, 2010062112, 03, GPCC,  12, 118N, 1035W,  68,   32,   ,   0,    ,    0,    0,    0,    0, 
EP, 04, 2010062112, 03, GPCC,  24, 116N, 1048W,  68,   64,   ,   0,    ,    0,    0,    0,    0, 
EP, 04, 2010062112, 03, GPCC,  36, 116N, 1065W,  68,   92,   ,   0,    ,    0,    0,    0,    0, 
EP, 04, 2010062112, 03, GPCC,  48, 118N, 1085W,  68,  119,   ,   0,    ,    0,    0,    0,    0, 
EP, 04, 2010062112, 03, GPCC,  72, 127N, 1129W,  68,  173,   ,   0,    ,    0,    0,    0,    0, 
EP, 04, 2010062112, 03, GPCC,  96, 141N, 1173W,  68,  227,   ,   0,    ,    0,    0,    0,    0, 
EP, 04, 2010062112, 03, GPCC, 120, 155N, 1213W,  68,  335,   ,   0,    ,    0,    0,    0,    0, 
EP, 04, 2010062112, 03, TVCN,  12, 118N, 1035W,  68,   32,   ,   0,    ,    0,    0,    0,    0, 
EP, 04, 2010062112, 03, TVCN,  24, 116N, 1048W,  68,   55,   ,   0,    ,    0,    0,    0,    0, 
EP, 04, 2010062112, 03, TVCN,  36, 116N, 1065W,  68,   73,   ,   0,    ,    0,    0,    0,    0, 
EP, 04, 2010062112, 03, TVCN,  48, 118N, 1085W,  68,   85,   ,   0,    ,    0,    0,    0,    0, 
EP, 04, 2010062112, 03, TVCN,  72, 127N, 1129W,  68,  123,   ,   0,    ,    0,    0,    0,    0, 
EP, 04, 2010062112, 03, TVCN,  96, 141N, 1173W,  68,  162,   ,   0,    ,    0,    0,    0,    0, 
EP, 04, 2010062112, 03, TVCN, 120, 155N, 1213W,  68,  213,   ,   0,    ,    0,    0,    0,    0, 
EP, 04, 2010062118, 03, GPCC,  12, 116N, 1043W,  68,   32,   ,   0,    ,    0,    0,    0,    0, 
EP, 04, 2010062118, 03, GPCC,  24, 117N, 1059W,  68,   64,   ,   0,    ,    0,    0,    0,    0, 
EP, 04, 2010062118, 03, GPCC,  36, 116N, 1077W,  68,   92,   ,   0,    ,    0,    0,    0,    0, 
EP, 04, 2010062118, 03, GPCC,  48, 116N, 1097W,  68,  119,   ,   0,    ,    0,    0,    0,    0, 
EP, 04, 2010062118, 03, GPCC,  72, 125N, 1138W,  68,  173,   ,   0,    ,    0,    0,    0,    0, 
EP, 04, 2010062118, 03, GPCC,  96, 140N, 1177W,  68,  227,   ,   0,    ,    0,    0,    0,    0, 
EP, 04, 2010062118, 03, GPCC, 120, 157N, 1215W,  68,  335,   ,   0,    ,    0,    0,    0,    0, 
EP, 04, 2010062118, 03, TCON,  12, 115N, 1042W,  68,   29,   ,   0,    ,    0,    0,    0,    0, 
EP, 04, 2010062118, 03, TCON,  24, 115N, 1057W,  68,   49,   ,   0,    ,    0,    0,    0,    0, 
EP, 04, 2010062118, 03, TCON,  36, 115N, 1074W,  68,   68,   ,   0,    ,    0,    0,    0,    0, 
EP, 04, 2010062118, 03, TCON,  48, 116N, 1094W,  68,   75,   ,   0,    ,    0,    0,    0,    0, 
EP, 04, 2010062118, 03, TCON,  72, 128N, 1135W,  68,  139,   ,   0,    ,    0,    0,    0,    0, 
EP, 04, 2010062118, 03, TCON,  96, 143N, 1177W,  68,  202,   ,   0,    ,    0,    0,    0,    0, 
EP, 04, 2010062118, 03, TVCN,  12, 116N, 1043W,  68,   24,   ,   0,    ,    0,    0,    0,    0, 
EP, 04, 2010062118, 03, TVCN,  24, 117N, 1059W,  68,   42,   ,   0,    ,    0,    0,    0,    0, 
EP, 04, 2010062118, 03, TVCN,  36, 116N, 1077W,  68,   59,   ,   0,    ,    0,    0,    0,    0, 
EP, 04, 2010062118, 03, TVCN,  48, 116N, 1097W,  68,   66,   ,   0,    ,    0,    0,    0,    0, 
EP, 04, 2010062118, 03, TVCN,  72, 125N, 1138W,  68,   98,   ,   0,    ,    0,    0,    0,    0, 
EP, 04, 2010062118, 03, TVCN,  96, 140N, 1177W,  68,  130,   ,   0,    ,    0,    0,    0,    0, 
EP, 04, 2010062118, 03, TVCN, 120, 157N, 1215W,  68,  193,   ,   0,    ,    0,    0,    0,    0, 
EP, 04, 2010062200, 03, GPCC,  12, 119N, 1051W,  68,   32,   ,   0,    ,    0,    0,    0,    0, 
EP, 04, 2010062200, 03, GPCC,  24, 121N, 1067W,  68,   64,   ,   0,    ,    0,    0,    0,    0, 
EP, 04, 2010062200, 03, GPCC,  36, 121N, 1086W,  68,   92,   ,   0,    ,    0,    0,    0,    0, 
EP, 04, 2010062200, 03, GPCC,  48, 123N, 1107W,  68,  119,   ,   0,    ,    0,    0,    0,    0, 
EP, 04, 2010062200, 03, GPCC,  72, 131N, 1148W,  68,  173,   ,   0,    ,    0,    0,    0,    0, 
EP, 04, 2010062200, 03, GPCC,  96, 145N, 1185W,  68,  227,   ,   0,    ,    0,    0,    0,    0, 
EP, 04, 2010062200, 03, GPCC, 120, 160N, 1215W,  68,  335,   ,   0,    ,    0,    0,    0,    0, 
EP, 04, 2010062200, 03, TCON,  12, 118N, 1049W,  68,   27,   ,   0,    ,    0,    0,    0,    0, 
EP, 04, 2010062200, 03, TCON,  24, 119N, 1065W,  68,   46,   ,   0,    ,    0,    0,    0,    0, 
EP, 04, 2010062200, 03, TCON,  36, 120N, 1083W,  68,   64,   ,   0,    ,    0,    0,    0,    0, 
EP, 04, 2010062200, 03, TCON,  48, 123N, 1104W,  68,   72,   ,   0,    ,    0,    0,    0,    0, 
EP, 04, 2010062200, 03, TCON,  72, 133N, 1147W,  68,  142,   ,   0,    ,    0,    0,    0,    0, 
EP, 04, 2010062200, 03, TCON,  96, 147N, 1185W,  68,  201,   ,   0,    ,    0,    0,    0,    0, 
EP, 04, 2010062200, 03, TVCN,  12, 119N, 1051W,  68,   23,   ,   0,    ,    0,    0,    0,    0, 
EP, 04, 2010062200, 03, TVCN,  24, 121N, 1067W,  68,   39,   ,   0,    ,    0,    0,    0,    0, 
EP, 04, 2010062200, 03, TVCN,  36, 121N, 1086W,  68,   54,   ,   0,    ,    0,    0,    0,    0, 
EP, 04, 2010062200, 03, TVCN,  48, 123N, 1107W,  68,   61,   ,   0,    ,    0,    0,    0,    0, 
EP, 04, 2010062200, 03, TVCN,  72, 131N, 1148W,  68,   98,   ,   0,    ,    0,    0,    0,    0, 
EP, 04, 2010062200, 03, TVCN,  96, 145N, 1185W,  68,  134,   ,   0,    ,    0,    0,    0,    0, 
EP, 04, 2010062200, 03, TVCN, 120, 160N, 1215W,  68,  199,   ,   0,    ,    0,    0,    0,    0, 
EP, 04, 2010062206, 03, GPCC,  12, 119N, 1060W,  68,   32,   ,   0,    ,    0,    0,    0,    0, 
EP, 04, 2010062206, 03, GPCC,  24, 120N, 1080W,  68,   64,   ,   0,    ,    0,    0,    0,    0, 
EP, 04, 2010062206, 03, GPCC,  36, 120N, 1102W,  68,   92,   ,   0,    ,    0,    0,    0,    0, 
EP, 04, 2010062206, 03, GPCC,  48, 123N, 1123W,  68,  119,   ,   0,    ,    0,    0,    0,    0, 
EP, 04, 2010062206, 03, GPCC,  72, 132N, 1166W,  68,  173,   ,   0,    ,    0,    0,    0,    0, 
EP, 04, 2010062206, 03, GPCC,  96, 145N, 1208W,  68,  227,   ,   0,    ,    0,    0,    0,    0, 
EP, 04, 2010062206, 03, GPCC, 120, 152N, 1242W,  68,  335,   ,   0,    ,    0,    0,    0,    0, 
EP, 04, 2010062206, 03, TCON,  12, 119N, 1059W,  68,   26,   ,   0,    ,    0,    0,    0,    0, 
EP, 04, 2010062206, 03, TCON,  24, 120N, 1078W,  68,   44,   ,   0,    ,    0,    0,    0,    0, 
EP, 04, 2010062206, 03, TCON,  36, 121N, 1100W,  68,   61,   ,   0,    ,    0,    0,    0,    0, 
EP, 04, 2010062206, 03, TCON,  48, 124N, 1122W,  68,   68,   ,   0,    ,    0,    0,    0,    0, 
EP, 04, 2010062206, 03, TCON,  72, 134N, 1166W,  68,  133,   ,   0,    ,    0,    0,    0,    0, 
EP, 04, 2010062206, 03, TVCN,  12, 119N, 1060W,  68,   24,   ,   0,    ,    0,    0,    0,    0, 
EP, 04, 2010062206, 03, TVCN,  24, 120N, 1080W,  68,   41,   ,   0,    ,    0,    0,    0,    0, 
EP, 04, 2010062206, 03, TVCN,  36, 120N, 1102W,  68,   57,   ,   0,    ,    0,    0,    0,    0, 
EP, 04, 2010062206, 03, TVCN,  48, 123N, 1123W,  68,   63,   ,   0,    ,    0,    0,    0,    0, 
EP, 04, 2010062206, 03, TVCN,  72, 132N, 1166W,  68,  101,   ,   0,    ,    0,    0,    0,    0, 
EP, 04, 2010062206, 03, TVCN,  96, 145N, 1208W,  68,  148,   ,   0,    ,    0,    0,    0,    0, 
EP, 04, 2010062206, 03, TVCN, 120, 152N, 1242W,  68,  198,   ,   0,    ,    0,    0,    0,    0, 
EP, 04, 2010062212, 03, GPCC,  12, 118N, 1068W,  68,   32,   ,   0,    ,    0,    0,    0,    0, 
EP, 04, 2010062212, 03, GPCC,  24, 119N, 1089W,  68,   64,   ,   0,    ,    0,    0,    0,    0, 
EP, 04, 2010062212, 03, GPCC,  36, 120N, 1112W,  68,   92,   ,   0,    ,    0,    0,    0,    0, 
EP, 04, 2010062212, 03, GPCC,  48, 123N, 1135W,  68,  119,   ,   0,    ,    0,    0,    0,    0, 
EP, 04, 2010062212, 03, GPCC,  72, 134N, 1178W,  68,  173,   ,   0,    ,    0,    0,    0,    0, 
EP, 04, 2010062212, 03, GPCC,  96, 149N, 1217W,  68,  227,   ,   0,    ,    0,    0,    0,    0, 
EP, 04, 2010062212, 03, GPCC, 120, 154N, 1248W,  68,  335,   ,   0,    ,    0,    0,    0,    0, 
EP, 04, 2010062212, 03, TCON,  12, 117N, 1068W,  68,   26,   ,   0,    ,    0,    0,    0,    0, 
EP, 04, 2010062212, 03, TCON,  24, 119N, 1089W,  68,   43,   ,   0,    ,    0,    0,    0,    0, 
EP, 04, 2010062212, 03, TCON,  36, 120N, 1112W,  68,   60,   ,   0,    ,    0,    0,    0,    0, 
EP, 04, 2010062212, 03, TCON,  48, 124N, 1136W,  68,   67,   ,   0,    ,    0,    0,    0,    0, 
EP, 04, 2010062212, 03, TCON,  72, 136N, 1180W,  68,  135,   ,   0,    ,    0,    0,    0,    0, 
EP, 04, 2010062212, 03, TVCN,  12, 118N, 1068W,  68,   21,   ,   0,    ,    0,    0,    0,    0, 
EP, 04, 2010062212, 03, TVCN,  24, 119N, 1089W,  68,   35,   ,   0,    ,    0,    0,    0,    0, 
EP, 04, 2010062212, 03, TVCN,  36, 120N, 1112W,  68,   47,   ,   0,    ,    0,    0,    0,    0, 
EP, 04, 2010062212, 03, TVCN,  48, 123N, 1135W,  68,   53,   ,   0,    ,    0,    0,    0,    0, 
EP, 04, 2010062212, 03, TVCN,  72, 134N, 1178W,  68,   92,   ,   0,    ,    0,    0,    0,    0, 
EP, 04, 2010062212, 03, TVCN,  96, 149N, 1217W,  68,  145,   ,   0,    ,    0,    0,    0,    0, 
EP, 04, 2010062212, 03, TVCN, 120, 154N, 1248W,  68,  189,   ,   0,    ,    0,    0,    0,    0, 
EP, 04, 2010062218, 03, GPCC,  12, 118N, 1078W,  68,   32,   ,   0,    ,    0,    0,    0,    0, 
EP, 04, 2010062218, 03, GPCC,  24, 119N, 1099W,  68,   64,   ,   0,    ,    0,    0,    0,    0, 
EP, 04, 2010062218, 03, GPCC,  36, 122N, 1123W,  68,   92,   ,   0,    ,    0,    0,    0,    0, 
EP, 04, 2010062218, 03, GPCC,  48, 127N, 1145W,  68,  119,   ,   0,    ,    0,    0,    0,    0, 
EP, 04, 2010062218, 03, GPCC,  72, 142N, 1187W,  68,  173,   ,   0,    ,    0,    0,    0,    0, 
EP, 04, 2010062218, 03, GPCC,  96, 154N, 1224W,  68,  227,   ,   0,    ,    0,    0,    0,    0, 
EP, 04, 2010062218, 03, GPCC, 120, 159N, 1248W,  68,  335,   ,   0,    ,    0,    0,    0,    0, 
EP, 04, 2010062218, 03, TCON,  12, 118N, 1077W,  68,   25,   ,   0,    ,    0,    0,    0,    0, 
EP, 04, 2010062218, 03, TCON,  24, 120N, 1098W,  68,   44,   ,   0,    ,    0,    0,    0,    0, 
EP, 04, 2010062218, 03, TCON,  36, 124N, 1122W,  68,   62,   ,   0,    ,    0,    0,    0,    0, 
EP, 04, 2010062218, 03, TCON,  48, 130N, 1145W,  68,   70,   ,   0,    ,    0,    0,    0,    0, 
EP, 04, 2010062218, 03, TCON,  72, 145N, 1189W,  68,  134,   ,   0,    ,    0,    0,    0,    0, 
EP, 04, 2010062218, 03, TVCN,  12, 118N, 1078W,  68,   21,   ,   0,    ,    0,    0,    0,    0, 
EP, 04, 2010062218, 03, TVCN,  24, 119N, 1099W,  68,   36,   ,   0,    ,    0,    0,    0,    0, 
EP, 04, 2010062218, 03, TVCN,  36, 122N, 1123W,  68,   51,   ,   0,    ,    0,    0,    0,    0, 
EP, 04, 2010062218, 03, TVCN,  48, 127N, 1145W,  68,   57,   ,   0,    ,    0,    0,    0,    0, 
EP, 04, 2010062218, 03, TVCN,  72, 142N, 1187W,  68,   92,   ,   0,    ,    0,    0,    0,    0, 
EP, 04, 2010062218, 03, TVCN,  96, 154N, 1224W,  68,  142,   ,   0,    ,    0,    0,    0,    0, 
EP, 04, 2010062218, 03, TVCN, 120, 159N, 1248W,  68,  187,   ,   0,    ,    0,    0,    0,    0, 
EP, 04, 2010062300, 03, GPCC,  12, 119N, 1089W,  68,   32,   ,   0,    ,    0,    0,    0,    0, 
EP, 04, 2010062300, 03, GPCC,  24, 122N, 1112W,  68,   64,   ,   0,    ,    0,    0,    0,    0, 
EP, 04, 2010062300, 03, GPCC,  36, 126N, 1135W,  68,   92,   ,   0,    ,    0,    0,    0,    0, 
EP, 04, 2010062300, 03, GPCC,  48, 132N, 1158W,  68,  119,   ,   0,    ,    0,    0,    0,    0, 
EP, 04, 2010062300, 03, GPCC,  72, 144N, 1200W,  68,  173,   ,   0,    ,    0,    0,    0,    0, 
EP, 04, 2010062300, 03, GPCC,  96, 151N, 1235W,  68,  227,   ,   0,    ,    0,    0,    0,    0, 
EP, 04, 2010062300, 03, GPCC, 120, 155N, 1256W,  68,  335,   ,   0,    ,    0,    0,    0,    0, 
EP, 04, 2010062300, 03, TCON,  12, 120N, 1088W,  68,   27,   ,   0,    ,    0,    0,    0,    0, 
EP, 04, 2010062300, 03, TCON,  24, 123N, 1112W,  68,   45,   ,   0,    ,    0,    0,    0,    0, 
EP, 04, 2010062300, 03, TCON,  36, 128N, 1136W,  68,   64,   ,   0,    ,    0,    0,    0,    0, 
EP, 04, 2010062300, 03, TCON,  48, 134N, 1160W,  68,   72,   ,   0,    ,    0,    0,    0,    0, 
EP, 04, 2010062300, 03, TCON,  72, 147N, 1205W,  68,  137,   ,   0,    ,    0,    0,    0,    0, 
EP, 04, 2010062300, 03, TVCN,  12, 119N, 1089W,  68,   22,   ,   0,    ,    0,    0,    0,    0, 
EP, 04, 2010062300, 03, TVCN,  24, 122N, 1112W,  68,   37,   ,   0,    ,    0,    0,    0,    0, 
EP, 04, 2010062300, 03, TVCN,  36, 126N, 1135W,  68,   52,   ,   0,    ,    0,    0,    0,    0, 
EP, 04, 2010062300, 03, TVCN,  48, 132N, 1158W,  68,   60,   ,   0,    ,    0,    0,    0,    0, 
EP, 04, 2010062300, 03, TVCN,  72, 144N, 1200W,  68,   99,   ,   0,    ,    0,    0,    0,    0, 
EP, 04, 2010062300, 03, TVCN,  96, 151N, 1235W,  68,  149,   ,   0,    ,    0,    0,    0,    0, 
EP, 04, 2010062300, 03, TVCN, 120, 155N, 1256W,  68,  193,   ,   0,    ,    0,    0,    0,    0, 
EP, 04, 2010062306, 03, GPCC,  12, 120N, 1098W,  68,   32,   ,   0,    ,    0,    0,    0,    0, 
EP, 04, 2010062306, 03, GPCC,  24, 123N, 1123W,  68,   64,   ,   0,    ,    0,    0,    0,    0, 
EP, 04, 2010062306, 03, GPCC,  36, 129N, 1147W,  68,   92,   ,   0,    ,    0,    0,    0,    0, 
EP, 04, 2010062306, 03, GPCC,  48, 137N, 1170W,  68,  119,   ,   0,    ,    0,    0,    0,    0, 
EP, 04, 2010062306, 03, GPCC,  72, 151N, 1212W,  68,  173,   ,   0,    ,    0,    0,    0,    0, 
EP, 04, 2010062306, 03, GPCC,  96, 157N, 1245W,  68,  227,   ,   0,    ,    0,    0,    0,    0, 
EP, 04, 2010062306, 03, GPCC, 120, 159N, 1265W,  68,  335,   ,   0,    ,    0,    0,    0,    0, 
EP, 04, 2010062306, 03, TCON,  12, 119N, 1099W,  68,   27,   ,   0,    ,    0,    0,    0,    0, 
EP, 04, 2010062306, 03, TCON,  24, 123N, 1124W,  68,   45,   ,   0,    ,    0,    0,    0,    0, 
EP, 04, 2010062306, 03, TCON,  36, 129N, 1149W,  68,   64,   ,   0,    ,    0,    0,    0,    0, 
EP, 04, 2010062306, 03, TCON,  48, 137N, 1173W,  68,   72,   ,   0,    ,    0,    0,    0,    0, 
EP, 04, 2010062306, 03, TCON,  72, 151N, 1218W,  68,  133,   ,   0,    ,    0,    0,    0,    0, 
EP, 04, 2010062306, 03, TCON,  96, 158N, 1253W,  68,  205,   ,   0,    ,    0,    0,    0,    0, 
EP, 04, 2010062306, 03, TVCN,  12, 120N, 1098W,  68,   23,   ,   0,    ,    0,    0,    0,    0, 
EP, 04, 2010062306, 03, TVCN,  24, 123N, 1123W,  68,   37,   ,   0,    ,    0,    0,    0,    0, 
EP, 04, 2010062306, 03, TVCN,  36, 129N, 1147W,  68,   51,   ,   0,    ,    0,    0,    0,    0, 
EP, 04, 2010062306, 03, TVCN,  48, 137N, 1170W,  68,   58,   ,   0,    ,    0,    0,    0,    0, 
EP, 04, 2010062306, 03, TVCN,  72, 151N, 1212W,  68,   95,   ,   0,    ,    0,    0,    0,    0, 
EP, 04, 2010062306, 03, TVCN,  96, 157N, 1245W,  68,  125,   ,   0,    ,    0,    0,    0,    0, 
EP, 04, 2010062306, 03, TVCN, 120, 159N, 1265W,  68,  188,   ,   0,    ,    0,    0,    0,    0, 
EP, 04, 2010062312, 03, GPCC,  12, 125N, 1110W,  68,   32,   ,   0,    ,    0,    0,    0,    0, 
EP, 04, 2010062312, 03, GPCC,  24, 129N, 1135W,  68,   64,   ,   0,    ,    0,    0,    0,    0, 
EP, 04, 2010062312, 03, GPCC,  36, 136N, 1159W,  68,   92,   ,   0,    ,    0,    0,    0,    0, 
EP, 04, 2010062312, 03, GPCC,  48, 143N, 1181W,  68,  119,   ,   0,    ,    0,    0,    0,    0, 
EP, 04, 2010062312, 03, GPCC,  72, 158N, 1220W,  68,  173,   ,   0,    ,    0,    0,    0,    0, 
EP, 04, 2010062312, 03, GPCC,  96, 164N, 1249W,  68,  227,   ,   0,    ,    0,    0,    0,    0, 
EP, 04, 2010062312, 03, GPCC, 120, 168N, 1260W,  68,  335,   ,   0,    ,    0,    0,    0,    0, 
EP, 04, 2010062312, 03, TCON,  12, 124N, 1111W,  68,   25,   ,   0,    ,    0,    0,    0,    0, 
EP, 04, 2010062312, 03, TCON,  24, 129N, 1137W,  68,   43,   ,   0,    ,    0,    0,    0,    0, 
EP, 04, 2010062312, 03, TCON,  36, 135N, 1161W,  68,   60,   ,   0,    ,    0,    0,    0,    0, 
EP, 04, 2010062312, 03, TCON,  48, 143N, 1184W,  68,   67,   ,   0,    ,    0,    0,    0,    0, 
EP, 04, 2010062312, 03, TCON,  72, 159N, 1226W,  68,  132,   ,   0,    ,    0,    0,    0,    0, 
EP, 04, 2010062312, 03, TCON,  96, 165N, 1258W,  68,  202,   ,   0,    ,    0,    0,    0,    0, 
EP, 04, 2010062312, 03, TVCN,  12, 125N, 1110W,  68,   20,   ,   0,    ,    0,    0,    0,    0, 
EP, 04, 2010062312, 03, TVCN,  24, 129N, 1135W,  68,   35,   ,   0,    ,    0,    0,    0,    0, 
EP, 04, 2010062312, 03, TVCN,  36, 136N, 1159W,  68,   48,   ,   0,    ,    0,    0,    0,    0, 
EP, 04, 2010062312, 03, TVCN,  48, 143N, 1181W,  68,   53,   ,   0,    ,    0,    0,    0,    0, 
EP, 04, 2010062312, 03, TVCN,  72, 158N, 1220W,  68,   96,   ,   0,    ,    0,    0,    0,    0, 
EP, 04, 2010062312, 03, TVCN,  96, 164N, 1249W,  68,  129,   ,   0,    ,    0,    0,    0,    0, 
EP, 04, 2010062312, 03, TVCN, 120, 168N, 1260W,  68,  186,   ,   0,    ,    0,    0,    0,    0, 
EP, 04, 2010062318, 03, GPCC,  12, 126N, 1123W,  68,   32,   ,   0,    ,    0,    0,    0,    0, 
EP, 04, 2010062318, 03, GPCC,  24, 132N, 1148W,  68,   64,   ,   0,    ,    0,    0,    0,    0, 
EP, 04, 2010062318, 03, GPCC,  36, 138N, 1172W,  68,   92,   ,   0,    ,    0,    0,    0,    0, 
EP, 04, 2010062318, 03, GPCC,  48, 146N, 1194W,  68,  119,   ,   0,    ,    0,    0,    0,    0, 
EP, 04, 2010062318, 03, GPCC,  72, 158N, 1231W,  68,  173,   ,   0,    ,    0,    0,    0,    0, 
EP, 04, 2010062318, 03, GPCC,  96, 161N, 1256W,  68,  227,   ,   0,    ,    0,    0,    0,    0, 
EP, 04, 2010062318, 03, GPCC, 120, 167N, 1265W,  68,  335,   ,   0,    ,    0,    0,    0,    0, 
EP, 04, 2010062318, 03, TCON,  12, 126N, 1123W,  68,   23,   ,   0,    ,    0,    0,    0,    0, 
EP, 04, 2010062318, 03, TCON,  24, 131N, 1148W,  68,   39,   ,   0,    ,    0,    0,    0,    0, 
EP, 04, 2010062318, 03, TCON,  36, 138N, 1173W,  68,   55,   ,   0,    ,    0,    0,    0,    0, 
EP, 04, 2010062318, 03, TCON,  48, 145N, 1195W,  68,   63,   ,   0,    ,    0,    0,    0,    0, 
EP, 04, 2010062318, 03, TCON,  72, 157N, 1235W,  68,  131,   ,   0,    ,    0,    0,    0,    0, 
EP, 04, 2010062318, 03, TCON,  96, 161N, 1263W,  68,  199,   ,   0,    ,    0,    0,    0,    0, 
EP, 04, 2010062318, 03, TVCN,  12, 126N, 1123W,  68,   21,   ,   0,    ,    0,    0,    0,    0, 
EP, 04, 2010062318, 03, TVCN,  24, 132N, 1148W,  68,   35,   ,   0,    ,    0,    0,    0,    0, 
EP, 04, 2010062318, 03, TVCN,  36, 138N, 1172W,  68,   50,   ,   0,    ,    0,    0,    0,    0, 
EP, 04, 2010062318, 03, TVCN,  48, 146N, 1194W,  68,   59,   ,   0,    ,    0,    0,    0,    0, 
EP, 04, 2010062318, 03, TVCN,  72, 158N, 1231W,  68,  109,   ,   0,    ,    0,    0,    0,    0, 
EP, 04, 2010062318, 03, TVCN,  96, 161N, 1256W,  68,  147,   ,   0,    ,    0,    0,    0,    0, 
EP, 04, 2010062318, 03, TVCN, 120, 167N, 1265W,  68,  212,   ,   0,    ,    0,    0,    0,    0, 
EP, 04, 2010062400, 03, GPCC,  12, 128N, 1135W,  68,   32,   ,   0,    ,    0,    0,    0,    0, 
EP, 04, 2010062400, 03, GPCC,  24, 135N, 1158W,  68,   64,   ,   0,    ,    0,    0,    0,    0, 
EP, 04, 2010062400, 03, GPCC,  36, 143N, 1181W,  68,   92,   ,   0,    ,    0,    0,    0,    0, 
EP, 04, 2010062400, 03, GPCC,  48, 151N, 1201W,  68,  119,   ,   0,    ,    0,    0,    0,    0, 
EP, 04, 2010062400, 03, GPCC,  72, 162N, 1234W,  68,  173,   ,   0,    ,    0,    0,    0,    0, 
EP, 04, 2010062400, 03, GPCC,  96, 164N, 1252W,  68,  227,   ,   0,    ,    0,    0,    0,    0, 
EP, 04, 2010062400, 03, GPCC, 120, 171N, 1251W,  68,  335,   ,   0,    ,    0,    0,    0,    0, 
EP, 04, 2010062400, 03, TCON,  12, 128N, 1135W,  68,   25,   ,   0,    ,    0,    0,    0,    0, 
EP, 04, 2010062400, 03, TCON,  24, 135N, 1159W,  68,   41,   ,   0,    ,    0,    0,    0,    0, 
EP, 04, 2010062400, 03, TCON,  36, 143N, 1182W,  68,   58,   ,   0,    ,    0,    0,    0,    0, 
EP, 04, 2010062400, 03, TCON,  48, 151N, 1203W,  68,   67,   ,   0,    ,    0,    0,    0,    0, 
EP, 04, 2010062400, 03, TCON,  72, 163N, 1237W,  68,  132,   ,   0,    ,    0,    0,    0,    0, 
EP, 04, 2010062400, 03, TCON,  96, 165N, 1259W,  68,  193,   ,   0,    ,    0,    0,    0,    0, 
EP, 04, 2010062400, 03, TVCN,  12, 128N, 1135W,  68,   20,   ,   0,    ,    0,    0,    0,    0, 
EP, 04, 2010062400, 03, TVCN,  24, 135N, 1158W,  68,   32,   ,   0,    ,    0,    0,    0,    0, 
EP, 04, 2010062400, 03, TVCN,  36, 143N, 1181W,  68,   45,   ,   0,    ,    0,    0,    0,    0, 
EP, 04, 2010062400, 03, TVCN,  48, 151N, 1201W,  68,   53,   ,   0,    ,    0,    0,    0,    0, 
EP, 04, 2010062400, 03, TVCN,  72, 162N, 1234W,  68,   97,   ,   0,    ,    0,    0,    0,    0, 
EP, 04, 2010062400, 03, TVCN,  96, 164N, 1252W,  68,  133,   ,   0,    ,    0,    0,    0,    0, 
EP, 04, 2010062400, 03, TVCN, 120, 171N, 1251W,  68,  189,   ,   0,    ,    0,    0,    0,    0, 
EP, 04, 2010062406, 03, GPCC,  12, 130N, 1147W,  68,   32,   ,   0,    ,    0,    0,    0,    0, 
EP, 04, 2010062406, 03, GPCC,  24, 137N, 1170W,  68,   64,   ,   0,    ,    0,    0,    0,    0, 
EP, 04, 2010062406, 03, GPCC,  36, 145N, 1191W,  68,   92,   ,   0,    ,    0,    0,    0,    0, 
EP, 04, 2010062406, 03, GPCC,  48, 153N, 1208W,  68,  119,   ,   0,    ,    0,    0,    0,    0, 
EP, 04, 2010062406, 03, GPCC,  72, 164N, 1238W,  68,  173,   ,   0,    ,    0,    0,    0,    0, 
EP, 04, 2010062406, 03, GPCC,  96, 165N, 1254W,  68,  227,   ,   0,    ,    0,    0,    0,    0, 
EP, 04, 2010062406, 03, GPCC, 120, 168N, 1256W,  68,  335,   ,   0,    ,    0,    0,    0,    0, 
EP, 04, 2010062406, 03, TCON,  12, 129N, 1147W,  68,   23,   ,   0,    ,    0,    0,    0,    0, 
EP, 04, 2010062406, 03, TCON,  24, 136N, 1171W,  68,   38,   ,   0,    ,    0,    0,    0,    0, 
EP, 04, 2010062406, 03, TCON,  36, 144N, 1192W,  68,   55,   ,   0,    ,    0,    0,    0,    0, 
EP, 04, 2010062406, 03, TCON,  48, 152N, 1211W,  68,   64,   ,   0,    ,    0,    0,    0,    0, 
EP, 04, 2010062406, 03, TCON,  72, 163N, 1242W,  68,  132,   ,   0,    ,    0,    0,    0,    0, 
EP, 04, 2010062406, 03, TCON,  96, 165N, 1262W,  68,  189,   ,   0,    ,    0,    0,    0,    0, 
EP, 04, 2010062406, 03, TVCN,  12, 130N, 1147W,  68,   19,   ,   0,    ,    0,    0,    0,    0, 
EP, 04, 2010062406, 03, TVCN,  24, 137N, 1170W,  68,   31,   ,   0,    ,    0,    0,    0,    0, 
EP, 04, 2010062406, 03, TVCN,  36, 145N, 1191W,  68,   44,   ,   0,    ,    0,    0,    0,    0, 
EP, 04, 2010062406, 03, TVCN,  48, 153N, 1208W,  68,   53,   ,   0,    ,    0,    0,    0,    0, 
EP, 04, 2010062406, 03, TVCN,  72, 164N, 1238W,  68,   97,   ,   0,    ,    0,    0,    0,    0, 
EP, 04, 2010062406, 03, TVCN,  96, 165N, 1254W,  68,  133,   ,   0,    ,    0,    0,    0,    0, 
EP, 04, 2010062406, 03, TVCN, 120, 168N, 1256W,  68,  188,   ,   0,    ,    0,    0,    0,    0, 
EP, 04, 2010062412, 03, GPCC,  12, 129N, 1157W,  68,   32,   ,   0,    ,    0,    0,    0,    0, 
EP, 04, 2010062412, 03, GPCC,  24, 137N, 1178W,  68,   64,   ,   0,    ,    0,    0,    0,    0, 
EP, 04, 2010062412, 03, GPCC,  36, 145N, 1197W,  68,   92,   ,   0,    ,    0,    0,    0,    0, 
EP, 04, 2010062412, 03, GPCC,  48, 153N, 1214W,  68,  119,   ,   0,    ,    0,    0,    0,    0, 
EP, 04, 2010062412, 03, GPCC,  72, 160N, 1241W,  68,  173,   ,   0,    ,    0,    0,    0,    0, 
EP, 04, 2010062412, 03, GPCC,  96, 161N, 1253W,  68,  227,   ,   0,    ,    0,    0,    0,    0, 
EP, 04, 2010062412, 03, GPCC, 120, 164N, 1257W,  68,  335,   ,   0,    ,    0,    0,    0,    0, 
EP, 04, 2010062412, 03, TCON,  12, 128N, 1157W,  68,   22,   ,   0,    ,    0,    0,    0,    0, 
EP, 04, 2010062412, 03, TCON,  24, 136N, 1179W,  68,   37,   ,   0,    ,    0,    0,    0,    0, 
EP, 04, 2010062412, 03, TCON,  36, 144N, 1199W,  68,   53,   ,   0,    ,    0,    0,    0,    0, 
EP, 04, 2010062412, 03, TCON,  48, 152N, 1217W,  68,   64,   ,   0,    ,    0,    0,    0,    0, 
EP, 04, 2010062412, 03, TCON,  72, 159N, 1247W,  68,  131,   ,   0,    ,    0,    0,    0,    0, 
EP, 04, 2010062412, 03, TCON,  96, 160N, 1263W,  68,  185,   ,   0,    ,    0,    0,    0,    0, 
EP, 04, 2010062412, 03, TVCN,  12, 129N, 1157W,  68,   18,   ,   0,    ,    0,    0,    0,    0, 
EP, 04, 2010062412, 03, TVCN,  24, 137N, 1178W,  68,   29,   ,   0,    ,    0,    0,    0,    0, 
EP, 04, 2010062412, 03, TVCN,  36, 145N, 1197W,  68,   42,   ,   0,    ,    0,    0,    0,    0, 
EP, 04, 2010062412, 03, TVCN,  48, 153N, 1214W,  68,   51,   ,   0,    ,    0,    0,    0,    0, 
EP, 04, 2010062412, 03, TVCN,  72, 160N, 1241W,  68,   98,   ,   0,    ,    0,    0,    0,    0, 
EP, 04, 2010062412, 03, TVCN,  96, 161N, 1253W,  68,  134,   ,   0,    ,    0,    0,    0,    0, 
EP, 04, 2010062412, 03, TVCN, 120, 164N, 1257W,  68,  190,   ,   0,    ,    0,    0,    0,    0, 
EP, 04, 2010062418, 03, GPCC,  12, 134N, 1164W,  68,   32,   ,   0,    ,    0,    0,    0,    0, 
EP, 04, 2010062418, 03, GPCC,  24, 143N, 1183W,  68,   64,   ,   0,    ,    0,    0,    0,    0, 
EP, 04, 2010062418, 03, GPCC,  36, 152N, 1201W,  68,   92,   ,   0,    ,    0,    0,    0,    0, 
EP, 04, 2010062418, 03, GPCC,  48, 158N, 1216W,  68,  119,   ,   0,    ,    0,    0,    0,    0, 
EP, 04, 2010062418, 03, GPCC,  72, 163N, 1235W,  68,  173,   ,   0,    ,    0,    0,    0,    0, 
EP, 04, 2010062418, 03, GPCC,  96, 164N, 1240W,  68,  227,   ,   0,    ,    0,    0,    0,    0, 
EP, 04, 2010062418, 03, GPCC, 120, 166N, 1241W,  68,  335,   ,   0,    ,    0,    0,    0,    0, 
EP, 04, 2010062418, 03, TCON,  12, 133N, 1164W,  68,   19,   ,   0,    ,    0,    0,    0,    0, 
EP, 04, 2010062418, 03, TCON,  24, 142N, 1183W,  68,   33,   ,   0,    ,    0,    0,    0,    0, 
EP, 04, 2010062418, 03, TCON,  36, 151N, 1201W,  68,   48,   ,   0,    ,    0,    0,    0,    0, 
EP, 04, 2010062418, 03, TCON,  48, 158N, 1216W,  68,   58,   ,   0,    ,    0,    0,    0,    0, 
EP, 04, 2010062418, 03, TCON,  72, 163N, 1238W,  68,  130,   ,   0,    ,    0,    0,    0,    0, 
EP, 04, 2010062418, 03, TCON,  96, 164N, 1246W,  68,  177,   ,   0,    ,    0,    0,    0,    0, 
EP, 04, 2010062418, 03, TCON, 120, 164N, 1252W,  68,  181,   ,   0,    ,    0,    0,    0,    0, 
EP, 04, 2010062418, 03, TVCN,  12, 134N, 1164W,  68,   14,   ,   0,    ,    0,    0,    0,    0, 
EP, 04, 2010062418, 03, TVCN,  24, 143N, 1183W,  68,   25,   ,   0,    ,    0,    0,    0,    0, 
EP, 04, 2010062418, 03, TVCN,  36, 152N, 1201W,  68,   36,   ,   0,    ,    0,    0,    0,    0, 
EP, 04, 2010062418, 03, TVCN,  48, 158N, 1216W,  68,   43,   ,   0,    ,    0,    0,    0,    0, 
EP, 04, 2010062418, 03, TVCN,  72, 163N, 1235W,  68,   94,   ,   0,    ,    0,    0,    0,    0, 
EP, 04, 2010062418, 03, TVCN,  96, 164N, 1240W,  68,  127,   ,   0,    ,    0,    0,    0,    0, 
EP, 04, 2010062418, 03, TVCN, 120, 166N, 1241W,  68,  167,   ,   0,    ,    0,    0,    0,    0, 
EP, 04, 2010062500, 03, GPCC,  12, 138N, 1175W,  68,   32,   ,   0,    ,    0,    0,    0,    0, 
EP, 04, 2010062500, 03, GPCC,  24, 147N, 1193W,  68,   64,   ,   0,    ,    0,    0,    0,    0, 
EP, 04, 2010062500, 03, GPCC,  36, 155N, 1209W,  68,   92,   ,   0,    ,    0,    0,    0,    0, 
EP, 04, 2010062500, 03, GPCC,  48, 160N, 1223W,  68,  119,   ,   0,    ,    0,    0,    0,    0, 
EP, 04, 2010062500, 03, GPCC,  72, 163N, 1239W,  68,  173,   ,   0,    ,    0,    0,    0,    0, 
EP, 04, 2010062500, 03, GPCC,  96, 163N, 1242W,  68,  227,   ,   0,    ,    0,    0,    0,    0, 
EP, 04, 2010062500, 03, GPCC, 120, 164N, 1245W,  68,  335,   ,   0,    ,    0,    0,    0,    0, 
EP, 04, 2010062500, 03, TCON,  12, 138N, 1175W,  68,   17,   ,   0,    ,    0,    0,    0,    0, 
EP, 04, 2010062500, 03, TCON,  24, 147N, 1193W,  68,   28,   ,   0,    ,    0,    0,    0,    0, 
EP, 04, 2010062500, 03, TCON,  36, 155N, 1209W,  68,   41,   ,   0,    ,    0,    0,    0,    0, 
EP, 04, 2010062500, 03, TCON,  48, 160N, 1224W,  68,   51,   ,   0,    ,    0,    0,    0,    0, 
EP, 04, 2010062500, 03, TCON,  72, 163N, 1243W,  68,  128,   ,   0,    ,    0,    0,    0,    0, 
EP, 04, 2010062500, 03, TCON,  96, 163N, 1250W,  68,  174,   ,   0,    ,    0,    0,    0,    0, 
EP, 04, 2010062500, 03, TCON, 120, 161N, 1258W,  68,  182,   ,   0,    ,    0,    0,    0,    0, 
EP, 04, 2010062500, 03, TVCN,  12, 138N, 1175W,  68,   11,   ,   0,    ,    0,    0,    0,    0, 
EP, 04, 2010062500, 03, TVCN,  24, 147N, 1193W,  68,   20,   ,   0,    ,    0,    0,    0,    0, 
EP, 04, 2010062500, 03, TVCN,  36, 155N, 1209W,  68,   31,   ,   0,    ,    0,    0,    0,    0, 
EP, 04, 2010062500, 03, TVCN,  48, 160N, 1223W,  68,   38,   ,   0,    ,    0,    0,    0,    0, 
EP, 04, 2010062500, 03, TVCN,  72, 163N, 1239W,  68,   95,   ,   0,    ,    0,    0,    0,    0, 
EP, 04, 2010062500, 03, TVCN,  96, 163N, 1242W,  68,  130,   ,   0,    ,    0,    0,    0,    0, 
EP, 04, 2010062500, 03, TVCN, 120, 164N, 1245W,  68,  173,   ,   0,    ,    0,    0,    0,    0, 
EP, 04, 2010062506, 03, GPCC,  12, 142N, 1185W,  68,   32,   ,   0,    ,    0,    0,    0,    0, 
EP, 04, 2010062506, 03, GPCC,  24, 151N, 1202W,  68,   64,   ,   0,    ,    0,    0,    0,    0, 
EP, 04, 2010062506, 03, GPCC,  36, 157N, 1217W,  68,   92,   ,   0,    ,    0,    0,    0,    0, 
EP, 04, 2010062506, 03, GPCC,  48, 161N, 1229W,  68,  119,   ,   0,    ,    0,    0,    0,    0, 
EP, 04, 2010062506, 03, GPCC,  72, 163N, 1244W,  68,  173,   ,   0,    ,    0,    0,    0,    0, 
EP, 04, 2010062506, 03, GPCC,  96, 164N, 1246W,  68,  227,   ,   0,    ,    0,    0,    0,    0, 
EP, 04, 2010062506, 03, GPCC, 120, 169N, 1250W,  68,  335,   ,   0,    ,    0,    0,    0,    0, 
EP, 04, 2010062506, 03, TCON,  12, 141N, 1186W,  68,   16,   ,   0,    ,    0,    0,    0,    0, 
EP, 04, 2010062506, 03, TCON,  24, 150N, 1203W,  68,   28,   ,   0,    ,    0,    0,    0,    0, 
EP, 04, 2010062506, 03, TCON,  36, 157N, 1218W,  68,   41,   ,   0,    ,    0,    0,    0,    0, 
EP, 04, 2010062506, 03, TCON,  48, 161N, 1231W,  68,   51,   ,   0,    ,    0,    0,    0,    0, 
EP, 04, 2010062506, 03, TCON,  72, 165N, 1248W,  68,  130,   ,   0,    ,    0,    0,    0,    0, 
EP, 04, 2010062506, 03, TCON,  96, 166N, 1254W,  68,  171,   ,   0,    ,    0,    0,    0,    0, 
EP, 04, 2010062506, 03, TVCN,  12, 142N, 1185W,  68,   11,   ,   0,    ,    0,    0,    0,    0, 
EP, 04, 2010062506, 03, TVCN,  24, 151N, 1202W,  68,   21,   ,   0,    ,    0,    0,    0,    0, 
EP, 04, 2010062506, 03, TVCN,  36, 157N, 1217W,  68,   34,   ,   0,    ,    0,    0,    0,    0, 
EP, 04, 2010062506, 03, TVCN,  48, 161N, 1229W,  68,   43,   ,   0,    ,    0,    0,    0,    0, 
EP, 04, 2010062506, 03, TVCN,  72, 163N, 1244W,  68,  100,   ,   0,    ,    0,    0,    0,    0, 
EP, 04, 2010062506, 03, TVCN,  96, 164N, 1246W,  68,  133,   ,   0,    ,    0,    0,    0,    0, 
EP, 04, 2010062506, 03, TVCN, 120, 169N, 1250W,  68,  192,   ,   0,    ,    0,    0,    0,    0, 
EP, 04, 2010062512, 03, GPCC,  12, 146N, 1195W,  68,   32,   ,   0,    ,    0,    0,    0,    0, 
EP, 04, 2010062512, 03, GPCC,  24, 155N, 1212W,  68,   64,   ,   0,    ,    0,    0,    0,    0, 
EP, 04, 2010062512, 03, GPCC,  36, 160N, 1227W,  68,   92,   ,   0,    ,    0,    0,    0,    0, 
EP, 04, 2010062512, 03, GPCC,  48, 163N, 1239W,  68,  119,   ,   0,    ,    0,    0,    0,    0, 
EP, 04, 2010062512, 03, GPCC,  72, 164N, 1251W,  68,  173,   ,   0,    ,    0,    0,    0,    0, 
EP, 04, 2010062512, 03, GPCC,  96, 165N, 1255W,  68,  227,   ,   0,    ,    0,    0,    0,    0, 
EP, 04, 2010062512, 03, GPCC, 120, 170N, 1261W,  68,  335,   ,   0,    ,    0,    0,    0,    0, 
EP, 04, 2010062512, 03, TCON,  12, 146N, 1195W,  68,   18,   ,   0,    ,    0,    0,    0,    0, 
EP, 04, 2010062512, 03, TCON,  24, 155N, 1213W,  68,   31,   ,   0,    ,    0,    0,    0,    0, 
EP, 04, 2010062512, 03, TCON,  36, 161N, 1229W,  68,   45,   ,   0,    ,    0,    0,    0,    0, 
EP, 04, 2010062512, 03, TCON,  48, 163N, 1242W,  68,   55,   ,   0,    ,    0,    0,    0,    0, 
EP, 04, 2010062512, 03, TCON,  72, 164N, 1258W,  68,  128,   ,   0,    ,    0,    0,    0,    0, 
EP, 04, 2010062512, 03, TCON,  96, 164N, 1265W,  68,  170,   ,   0,    ,    0,    0,    0,    0, 
EP, 04, 2010062512, 03, TVCN,  12, 146N, 1195W,  68,   13,   ,   0,    ,    0,    0,    0,    0, 
EP, 04, 2010062512, 03, TVCN,  24, 155N, 1212W,  68,   25,   ,   0,    ,    0,    0,    0,    0, 
EP, 04, 2010062512, 03, TVCN,  36, 160N, 1227W,  68,   39,   ,   0,    ,    0,    0,    0,    0, 
EP, 04, 2010062512, 03, TVCN,  48, 163N, 1239W,  68,   50,   ,   0,    ,    0,    0,    0,    0, 
EP, 04, 2010062512, 03, TVCN,  72, 164N, 1251W,  68,  103,   ,   0,    ,    0,    0,    0,    0, 
EP, 04, 2010062512, 03, TVCN,  96, 165N, 1255W,  68,  136,   ,   0,    ,    0,    0,    0,    0, 
EP, 04, 2010062512, 03, TVCN, 120, 170N, 1261W,  68,  198,   ,   0,    ,    0,    0,    0,    0, 
EP, 04, 2010062518, 03, GPCC,  12, 150N, 1204W,  68,   32,   ,   0,    ,    0,    0,    0,    0, 
EP, 04, 2010062518, 03, GPCC,  24, 156N, 1221W,  68,   64,   ,   0,    ,    0,    0,    0,    0, 
EP, 04, 2010062518, 03, GPCC,  36, 160N, 1235W,  68,   92,   ,   0,    ,    0,    0,    0,    0, 
EP, 04, 2010062518, 03, GPCC,  48, 161N, 1246W,  68,  119,   ,   0,    ,    0,    0,    0,    0, 
EP, 04, 2010062518, 03, GPCC,  72, 161N, 1256W,  68,  173,   ,   0,    ,    0,    0,    0,    0, 
EP, 04, 2010062518, 03, GPCC,  96, 168N, 1255W,  68,  227,   ,   0,    ,    0,    0,    0,    0, 
EP, 04, 2010062518, 03, GPCC, 120, 170N, 1266W,  68,  335,   ,   0,    ,    0,    0,    0,    0, 
EP, 04, 2010062518, 03, TCON,  12, 149N, 1204W,  68,   20,   ,   0,    ,    0,    0,    0,    0, 
EP, 04, 2010062518, 03, TCON,  24, 156N, 1221W,  68,   35,   ,   0,    ,    0,    0,    0,    0, 
EP, 04, 2010062518, 03, TCON,  36, 159N, 1235W,  68,   49,   ,   0,    ,    0,    0,    0,    0, 
EP, 04, 2010062518, 03, TCON,  48, 160N, 1246W,  68,   59,   ,   0,    ,    0,    0,    0,    0, 
EP, 04, 2010062518, 03, TCON,  72, 160N, 1257W,  68,  127,   ,   0,    ,    0,    0,    0,    0, 
EP, 04, 2010062518, 03, TVCN,  12, 150N, 1204W,  68,   18,   ,   0,    ,    0,    0,    0,    0, 
EP, 04, 2010062518, 03, TVCN,  24, 156N, 1221W,  68,   30,   ,   0,    ,    0,    0,    0,    0, 
EP, 04, 2010062518, 03, TVCN,  36, 160N, 1235W,  68,   43,   ,   0,    ,    0,    0,    0,    0, 
EP, 04, 2010062518, 03, TVCN,  48, 161N, 1246W,  68,   53,   ,   0,    ,    0,    0,    0,    0, 
EP, 04, 2010062518, 03, TVCN,  72, 161N, 1256W,  68,  110,   ,   0,    ,    0,    0,    0,    0, 
EP, 04, 2010062518, 03, TVCN,  96, 168N, 1255W,  68,  153,   ,   0,    ,    0,    0,    0,    0, 
EP, 04, 2010062518, 03, TVCN, 120, 170N, 1266W,  68,  209,   ,   0,    ,    0,    0,    0,    0, 
EP, 04, 2010062600, 03, GPCC,  12, 154N, 1210W,  68,   32,   ,   0,    ,    0,    0,    0,    0, 
EP, 04, 2010062600, 03, GPCC,  24, 159N, 1225W,  68,   64,   ,   0,    ,    0,    0,    0,    0, 
EP, 04, 2010062600, 03, GPCC,  36, 160N, 1236W,  68,   92,   ,   0,    ,    0,    0,    0,    0, 
EP, 04, 2010062600, 03, GPCC,  48, 160N, 1243W,  68,  119,   ,   0,    ,    0,    0,    0,    0, 
EP, 04, 2010062600, 03, GPCC,  72, 161N, 1247W,  68,  173,   ,   0,    ,    0,    0,    0,    0, 
EP, 04, 2010062600, 03, GPCC,  96, 165N, 1243W,  68,  227,   ,   0,    ,    0,    0,    0,    0, 
EP, 04, 2010062600, 03, GPCC, 120, 165N, 1252W,  68,  335,   ,   0,    ,    0,    0,    0,    0, 
EP, 04, 2010062600, 03, TCON,  12, 154N, 1212W,  68,   22,   ,   0,    ,    0,    0,    0,    0, 
EP, 04, 2010062600, 03, TCON,  24, 159N, 1227W,  68,   38,   ,   0,    ,    0,    0,    0,    0, 
EP, 04, 2010062600, 03, TCON,  36, 160N, 1239W,  68,   54,   ,   0,    ,    0,    0,    0,    0, 
EP, 04, 2010062600, 03, TCON,  48, 160N, 1248W,  68,   64,   ,   0,    ,    0,    0,    0,    0, 
EP, 04, 2010062600, 03, TCON,  72, 160N, 1255W,  68,  129,   ,   0,    ,    0,    0,    0,    0, 
EP, 04, 2010062600, 03, TVCN,  12, 154N, 1210W,  68,   18,   ,   0,    ,    0,    0,    0,    0, 
EP, 04, 2010062600, 03, TVCN,  24, 159N, 1225W,  68,   31,   ,   0,    ,    0,    0,    0,    0, 
EP, 04, 2010062600, 03, TVCN,  36, 160N, 1236W,  68,   47,   ,   0,    ,    0,    0,    0,    0, 
EP, 04, 2010062600, 03, TVCN,  48, 160N, 1243W,  68,   59,   ,   0,    ,    0,    0,    0,    0, 
EP, 04, 2010062600, 03, TVCN,  72, 161N, 1247W,  68,  105,   ,   0,    ,    0,    0,    0,    0, 
EP, 04, 2010062600, 03, TVCN,  96, 165N, 1243W,  68,  153,   ,   0,    ,    0,    0,    0,    0, 
EP, 04, 2010062600, 03, TVCN, 120, 165N, 1252W,  68,  199,   ,   0,    ,    0,    0,    0,    0, 
EP, 04, 2010062606, 03, GPCC,  12, 158N, 1218W,  68,   32,   ,   0,    ,    0,    0,    0,    0, 
EP, 04, 2010062606, 03, GPCC,  24, 160N, 1231W,  68,   64,   ,   0,    ,    0,    0,    0,    0, 
EP, 04, 2010062606, 03, GPCC,  36, 161N, 1240W,  68,   92,   ,   0,    ,    0,    0,    0,    0, 
EP, 04, 2010062606, 03, GPCC,  48, 161N, 1245W,  68,  119,   ,   0,    ,    0,    0,    0,    0, 
EP, 04, 2010062606, 03, GPCC,  72, 161N, 1246W,  68,  173,   ,   0,    ,    0,    0,    0,    0, 
EP, 04, 2010062606, 03, GPCC,  96, 161N, 1250W,  68,  227,   ,   0,    ,    0,    0,    0,    0, 
EP, 04, 2010062606, 03, GPCC, 120, 164N, 1257W,  68,  335,   ,   0,    ,    0,    0,    0,    0, 
EP, 04, 2010062606, 03, TCON,  12, 158N, 1219W,  68,   24,   ,   0,    ,    0,    0,    0,    0, 
EP, 04, 2010062606, 03, TCON,  24, 160N, 1232W,  68,   42,   ,   0,    ,    0,    0,    0,    0, 
EP, 04, 2010062606, 03, TCON,  36, 160N, 1242W,  68,   61,   ,   0,    ,    0,    0,    0,    0, 
EP, 04, 2010062606, 03, TCON,  48, 160N, 1249W,  68,   70,   ,   0,    ,    0,    0,    0,    0, 
EP, 04, 2010062606, 03, TCON,  72, 159N, 1253W,  68,  130,   ,   0,    ,    0,    0,    0,    0, 
EP, 04, 2010062606, 03, TCON,  96, 159N, 1259W,  68,  158,   ,   0,    ,    0,    0,    0,    0, 
EP, 04, 2010062606, 03, TVCN,  12, 158N, 1218W,  68,   20,   ,   0,    ,    0,    0,    0,    0, 
EP, 04, 2010062606, 03, TVCN,  24, 160N, 1231W,  68,   35,   ,   0,    ,    0,    0,    0,    0, 
EP, 04, 2010062606, 03, TVCN,  36, 161N, 1240W,  68,   53,   ,   0,    ,    0,    0,    0,    0, 
EP, 04, 2010062606, 03, TVCN,  48, 161N, 1245W,  68,   66,   ,   0,    ,    0,    0,    0,    0, 
EP, 04, 2010062606, 03, TVCN,  72, 161N, 1246W,  68,  108,   ,   0,    ,    0,    0,    0,    0, 
EP, 04, 2010062606, 03, TVCN,  96, 161N, 1250W,  68,  143,   ,   0,    ,    0,    0,    0,    0, 
EP, 04, 2010062606, 03, TVCN, 120, 164N, 1257W,  68,  202,   ,   0,    ,    0,    0,    0,    0, 
EP, 04, 2010062612, 03, GPCC,  12, 159N, 1225W,  68,   32,   ,   0,    ,    0,    0,    0,    0, 
EP, 04, 2010062612, 03, GPCC,  24, 160N, 1236W,  68,   64,   ,   0,    ,    0,    0,    0,    0, 
EP, 04, 2010062612, 03, GPCC,  36, 160N, 1243W,  68,   92,   ,   0,    ,    0,    0,    0,    0, 
EP, 04, 2010062612, 03, GPCC,  48, 160N, 1246W,  68,  119,   ,   0,    ,    0,    0,    0,    0, 
EP, 04, 2010062612, 03, GPCC,  72, 158N, 1248W,  68,  173,   ,   0,    ,    0,    0,    0,    0, 
EP, 04, 2010062612, 03, GPCC,  96, 157N, 1255W,  68,  227,   ,   0,    ,    0,    0,    0,    0, 
EP, 04, 2010062612, 03, GPCC, 120, 156N, 1268W,  68,  335,   ,   0,    ,    0,    0,    0,    0, 
EP, 04, 2010062612, 03, TCON,  12, 159N, 1226W,  68,   26,   ,   0,    ,    0,    0,    0,    0, 
EP, 04, 2010062612, 03, TCON,  24, 160N, 1237W,  68,   45,   ,   0,    ,    0,    0,    0,    0, 
EP, 04, 2010062612, 03, TCON,  36, 159N, 1245W,  68,   64,   ,   0,    ,    0,    0,    0,    0, 
EP, 04, 2010062612, 03, TCON,  48, 159N, 1249W,  68,   72,   ,   0,    ,    0,    0,    0,    0, 
EP, 04, 2010062612, 03, TCON,  72, 157N, 1253W,  68,  127,   ,   0,    ,    0,    0,    0,    0, 
EP, 04, 2010062612, 03, TCON,  96, 155N, 1263W,  68,  156,   ,   0,    ,    0,    0,    0,    0, 
EP, 04, 2010062612, 03, TVCN,  12, 159N, 1225W,  68,   22,   ,   0,    ,    0,    0,    0,    0, 
EP, 04, 2010062612, 03, TVCN,  24, 160N, 1236W,  68,   38,   ,   0,    ,    0,    0,    0,    0, 
EP, 04, 2010062612, 03, TVCN,  36, 160N, 1243W,  68,   55,   ,   0,    ,    0,    0,    0,    0, 
EP, 04, 2010062612, 03, TVCN,  48, 160N, 1246W,  68,   65,   ,   0,    ,    0,    0,    0,    0, 
EP, 04, 2010062612, 03, TVCN,  72, 158N, 1248W,  68,  102,   ,   0,    ,    0,    0,    0,    0, 
EP, 04, 2010062612, 03, TVCN,  96, 157N, 1255W,  68,  135,   ,   0,    ,    0,    0,    0,    0, 
EP, 04, 2010062612, 03, TVCN, 120, 156N, 1268W,  68,  199,   ,   0,    ,    0,    0,    0,    0, 
EP, 04, 2010062618, 03, GPCC,  12, 159N, 1232W,  68,   32,   ,   0,    ,    0,    0,    0,    0, 
EP, 04, 2010062618, 03, GPCC,  24, 159N, 1240W,  68,   64,   ,   0,    ,    0,    0,    0,    0, 
EP, 04, 2010062618, 03, GPCC,  36, 159N, 1245W,  68,   92,   ,   0,    ,    0,    0,    0,    0, 
EP, 04, 2010062618, 03, GPCC,  48, 159N, 1247W,  68,  119,   ,   0,    ,    0,    0,    0,    0, 
EP, 04, 2010062618, 03, GPCC,  72, 159N, 1246W,  68,  173,   ,   0,    ,    0,    0,    0,    0, 
EP, 04, 2010062618, 03, GPCC,  96, 157N, 1252W,  68,  227,   ,   0,    ,    0,    0,    0,    0, 
EP, 04, 2010062618, 03, GPCC, 120, 154N, 1258W,  68,  335,   ,   0,    ,    0,    0,    0,    0, 
EP, 04, 2010062618, 03, TCON,  12, 159N, 1232W,  68,   30,   ,   0,    ,    0,    0,    0,    0, 
EP, 04, 2010062618, 03, TCON,  24, 160N, 1241W,  68,   51,   ,   0,    ,    0,    0,    0,    0, 
EP, 04, 2010062618, 03, TCON,  36, 160N, 1246W,  68,   72,   ,   0,    ,    0,    0,    0,    0, 
EP, 04, 2010062618, 03, TCON,  48, 160N, 1248W,  68,   80,   ,   0,    ,    0,    0,    0,    0, 
EP, 04, 2010062618, 03, TCON,  72, 159N, 1250W,  68,  128,   ,   0,    ,    0,    0,    0,    0, 
EP, 04, 2010062618, 03, TCON,  96, 156N, 1259W,  68,  152,   ,   0,    ,    0,    0,    0,    0, 
EP, 04, 2010062618, 03, TVCN,  12, 159N, 1232W,  68,   25,   ,   0,    ,    0,    0,    0,    0, 
EP, 04, 2010062618, 03, TVCN,  24, 159N, 1240W,  68,   44,   ,   0,    ,    0,    0,    0,    0, 
EP, 04, 2010062618, 03, TVCN,  36, 159N, 1245W,  68,   63,   ,   0,    ,    0,    0,    0,    0, 
EP, 04, 2010062618, 03, TVCN,  48, 159N, 1247W,  68,   74,   ,   0,    ,    0,    0,    0,    0, 
EP, 04, 2010062618, 03, TVCN,  72, 159N, 1246W,  68,  104,   ,   0,    ,    0,    0,    0,    0, 
EP, 04, 2010062618, 03, TVCN,  96, 157N, 1252W,  68,  141,   ,   0,    ,    0,    0,    0,    0, 
EP, 04, 2010062618, 03, TVCN, 120, 154N, 1258W,  68,  202,   ,   0,    ,    0,    0,    0,    0, 
EP, 04, 2010062700, 03, GPCC,  12, 159N, 1234W,  68,   32,   ,   0,    ,    0,    0,    0,    0, 
EP, 04, 2010062700, 03, GPCC,  24, 158N, 1240W,  68,   64,   ,   0,    ,    0,    0,    0,    0, 
EP, 04, 2010062700, 03, GPCC,  36, 158N, 1241W,  68,   92,   ,   0,    ,    0,    0,    0,    0, 
EP, 04, 2010062700, 03, GPCC,  48, 158N, 1240W,  68,  119,   ,   0,    ,    0,    0,    0,    0, 
EP, 04, 2010062700, 03, GPCC,  72, 156N, 1237W,  68,  173,   ,   0,    ,    0,    0,    0,    0, 
EP, 04, 2010062700, 03, GPCC,  96, 153N, 1242W,  68,  227,   ,   0,    ,    0,    0,    0,    0, 
EP, 04, 2010062700, 03, GPCC, 120, 149N, 1240W,  68,  335,   ,   0,    ,    0,    0,    0,    0, 
EP, 04, 2010062700, 03, TCON,  12, 159N, 1235W,  68,   33,   ,   0,    ,    0,    0,    0,    0, 
EP, 04, 2010062700, 03, TCON,  24, 159N, 1242W,  68,   55,   ,   0,    ,    0,    0,    0,    0, 
EP, 04, 2010062700, 03, TCON,  36, 159N, 1245W,  68,   78,   ,   0,    ,    0,    0,    0,    0, 
EP, 04, 2010062700, 03, TCON,  48, 158N, 1246W,  68,   86,   ,   0,    ,    0,    0,    0,    0, 
EP, 04, 2010062700, 03, TCON,  72, 157N, 1247W,  68,  129,   ,   0,    ,    0,    0,    0,    0, 
EP, 04, 2010062700, 03, TCON,  96, 155N, 1258W,  68,  150,   ,   0,    ,    0,    0,    0,    0, 
EP, 04, 2010062700, 03, TVCN,  12, 159N, 1234W,  68,   28,   ,   0,    ,    0,    0,    0,    0, 
EP, 04, 2010062700, 03, TVCN,  24, 158N, 1240W,  68,   47,   ,   0,    ,    0,    0,    0,    0, 
EP, 04, 2010062700, 03, TVCN,  36, 158N, 1241W,  68,   68,   ,   0,    ,    0,    0,    0,    0, 
EP, 04, 2010062700, 03, TVCN,  48, 158N, 1240W,  68,   83,   ,   0,    ,    0,    0,    0,    0, 
EP, 04, 2010062700, 03, TVCN,  72, 156N, 1237W,  68,  114,   ,   0,    ,    0,    0,    0,    0, 
EP, 04, 2010062700, 03, TVCN,  96, 153N, 1242W,  68,  160,   ,   0,    ,    0,    0,    0,    0, 
EP, 04, 2010062700, 03, TVCN, 120, 149N, 1240W,  68,  252,   ,   0,    ,    0,    0,    0,    0, 
EP, 04, 2010062706, 03, GPCC,  12, 160N, 1240W,  68,   32,   ,   0,    ,    0,    0,    0,    0, 
EP, 04, 2010062706, 03, GPCC,  24, 161N, 1244W,  68,   64,   ,   0,    ,    0,    0,    0,    0, 
EP, 04, 2010062706, 03, GPCC,  36, 162N, 1245W,  68,   92,   ,   0,    ,    0,    0,    0,    0, 
EP, 04, 2010062706, 03, GPCC,  48, 161N, 1244W,  68,  119,   ,   0,    ,    0,    0,    0,    0, 
EP, 04, 2010062706, 03, GPCC,  72, 159N, 1245W,  68,  173,   ,   0,    ,    0,    0,    0,    0, 
EP, 04, 2010062706, 03, GPCC,  96, 156N, 1257W,  68,  227,   ,   0,    ,    0,    0,    0,    0, 
EP, 04, 2010062706, 03, GPCC, 120, 146N, 1281W,  68,  335,   ,   0,    ,    0,    0,    0,    0, 
EP, 04, 2010062706, 03, TCON,  12, 160N, 1239W,  68,   33,   ,   0,    ,    0,    0,    0,    0, 
EP, 04, 2010062706, 03, TCON,  24, 161N, 1244W,  68,   56,   ,   0,    ,    0,    0,    0,    0, 
EP, 04, 2010062706, 03, TCON,  36, 161N, 1245W,  68,   79,   ,   0,    ,    0,    0,    0,    0, 
EP, 04, 2010062706, 03, TCON,  48, 161N, 1245W,  68,   87,   ,   0,    ,    0,    0,    0,    0, 
EP, 04, 2010062706, 03, TCON,  72, 159N, 1248W,  68,  125,   ,   0,    ,    0,    0,    0,    0, 
EP, 04, 2010062706, 03, TCON,  96, 157N, 1263W,  68,  148,   ,   0,    ,    0,    0,    0,    0, 
EP, 04, 2010062706, 03, TCON, 120, 146N, 1281W,  68,  189,   ,   0,    ,    0,    0,    0,    0, 
EP, 04, 2010062706, 03, TVCN,  12, 160N, 1240W,  68,   32,   ,   0,    ,    0,    0,    0,    0, 
EP, 04, 2010062706, 03, TVCN,  24, 161N, 1244W,  68,   51,   ,   0,    ,    0,    0,    0,    0, 
EP, 04, 2010062706, 03, TVCN,  36, 162N, 1245W,  68,   70,   ,   0,    ,    0,    0,    0,    0, 
EP, 04, 2010062706, 03, TVCN,  48, 161N, 1244W,  68,   83,   ,   0,    ,    0,    0,    0,    0, 
EP, 04, 2010062706, 03, TVCN,  72, 159N, 1245W,  68,  116,   ,   0,    ,    0,    0,    0,    0, 
EP, 04, 2010062706, 03, TVCN,  96, 156N, 1257W,  68,  156,   ,   0,    ,    0,    0,    0,    0, 
EP, 04, 2010062706, 03, TVCN, 120, 146N, 1281W,  68,  218,   ,   0,    ,    0,    0,    0,    0, 
EP, 04, 2010062712, 03, GPCC,  12, 160N, 1241W,  68,   32,   ,   0,    ,    0,    0,    0,    0, 
EP, 04, 2010062712, 03, GPCC,  24, 161N, 1242W,  68,   64,   ,   0,    ,    0,    0,    0,    0, 
EP, 04, 2010062712, 03, GPCC,  36, 161N, 1241W,  68,   92,   ,   0,    ,    0,    0,    0,    0, 
EP, 04, 2010062712, 03, GPCC,  48, 160N, 1239W,  68,  119,   ,   0,    ,    0,    0,    0,    0, 
EP, 04, 2010062712, 03, GPCC,  72, 156N, 1242W,  68,  173,   ,   0,    ,    0,    0,    0,    0, 
EP, 04, 2010062712, 03, GPCC,  96, 153N, 1255W,  68,  227,   ,   0,    ,    0,    0,    0,    0, 
EP, 04, 2010062712, 03, GPCC, 120, 138N, 1270W,  68,  335,   ,   0,    ,    0,    0,    0,    0, 
EP, 04, 2010062712, 03, TCON,  12, 160N, 1241W,  68,   35,   ,   0,    ,    0,    0,    0,    0, 
EP, 04, 2010062712, 03, TCON,  24, 161N, 1242W,  68,   57,   ,   0,    ,    0,    0,    0,    0, 
EP, 04, 2010062712, 03, TCON,  36, 161N, 1241W,  68,   80,   ,   0,    ,    0,    0,    0,    0, 
EP, 04, 2010062712, 03, TCON,  48, 160N, 1240W,  68,   87,   ,   0,    ,    0,    0,    0,    0, 
EP, 04, 2010062712, 03, TCON,  72, 158N, 1246W,  68,  123,   ,   0,    ,    0,    0,    0,    0, 
EP, 04, 2010062712, 03, TCON,  96, 153N, 1260W,  68,  146,   ,   0,    ,    0,    0,    0,    0, 
EP, 04, 2010062712, 03, TVCN,  12, 160N, 1241W,  68,   31,   ,   0,    ,    0,    0,    0,    0, 
EP, 04, 2010062712, 03, TVCN,  24, 161N, 1242W,  68,   49,   ,   0,    ,    0,    0,    0,    0, 
EP, 04, 2010062712, 03, TVCN,  36, 161N, 1241W,  68,   64,   ,   0,    ,    0,    0,    0,    0, 
EP, 04, 2010062712, 03, TVCN,  48, 160N, 1239W,  68,   72,   ,   0,    ,    0,    0,    0,    0, 
EP, 04, 2010062712, 03, TVCN,  72, 156N, 1242W,  68,  100,   ,   0,    ,    0,    0,    0,    0, 
EP, 04, 2010062712, 03, TVCN,  96, 153N, 1255W,  68,  156,   ,   0,    ,    0,    0,    0,    0, 
EP, 04, 2010062712, 03, TVCN, 120, 138N, 1270W,  68,  245,   ,   0,    ,    0,    0,    0,    0, 
EP, 04, 2010062718, 03, GPCC,  12, 157N, 1242W,  68,   32,   ,   0,    ,    0,    0,    0,    0, 
EP, 04, 2010062718, 03, GPCC,  24, 158N, 1241W,  68,   64,   ,   0,    ,    0,    0,    0,    0, 
EP, 04, 2010062718, 03, GPCC,  36, 156N, 1238W,  68,   92,   ,   0,    ,    0,    0,    0,    0, 
EP, 04, 2010062718, 03, GPCC,  48, 154N, 1237W,  68,  119,   ,   0,    ,    0,    0,    0,    0, 
EP, 04, 2010062718, 03, GPCC,  72, 150N, 1244W,  68,  173,   ,   0,    ,    0,    0,    0,    0, 
EP, 04, 2010062718, 03, GPCC,  96, 146N, 1253W,  68,  227,   ,   0,    ,    0,    0,    0,    0, 
EP, 04, 2010062718, 03, GPCC, 120, 126N, 1272W,  68,  335,   ,   0,    ,    0,    0,    0,    0, 
EP, 04, 2010062718, 03, TCON,  12, 157N, 1241W,  68,   36,   ,   0,    ,    0,    0,    0,    0, 
EP, 04, 2010062718, 03, TCON,  24, 157N, 1240W,  68,   59,   ,   0,    ,    0,    0,    0,    0, 
EP, 04, 2010062718, 03, TCON,  36, 157N, 1238W,  68,   84,   ,   0,    ,    0,    0,    0,    0, 
EP, 04, 2010062718, 03, TCON,  48, 155N, 1238W,  68,   92,   ,   0,    ,    0,    0,    0,    0, 
EP, 04, 2010062718, 03, TCON,  72, 152N, 1248W,  68,  127,   ,   0,    ,    0,    0,    0,    0, 
EP, 04, 2010062718, 03, TVCN,  12, 157N, 1242W,  68,   35,   ,   0,    ,    0,    0,    0,    0, 
EP, 04, 2010062718, 03, TVCN,  24, 158N, 1241W,  68,   55,   ,   0,    ,    0,    0,    0,    0, 
EP, 04, 2010062718, 03, TVCN,  36, 156N, 1238W,  68,   73,   ,   0,    ,    0,    0,    0,    0, 
EP, 04, 2010062718, 03, TVCN,  48, 154N, 1237W,  68,   90,   ,   0,    ,    0,    0,    0,    0, 
EP, 04, 2010062718, 03, TVCN,  72, 150N, 1244W,  68,  123,   ,   0,    ,    0,    0,    0,    0, 
EP, 04, 2010062718, 03, TVCN,  96, 146N, 1253W,  68,  198,   ,   0,    ,    0,    0,    0,    0, 
EP, 04, 2010062718, 03, TVCN, 120, 126N, 1272W,  68,  283,   ,   0,    ,    0,    0,    0,    0, 
EP, 04, 2010062800, 03, GPCC,  12, 157N, 1241W,  68,   32,   ,   0,    ,    0,    0,    0,    0, 
EP, 04, 2010062800, 03, GPCC,  24, 156N, 1238W,  68,   64,   ,   0,    ,    0,    0,    0,    0, 
EP, 04, 2010062800, 03, GPCC,  36, 154N, 1236W,  68,   92,   ,   0,    ,    0,    0,    0,    0, 
EP, 04, 2010062800, 03, GPCC,  48, 153N, 1235W,  68,  119,   ,   0,    ,    0,    0,    0,    0, 
EP, 04, 2010062800, 03, GPCC,  72, 149N, 1239W,  68,  173,   ,   0,    ,    0,    0,    0,    0, 
EP, 04, 2010062800, 03, GPCC,  96, 136N, 1229W,  68,  227,   ,   0,    ,    0,    0,    0,    0, 
EP, 04, 2010062800, 03, GPCC, 120, 116N, 1237W,  68,  335,   ,   0,    ,    0,    0,    0,    0, 
EP, 04, 2010062800, 03, TCON,  12, 157N, 1241W,  68,   34,   ,   0,    ,    0,    0,    0,    0, 
EP, 04, 2010062800, 03, TCON,  24, 157N, 1239W,  68,   58,   ,   0,    ,    0,    0,    0,    0, 
EP, 04, 2010062800, 03, TCON,  36, 155N, 1237W,  68,   84,   ,   0,    ,    0,    0,    0,    0, 
EP, 04, 2010062800, 03, TCON,  48, 154N, 1237W,  68,   94,   ,   0,    ,    0,    0,    0,    0, 
EP, 04, 2010062800, 03, TCON,  72, 152N, 1244W,  68,  135,   ,   0,    ,    0,    0,    0,    0, 
EP, 04, 2010062800, 03, TVCN,  12, 157N, 1241W,  68,   30,   ,   0,    ,    0,    0,    0,    0, 
EP, 04, 2010062800, 03, TVCN,  24, 156N, 1238W,  68,   48,   ,   0,    ,    0,    0,    0,    0, 
EP, 04, 2010062800, 03, TVCN,  36, 154N, 1236W,  68,   68,   ,   0,    ,    0,    0,    0,    0, 
EP, 04, 2010062800, 03, TVCN,  48, 153N, 1235W,  68,   86,   ,   0,    ,    0,    0,    0,    0, 
EP, 04, 2010062800, 03, TVCN,  72, 149N, 1239W,  68,  118,   ,   0,    ,    0,    0,    0,    0, 
EP, 04, 2010062800, 03, TVCN,  96, 136N, 1229W,  68,  181,   ,   0,    ,    0,    0,    0,    0, 
EP, 04, 2010062800, 03, TVCN, 120, 116N, 1237W,  68,  279,   ,   0,    ,    0,    0,    0,    0, 
EP, 04, 2010062806, 03, GPCC,  12, 154N, 1240W,  68,   32,   ,   0,    ,    0,    0,    0,    0, 
EP, 04, 2010062806, 03, GPCC,  24, 154N, 1237W,  68,   64,   ,   0,    ,    0,    0,    0,    0, 
EP, 04, 2010062806, 03, GPCC,  36, 154N, 1236W,  68,   92,   ,   0,    ,    0,    0,    0,    0, 
EP, 04, 2010062806, 03, GPCC,  48, 153N, 1237W,  68,  119,   ,   0,    ,    0,    0,    0,    0, 
EP, 04, 2010062806, 03, GPCC,  72, 149N, 1245W,  68,  173,   ,   0,    ,    0,    0,    0,    0, 
EP, 04, 2010062806, 03, GPCC,  96, 134N, 1259W,  68,  227,   ,   0,    ,    0,    0,    0,    0, 
EP, 04, 2010062806, 03, GPCC, 120, 113N, 1252W,  68,  335,   ,   0,    ,    0,    0,    0,    0, 
EP, 04, 2010062806, 03, TCON,  12, 153N, 1240W,  68,   34,   ,   0,    ,    0,    0,    0,    0, 
EP, 04, 2010062806, 03, TCON,  24, 154N, 1237W,  68,   57,   ,   0,    ,    0,    0,    0,    0, 
EP, 04, 2010062806, 03, TCON,  36, 154N, 1237W,  68,   83,   ,   0,    ,    0,    0,    0,    0, 
EP, 04, 2010062806, 03, TCON,  48, 153N, 1239W,  68,   91,   ,   0,    ,    0,    0,    0,    0, 
EP, 04, 2010062806, 03, TCON,  72, 151N, 1250W,  68,  130,   ,   0,    ,    0,    0,    0,    0, 
EP, 04, 2010062806, 03, TVCN,  12, 154N, 1240W,  68,   29,   ,   0,    ,    0,    0,    0,    0, 
EP, 04, 2010062806, 03, TVCN,  24, 154N, 1237W,  68,   47,   ,   0,    ,    0,    0,    0,    0, 
EP, 04, 2010062806, 03, TVCN,  36, 154N, 1236W,  68,   67,   ,   0,    ,    0,    0,    0,    0, 
EP, 04, 2010062806, 03, TVCN,  48, 153N, 1237W,  68,   83,   ,   0,    ,    0,    0,    0,    0, 
EP, 04, 2010062806, 03, TVCN,  72, 149N, 1245W,  68,  113,   ,   0,    ,    0,    0,    0,    0, 
EP, 04, 2010062806, 03, TVCN,  96, 134N, 1259W,  68,  197,   ,   0,    ,    0,    0,    0,    0, 
EP, 04, 2010062806, 03, TVCN, 120, 113N, 1252W,  68,  255,   ,   0,    ,    0,    0,    0,    0, 
EP, 04, 2010062812, 03, GPCC,  12, 155N, 1239W,  68,   32,   ,   0,    ,    0,    0,    0,    0, 
EP, 04, 2010062812, 03, GPCC,  24, 156N, 1236W,  68,   64,   ,   0,    ,    0,    0,    0,    0, 
EP, 04, 2010062812, 03, GPCC,  36, 156N, 1235W,  68,   92,   ,   0,    ,    0,    0,    0,    0, 
EP, 04, 2010062812, 03, GPCC,  48, 157N, 1238W,  68,  119,   ,   0,    ,    0,    0,    0,    0, 
EP, 04, 2010062812, 03, GPCC,  72, 153N, 1245W,  68,  173,   ,   0,    ,    0,    0,    0,    0, 
EP, 04, 2010062812, 03, GPCC,  96, 144N, 1272W,  68,  227,   ,   0,    ,    0,    0,    0,    0, 
EP, 04, 2010062812, 03, GPCC, 120, 119N, 1253W,  68,  335,   ,   0,    ,    0,    0,    0,    0, 
EP, 04, 2010062812, 03, TCON,  12, 155N, 1239W,  68,   34,   ,   0,    ,    0,    0,    0,    0, 
EP, 04, 2010062812, 03, TCON,  24, 156N, 1237W,  68,   59,   ,   0,    ,    0,    0,    0,    0, 
EP, 04, 2010062812, 03, TCON,  36, 157N, 1237W,  68,   85,   ,   0,    ,    0,    0,    0,    0, 
EP, 04, 2010062812, 03, TCON,  48, 158N, 1241W,  68,   94,   ,   0,    ,    0,    0,    0,    0, 
EP, 04, 2010062812, 03, TCON,  72, 156N, 1251W,  68,  135,   ,   0,    ,    0,    0,    0,    0, 
EP, 04, 2010062812, 03, TVCN,  12, 155N, 1239W,  68,   30,   ,   0,    ,    0,    0,    0,    0, 
EP, 04, 2010062812, 03, TVCN,  24, 156N, 1236W,  68,   49,   ,   0,    ,    0,    0,    0,    0, 
EP, 04, 2010062812, 03, TVCN,  36, 156N, 1235W,  68,   71,   ,   0,    ,    0,    0,    0,    0, 
EP, 04, 2010062812, 03, TVCN,  48, 157N, 1238W,  68,   88,   ,   0,    ,    0,    0,    0,    0, 
EP, 04, 2010062812, 03, TVCN,  72, 153N, 1245W,  68,  120,   ,   0,    ,    0,    0,    0,    0, 
EP, 04, 2010062812, 03, TVCN,  96, 144N, 1272W,  68,  214,   ,   0,    ,    0,    0,    0,    0, 
EP, 04, 2010062812, 03, TVCN, 120, 119N, 1253W,  68,  270,   ,   0,    ,    0,    0,    0,    0, 
EP, 04, 2010062818, 03, GPCC,  12, 152N, 1236W,  68,   32,   ,   0,    ,    0,    0,    0,    0, 
EP, 04, 2010062818, 03, GPCC,  24, 151N, 1233W,  68,   64,   ,   0,    ,    0,    0,    0,    0, 
EP, 04, 2010062818, 03, GPCC,  36, 151N, 1234W,  68,   92,   ,   0,    ,    0,    0,    0,    0, 
EP, 04, 2010062818, 03, GPCC,  48, 152N, 1237W,  68,  119,   ,   0,    ,    0,    0,    0,    0, 
EP, 04, 2010062818, 03, GPCC,  72, 149N, 1238W,  68,  173,   ,   0,    ,    0,    0,    0,    0, 
EP, 04, 2010062818, 03, GPCC,  96, 139N, 1257W,  68,  227,   ,   0,    ,    0,    0,    0,    0, 
EP, 04, 2010062818, 03, GPCC, 120, 121N, 1234W,  68,  335,   ,   0,    ,    0,    0,    0,    0, 
EP, 04, 2010062818, 03, TCON,  12, 152N, 1236W,  68,   35,   ,   0,    ,    0,    0,    0,    0, 
EP, 04, 2010062818, 03, TCON,  24, 152N, 1234W,  68,   59,   ,   0,    ,    0,    0,    0,    0, 
EP, 04, 2010062818, 03, TCON,  36, 153N, 1235W,  68,   85,   ,   0,    ,    0,    0,    0,    0, 
EP, 04, 2010062818, 03, TCON,  48, 154N, 1240W,  68,   94,   ,   0,    ,    0,    0,    0,    0, 
EP, 04, 2010062818, 03, TVCN,  12, 152N, 1236W,  68,   34,   ,   0,    ,    0,    0,    0,    0, 
EP, 04, 2010062818, 03, TVCN,  24, 151N, 1233W,  68,   56,   ,   0,    ,    0,    0,    0,    0, 
EP, 04, 2010062818, 03, TVCN,  36, 151N, 1234W,  68,   78,   ,   0,    ,    0,    0,    0,    0, 
EP, 04, 2010062818, 03, TVCN,  48, 152N, 1237W,  68,  100,   ,   0,    ,    0,    0,    0,    0, 
EP, 04, 2010062818, 03, TVCN,  72, 149N, 1238W,  68,  151,   ,   0,    ,    0,    0,    0,    0, 
EP, 04, 2010062818, 03, TVCN,  96, 139N, 1257W,  68,  229,   ,   0,    ,    0,    0,    0,    0, 
EP, 04, 2010062818, 03, TVCN, 120, 121N, 1234W,  68,  303,   ,   0,    ,    0,    0,    0,    0, 
EP, 04, 2010062900, 03, GPCC,  12, 153N, 1232W,  68,   32,   ,   0,    ,    0,    0,    0,    0, 
EP, 04, 2010062900, 03, GPCC,  24, 154N, 1230W,  68,   64,   ,   0,    ,    0,    0,    0,    0, 
EP, 04, 2010062900, 03, GPCC,  36, 154N, 1232W,  68,   92,   ,   0,    ,    0,    0,    0,    0, 
EP, 04, 2010062900, 03, GPCC,  48, 156N, 1235W,  68,  119,   ,   0,    ,    0,    0,    0,    0, 
EP, 04, 2010062900, 03, GPCC,  72, 153N, 1240W,  68,  173,   ,   0,    ,    0,    0,    0,    0, 
EP, 04, 2010062900, 03, GPCC,  96, 132N, 1263W,  68,  227,   ,   0,    ,    0,    0,    0,    0, 
EP, 04, 2010062900, 03, GPCC, 120, 114N, 1246W,  68,  335,   ,   0,    ,    0,    0,    0,    0, 
EP, 04, 2010062900, 03, TCON,  12, 153N, 1233W,  68,   36,   ,   0,    ,    0,    0,    0,    0, 
EP, 04, 2010062900, 03, TCON,  24, 153N, 1231W,  68,   60,   ,   0,    ,    0,    0,    0,    0, 
EP, 04, 2010062900, 03, TCON,  36, 154N, 1235W,  68,   87,   ,   0,    ,    0,    0,    0,    0, 
EP, 04, 2010062900, 03, TCON,  48, 156N, 1240W,  68,   97,   ,   0,    ,    0,    0,    0,    0, 
EP, 04, 2010062900, 03, TVCN,  12, 153N, 1232W,  68,   32,   ,   0,    ,    0,    0,    0,    0, 
EP, 04, 2010062900, 03, TVCN,  24, 154N, 1230W,  68,   52,   ,   0,    ,    0,    0,    0,    0, 
EP, 04, 2010062900, 03, TVCN,  36, 154N, 1232W,  68,   75,   ,   0,    ,    0,    0,    0,    0, 
EP, 04, 2010062900, 03, TVCN,  48, 156N, 1235W,  68,   98,   ,   0,    ,    0,    0,    0,    0, 
EP, 04, 2010062900, 03, TVCN,  72, 153N, 1240W,  68,  153,   ,   0,    ,    0,    0,    0,    0, 
EP, 04, 2010062900, 03, TVCN,  96, 132N, 1263W,  68,  236,   ,   0,    ,    0,    0,    0,    0, 
EP, 04, 2010062900, 03, TVCN, 120, 114N, 1246W,  68,  329,   ,   0,    ,    0,    0,    0,    0, 
