EP, 07, 2010080412, 03, GPCC,  12,   0N,    0W,  68,   32,   ,   0,    ,    0,    0,    0,    0, 
EP, 07, 2010080412, 03, GPCC,  24,   0N,    0W,  68,   64,   ,   0,    ,    0,    0,    0,    0, 
EP, 07, 2010080412, 03, GPCC,  36,   0N,    0W,  68,   92,   ,   0,    ,    0,    0,    0,    0, 
EP, 07, 2010080412, 03, GPCC,  48,   0N,    0W,  68,  119,   ,   0,    ,    0,    0,    0,    0, 
EP, 07, 2010080412, 03, GPCC,  72,   0N,    0W,  68,  173,   ,   0,    ,    0,    0,    0,    0, 
EP, 07, 2010080412, 03, GPCC,  96,   0N,    0W,  68,  227,   ,   0,    ,    0,    0,    0,    0, 
EP, 07, 2010080412, 03, GPCC, 120,   0N,    0W,  68,  335,   ,   0,    ,    0,    0,    0,    0, 
EP, 07, 2010080418, 03, GPCC,  12, 137N,  974W,  68,   32,   ,   0,    ,    0,    0,    0,    0, 
EP, 07, 2010080418, 03, GPCC,  24, 136N,  988W,  68,   64,   ,   0,    ,    0,    0,    0,    0, 
EP, 07, 2010080418, 03, GPCC,  36, 145N, 1003W,  68,   92,   ,   0,    ,    0,    0,    0,    0, 
EP, 07, 2010080418, 03, GPCC,  48, 156N, 1020W,  68,  119,   ,   0,    ,    0,    0,    0,    0, 
EP, 07, 2010080418, 03, GPCC,  72, 169N, 1042W,  68,  173,   ,   0,    ,    0,    0,    0,    0, 
EP, 07, 2010080418, 03, GPCC,  96, 176N, 1047W,  68,  227,   ,   0,    ,    0,    0,    0,    0, 
EP, 07, 2010080418, 03, GPCC, 120, 175N, 1045W,  68,  335,   ,   0,    ,    0,    0,    0,    0, 
EP, 07, 2010080418, 03, TVCN,  12, 137N,  974W,  68,   48,   ,   0,    ,    0,    0,    0,    0, 
EP, 07, 2010080418, 03, TVCN,  24, 136N,  988W,  68,   79,   ,   0,    ,    0,    0,    0,    0, 
EP, 07, 2010080418, 03, TVCN,  36, 145N, 1003W,  68,  105,   ,   0,    ,    0,    0,    0,    0, 
EP, 07, 2010080418, 03, TVCN,  48, 156N, 1020W,  68,  138,   ,   0,    ,    0,    0,    0,    0, 
EP, 07, 2010080418, 03, TVCN,  72, 169N, 1042W,  68,  203,   ,   0,    ,    0,    0,    0,    0, 
EP, 07, 2010080418, 03, TVCN,  96, 176N, 1047W,  68,  284,   ,   0,    ,    0,    0,    0,    0, 
EP, 07, 2010080418, 03, TVCN, 120, 175N, 1045W,  68,  356,   ,   0,    ,    0,    0,    0,    0, 
EP, 07, 2010080500, 03, GPCC,  12, 145N,  983W,  68,   32,   ,   0,    ,    0,    0,    0,    0, 
EP, 07, 2010080500, 03, GPCC,  24, 148N,  996W,  68,   64,   ,   0,    ,    0,    0,    0,    0, 
EP, 07, 2010080500, 03, GPCC,  36, 155N, 1011W,  68,   92,   ,   0,    ,    0,    0,    0,    0, 
EP, 07, 2010080500, 03, GPCC,  48, 162N, 1024W,  68,  119,   ,   0,    ,    0,    0,    0,    0, 
EP, 07, 2010080500, 03, GPCC,  72, 175N, 1044W,  68,  173,   ,   0,    ,    0,    0,    0,    0, 
EP, 07, 2010080500, 03, GPCC,  96, 172N, 1055W,  68,  227,   ,   0,    ,    0,    0,    0,    0, 
EP, 07, 2010080500, 03, GPCC, 120, 176N, 1045W,  68,  335,   ,   0,    ,    0,    0,    0,    0, 
EP, 07, 2010080500, 03, TVCN,  12, 145N,  983W,  68,   41,   ,   0,    ,    0,    0,    0,    0, 
EP, 07, 2010080500, 03, TVCN,  24, 148N,  996W,  68,   70,   ,   0,    ,    0,    0,    0,    0, 
EP, 07, 2010080500, 03, TVCN,  36, 155N, 1011W,  68,  100,   ,   0,    ,    0,    0,    0,    0, 
EP, 07, 2010080500, 03, TVCN,  48, 162N, 1024W,  68,  135,   ,   0,    ,    0,    0,    0,    0, 
EP, 07, 2010080500, 03, TVCN,  72, 175N, 1044W,  68,  181,   ,   0,    ,    0,    0,    0,    0, 
EP, 07, 2010080500, 03, TVCN,  96, 172N, 1055W,  68,  254,   ,   0,    ,    0,    0,    0,    0, 
EP, 07, 2010080500, 03, TVCN, 120, 176N, 1045W,  68,  360,   ,   0,    ,    0,    0,    0,    0, 
EP, 07, 2010080506, 03, GPCC,  12, 147N, 1005W,  68,   32,   ,   0,    ,    0,    0,    0,    0, 
EP, 07, 2010080506, 03, GPCC,  24, 151N, 1021W,  68,   64,   ,   0,    ,    0,    0,    0,    0, 
EP, 07, 2010080506, 03, GPCC,  36, 156N, 1037W,  68,   92,   ,   0,    ,    0,    0,    0,    0, 
EP, 07, 2010080506, 03, GPCC,  48, 164N, 1052W,  68,  119,   ,   0,    ,    0,    0,    0,    0, 
EP, 07, 2010080506, 03, GPCC,  72, 172N, 1072W,  68,  173,   ,   0,    ,    0,    0,    0,    0, 
EP, 07, 2010080506, 03, GPCC,  96, 171N, 1073W,  68,  227,   ,   0,    ,    0,    0,    0,    0, 
EP, 07, 2010080506, 03, GPCC, 120, 175N, 1075W,  68,  335,   ,   0,    ,    0,    0,    0,    0, 
EP, 07, 2010080506, 03, TVCN,  12, 147N, 1005W,  68,   44,   ,   0,    ,    0,    0,    0,    0, 
EP, 07, 2010080506, 03, TVCN,  24, 151N, 1021W,  68,   73,   ,   0,    ,    0,    0,    0,    0, 
EP, 07, 2010080506, 03, TVCN,  36, 156N, 1037W,  68,   98,   ,   0,    ,    0,    0,    0,    0, 
EP, 07, 2010080506, 03, TVCN,  48, 164N, 1052W,  68,  125,   ,   0,    ,    0,    0,    0,    0, 
EP, 07, 2010080506, 03, TVCN,  72, 172N, 1072W,  68,  166,   ,   0,    ,    0,    0,    0,    0, 
EP, 07, 2010080506, 03, TVCN,  96, 171N, 1073W,  68,  219,   ,   0,    ,    0,    0,    0,    0, 
EP, 07, 2010080506, 03, TVCN, 120, 175N, 1075W,  68,  267,   ,   0,    ,    0,    0,    0,    0, 
EP, 07, 2010080512, 03, GPCC,  12, 153N, 1015W,  68,   32,   ,   0,    ,    0,    0,    0,    0, 
EP, 07, 2010080512, 03, GPCC,  24, 159N, 1032W,  68,   64,   ,   0,    ,    0,    0,    0,    0, 
EP, 07, 2010080512, 03, GPCC,  36, 168N, 1051W,  68,   92,   ,   0,    ,    0,    0,    0,    0, 
EP, 07, 2010080512, 03, GPCC,  48, 172N, 1066W,  68,  119,   ,   0,    ,    0,    0,    0,    0, 
EP, 07, 2010080512, 03, GPCC,  72, 180N, 1083W,  68,  173,   ,   0,    ,    0,    0,    0,    0, 
EP, 07, 2010080512, 03, GPCC,  96, 193N, 1088W,  68,  227,   ,   0,    ,    0,    0,    0,    0, 
EP, 07, 2010080512, 03, GPCC, 120, 200N, 1101W,  68,  335,   ,   0,    ,    0,    0,    0,    0, 
EP, 07, 2010080512, 03, TVCN,  12, 153N, 1015W,  68,   42,   ,   0,    ,    0,    0,    0,    0, 
EP, 07, 2010080512, 03, TVCN,  24, 159N, 1032W,  68,   69,   ,   0,    ,    0,    0,    0,    0, 
EP, 07, 2010080512, 03, TVCN,  36, 168N, 1051W,  68,   93,   ,   0,    ,    0,    0,    0,    0, 
EP, 07, 2010080512, 03, TVCN,  48, 172N, 1066W,  68,  123,   ,   0,    ,    0,    0,    0,    0, 
EP, 07, 2010080512, 03, TVCN,  72, 180N, 1083W,  68,  158,   ,   0,    ,    0,    0,    0,    0, 
EP, 07, 2010080512, 03, TVCN,  96, 193N, 1088W,  68,  223,   ,   0,    ,    0,    0,    0,    0, 
EP, 07, 2010080512, 03, TVCN, 120, 200N, 1101W,  68,  277,   ,   0,    ,    0,    0,    0,    0, 
EP, 07, 2010080518, 03, GPCC,  12, 156N, 1025W,  68,   32,   ,   0,    ,    0,    0,    0,    0, 
EP, 07, 2010080518, 03, GPCC,  24, 160N, 1043W,  68,   64,   ,   0,    ,    0,    0,    0,    0, 
EP, 07, 2010080518, 03, GPCC,  36, 166N, 1057W,  68,   92,   ,   0,    ,    0,    0,    0,    0, 
EP, 07, 2010080518, 03, GPCC,  48, 172N, 1067W,  68,  119,   ,   0,    ,    0,    0,    0,    0, 
EP, 07, 2010080518, 03, GPCC,  72, 183N, 1083W,  68,  173,   ,   0,    ,    0,    0,    0,    0, 
EP, 07, 2010080518, 03, GPCC,  96, 189N, 1092W,  68,  227,   ,   0,    ,    0,    0,    0,    0, 
EP, 07, 2010080518, 03, GPCC, 120, 203N, 1098W,  68,  335,   ,   0,    ,    0,    0,    0,    0, 
EP, 07, 2010080518, 03, TVCN,  12, 156N, 1025W,  68,   47,   ,   0,    ,    0,    0,    0,    0, 
EP, 07, 2010080518, 03, TVCN,  24, 160N, 1043W,  68,   77,   ,   0,    ,    0,    0,    0,    0, 
EP, 07, 2010080518, 03, TVCN,  36, 166N, 1057W,  68,  105,   ,   0,    ,    0,    0,    0,    0, 
EP, 07, 2010080518, 03, TVCN,  48, 172N, 1067W,  68,  137,   ,   0,    ,    0,    0,    0,    0, 
EP, 07, 2010080518, 03, TVCN,  72, 183N, 1083W,  68,  175,   ,   0,    ,    0,    0,    0,    0, 
EP, 07, 2010080518, 03, TVCN,  96, 189N, 1092W,  68,  223,   ,   0,    ,    0,    0,    0,    0, 
EP, 07, 2010080518, 03, TVCN, 120, 203N, 1098W,  68,  283,   ,   0,    ,    0,    0,    0,    0, 
EP, 07, 2010080600, 03, GPCC,  12, 162N, 1035W,  68,   32,   ,   0,    ,    0,    0,    0,    0, 
EP, 07, 2010080600, 03, GPCC,  24, 166N, 1050W,  68,   64,   ,   0,    ,    0,    0,    0,    0, 
EP, 07, 2010080600, 03, GPCC,  36, 171N, 1063W,  68,   92,   ,   0,    ,    0,    0,    0,    0, 
EP, 07, 2010080600, 03, GPCC,  48, 176N, 1072W,  68,  119,   ,   0,    ,    0,    0,    0,    0, 
EP, 07, 2010080600, 03, GPCC,  72, 190N, 1087W,  68,  173,   ,   0,    ,    0,    0,    0,    0, 
EP, 07, 2010080600, 03, GPCC,  96, 203N, 1104W,  68,  227,   ,   0,    ,    0,    0,    0,    0, 
EP, 07, 2010080600, 03, GPCC, 120, 217N, 1116W,  68,  335,   ,   0,    ,    0,    0,    0,    0, 
EP, 07, 2010080600, 03, TVCN,  12, 162N, 1035W,  68,   48,   ,   0,    ,    0,    0,    0,    0, 
EP, 07, 2010080600, 03, TVCN,  24, 166N, 1050W,  68,   80,   ,   0,    ,    0,    0,    0,    0, 
EP, 07, 2010080600, 03, TVCN,  36, 171N, 1063W,  68,  114,   ,   0,    ,    0,    0,    0,    0, 
EP, 07, 2010080600, 03, TVCN,  48, 176N, 1072W,  68,  155,   ,   0,    ,    0,    0,    0,    0, 
EP, 07, 2010080600, 03, TVCN,  72, 190N, 1087W,  68,  182,   ,   0,    ,    0,    0,    0,    0, 
EP, 07, 2010080600, 03, TVCN,  96, 203N, 1104W,  68,  211,   ,   0,    ,    0,    0,    0,    0, 
EP, 07, 2010080600, 03, TVCN, 120, 217N, 1116W,  68,  260,   ,   0,    ,    0,    0,    0,    0, 
EP, 07, 2010080606, 03, GPCC,  12, 167N, 1045W,  68,   32,   ,   0,    ,    0,    0,    0,    0, 
EP, 07, 2010080606, 03, GPCC,  24, 172N, 1063W,  68,   64,   ,   0,    ,    0,    0,    0,    0, 
EP, 07, 2010080606, 03, GPCC,  36, 178N, 1078W,  68,   92,   ,   0,    ,    0,    0,    0,    0, 
EP, 07, 2010080606, 03, GPCC,  48, 183N, 1092W,  68,  119,   ,   0,    ,    0,    0,    0,    0, 
EP, 07, 2010080606, 03, GPCC,  72, 188N, 1111W,  68,  173,   ,   0,    ,    0,    0,    0,    0, 
EP, 07, 2010080606, 03, GPCC,  96, 190N, 1121W,  68,  227,   ,   0,    ,    0,    0,    0,    0, 
EP, 07, 2010080606, 03, GPCC, 120, 203N, 1140W,  68,  335,   ,   0,    ,    0,    0,    0,    0, 
EP, 07, 2010080606, 03, TVCN,  12, 167N, 1045W,  68,   40,   ,   0,    ,    0,    0,    0,    0, 
EP, 07, 2010080606, 03, TVCN,  24, 172N, 1063W,  68,   69,   ,   0,    ,    0,    0,    0,    0, 
EP, 07, 2010080606, 03, TVCN,  36, 178N, 1078W,  68,   94,   ,   0,    ,    0,    0,    0,    0, 
EP, 07, 2010080606, 03, TVCN,  48, 183N, 1092W,  68,  122,   ,   0,    ,    0,    0,    0,    0, 
EP, 07, 2010080606, 03, TVCN,  72, 188N, 1111W,  68,  166,   ,   0,    ,    0,    0,    0,    0, 
EP, 07, 2010080606, 03, TVCN,  96, 190N, 1121W,  68,  220,   ,   0,    ,    0,    0,    0,    0, 
EP, 07, 2010080606, 03, TVCN, 120, 203N, 1140W,  68,  290,   ,   0,    ,    0,    0,    0,    0, 
EP, 07, 2010080612, 03, GPCC,  12, 171N, 1054W,  68,   32,   ,   0,    ,    0,    0,    0,    0, 
EP, 07, 2010080612, 03, GPCC,  24, 177N, 1071W,  68,   64,   ,   0,    ,    0,    0,    0,    0, 
EP, 07, 2010080612, 03, GPCC,  36, 183N, 1086W,  68,   92,   ,   0,    ,    0,    0,    0,    0, 
EP, 07, 2010080612, 03, GPCC,  48, 187N, 1099W,  68,  119,   ,   0,    ,    0,    0,    0,    0, 
EP, 07, 2010080612, 03, GPCC,  72, 189N, 1117W,  68,  173,   ,   0,    ,    0,    0,    0,    0, 
EP, 07, 2010080612, 03, GPCC,  96, 189N, 1128W,  68,  227,   ,   0,    ,    0,    0,    0,    0, 
EP, 07, 2010080612, 03, GPCC, 120, 189N, 1133W,  68,  335,   ,   0,    ,    0,    0,    0,    0, 
EP, 07, 2010080612, 03, TCON,  12, 171N, 1054W,  68,   37,   ,   0,    ,    0,    0,    0,    0, 
EP, 07, 2010080612, 03, TCON,  24, 177N, 1071W,  68,   62,   ,   0,    ,    0,    0,    0,    0, 
EP, 07, 2010080612, 03, TCON,  36, 183N, 1085W,  68,   89,   ,   0,    ,    0,    0,    0,    0, 
EP, 07, 2010080612, 03, TCON,  48, 187N, 1097W,  68,  115,   ,   0,    ,    0,    0,    0,    0, 
EP, 07, 2010080612, 03, TCON,  72, 189N, 1114W,  68,  160,   ,   0,    ,    0,    0,    0,    0, 
EP, 07, 2010080612, 03, TCON,  96, 190N, 1124W,  68,  205,   ,   0,    ,    0,    0,    0,    0, 
EP, 07, 2010080612, 03, TVCN,  12, 171N, 1054W,  68,   34,   ,   0,    ,    0,    0,    0,    0, 
EP, 07, 2010080612, 03, TVCN,  24, 177N, 1071W,  68,   55,   ,   0,    ,    0,    0,    0,    0, 
EP, 07, 2010080612, 03, TVCN,  36, 183N, 1086W,  68,   79,   ,   0,    ,    0,    0,    0,    0, 
EP, 07, 2010080612, 03, TVCN,  48, 187N, 1099W,  68,  101,   ,   0,    ,    0,    0,    0,    0, 
EP, 07, 2010080612, 03, TVCN,  72, 189N, 1117W,  68,  121,   ,   0,    ,    0,    0,    0,    0, 
EP, 07, 2010080612, 03, TVCN,  96, 189N, 1128W,  68,  159,   ,   0,    ,    0,    0,    0,    0, 
EP, 07, 2010080612, 03, TVCN, 120, 189N, 1133W,  68,  229,   ,   0,    ,    0,    0,    0,    0, 
EP, 07, 2010080618, 03, GPCC,  12, 174N, 1061W,  68,   32,   ,   0,    ,    0,    0,    0,    0, 
EP, 07, 2010080618, 03, GPCC,  24, 180N, 1075W,  68,   64,   ,   0,    ,    0,    0,    0,    0, 
EP, 07, 2010080618, 03, GPCC,  36, 186N, 1087W,  68,   92,   ,   0,    ,    0,    0,    0,    0, 
EP, 07, 2010080618, 03, GPCC,  48, 191N, 1098W,  68,  119,   ,   0,    ,    0,    0,    0,    0, 
EP, 07, 2010080618, 03, GPCC,  72, 195N, 1113W,  68,  173,   ,   0,    ,    0,    0,    0,    0, 
EP, 07, 2010080618, 03, GPCC,  96, 194N, 1120W,  68,  227,   ,   0,    ,    0,    0,    0,    0, 
EP, 07, 2010080618, 03, GPCC, 120, 192N, 1112W,  68,  335,   ,   0,    ,    0,    0,    0,    0, 
EP, 07, 2010080618, 03, TCON,  12, 173N, 1061W,  68,   37,   ,   0,    ,    0,    0,    0,    0, 
EP, 07, 2010080618, 03, TCON,  24, 178N, 1074W,  68,   61,   ,   0,    ,    0,    0,    0,    0, 
EP, 07, 2010080618, 03, TCON,  36, 184N, 1086W,  68,   89,   ,   0,    ,    0,    0,    0,    0, 
EP, 07, 2010080618, 03, TCON,  48, 188N, 1097W,  68,  115,   ,   0,    ,    0,    0,    0,    0, 
EP, 07, 2010080618, 03, TCON,  72, 191N, 1113W,  68,  157,   ,   0,    ,    0,    0,    0,    0, 
EP, 07, 2010080618, 03, TCON,  96, 189N, 1121W,  68,  203,   ,   0,    ,    0,    0,    0,    0, 
EP, 07, 2010080618, 03, TCON, 120, 187N, 1112W,  68,  192,   ,   0,    ,    0,    0,    0,    0, 
EP, 07, 2010080618, 03, TVCN,  12, 174N, 1061W,  68,   35,   ,   0,    ,    0,    0,    0,    0, 
EP, 07, 2010080618, 03, TVCN,  24, 180N, 1075W,  68,   56,   ,   0,    ,    0,    0,    0,    0, 
EP, 07, 2010080618, 03, TVCN,  36, 186N, 1087W,  68,   82,   ,   0,    ,    0,    0,    0,    0, 
EP, 07, 2010080618, 03, TVCN,  48, 191N, 1098W,  68,  106,   ,   0,    ,    0,    0,    0,    0, 
EP, 07, 2010080618, 03, TVCN,  72, 195N, 1113W,  68,  124,   ,   0,    ,    0,    0,    0,    0, 
EP, 07, 2010080618, 03, TVCN,  96, 194N, 1120W,  68,  164,   ,   0,    ,    0,    0,    0,    0, 
EP, 07, 2010080618, 03, TVCN, 120, 192N, 1112W,  68,  214,   ,   0,    ,    0,    0,    0,    0, 
EP, 07, 2010080700, 03, GPCC,  12, 178N, 1073W,  68,   32,   ,   0,    ,    0,    0,    0,    0, 
EP, 07, 2010080700, 03, GPCC,  24, 185N, 1088W,  68,   64,   ,   0,    ,    0,    0,    0,    0, 
EP, 07, 2010080700, 03, GPCC,  36, 191N, 1100W,  68,   92,   ,   0,    ,    0,    0,    0,    0, 
EP, 07, 2010080700, 03, GPCC,  48, 194N, 1110W,  68,  119,   ,   0,    ,    0,    0,    0,    0, 
EP, 07, 2010080700, 03, GPCC,  72, 195N, 1124W,  68,  173,   ,   0,    ,    0,    0,    0,    0, 
EP, 07, 2010080700, 03, GPCC,  96, 196N, 1125W,  68,  227,   ,   0,    ,    0,    0,    0,    0, 
EP, 07, 2010080700, 03, GPCC, 120, 183N, 1126W,  68,  335,   ,   0,    ,    0,    0,    0,    0, 
EP, 07, 2010080700, 03, TCON,  12, 177N, 1073W,  68,   36,   ,   0,    ,    0,    0,    0,    0, 
EP, 07, 2010080700, 03, TCON,  24, 184N, 1087W,  68,   61,   ,   0,    ,    0,    0,    0,    0, 
EP, 07, 2010080700, 03, TCON,  36, 189N, 1099W,  68,   88,   ,   0,    ,    0,    0,    0,    0, 
EP, 07, 2010080700, 03, TCON,  48, 192N, 1109W,  68,  117,   ,   0,    ,    0,    0,    0,    0, 
EP, 07, 2010080700, 03, TCON,  72, 193N, 1124W,  68,  161,   ,   0,    ,    0,    0,    0,    0, 
EP, 07, 2010080700, 03, TCON,  96, 195N, 1124W,  68,  196,   ,   0,    ,    0,    0,    0,    0, 
EP, 07, 2010080700, 03, TVCN,  12, 178N, 1073W,  68,   33,   ,   0,    ,    0,    0,    0,    0, 
EP, 07, 2010080700, 03, TVCN,  24, 185N, 1088W,  68,   56,   ,   0,    ,    0,    0,    0,    0, 
EP, 07, 2010080700, 03, TVCN,  36, 191N, 1100W,  68,   83,   ,   0,    ,    0,    0,    0,    0, 
EP, 07, 2010080700, 03, TVCN,  48, 194N, 1110W,  68,  108,   ,   0,    ,    0,    0,    0,    0, 
EP, 07, 2010080700, 03, TVCN,  72, 195N, 1124W,  68,  131,   ,   0,    ,    0,    0,    0,    0, 
EP, 07, 2010080700, 03, TVCN,  96, 196N, 1125W,  68,  173,   ,   0,    ,    0,    0,    0,    0, 
EP, 07, 2010080700, 03, TVCN, 120, 183N, 1126W,  68,  241,   ,   0,    ,    0,    0,    0,    0, 
EP, 07, 2010080706, 03, GPCC,  12, 171N, 1081W,  68,   32,   ,   0,    ,    0,    0,    0,    0, 
EP, 07, 2010080706, 03, GPCC,  24, 175N, 1094W,  68,   64,   ,   0,    ,    0,    0,    0,    0, 
EP, 07, 2010080706, 03, GPCC,  36, 179N, 1106W,  68,   92,   ,   0,    ,    0,    0,    0,    0, 
EP, 07, 2010080706, 03, GPCC,  48, 182N, 1117W,  68,  119,   ,   0,    ,    0,    0,    0,    0, 
EP, 07, 2010080706, 03, GPCC,  72, 185N, 1132W,  68,  173,   ,   0,    ,    0,    0,    0,    0, 
EP, 07, 2010080706, 03, GPCC,  96, 189N, 1133W,  68,  227,   ,   0,    ,    0,    0,    0,    0, 
EP, 07, 2010080706, 03, GPCC, 120, 181N, 1133W,  68,  335,   ,   0,    ,    0,    0,    0,    0, 
EP, 07, 2010080706, 03, TCON,  12, 171N, 1080W,  68,   34,   ,   0,    ,    0,    0,    0,    0, 
EP, 07, 2010080706, 03, TCON,  24, 174N, 1094W,  68,   59,   ,   0,    ,    0,    0,    0,    0, 
EP, 07, 2010080706, 03, TCON,  36, 177N, 1105W,  68,   88,   ,   0,    ,    0,    0,    0,    0, 
EP, 07, 2010080706, 03, TCON,  48, 179N, 1116W,  68,  119,   ,   0,    ,    0,    0,    0,    0, 
EP, 07, 2010080706, 03, TCON,  72, 180N, 1131W,  68,  163,   ,   0,    ,    0,    0,    0,    0, 
EP, 07, 2010080706, 03, TCON,  96, 184N, 1132W,  68,  199,   ,   0,    ,    0,    0,    0,    0, 
EP, 07, 2010080706, 03, TVCN,  12, 171N, 1081W,  68,   33,   ,   0,    ,    0,    0,    0,    0, 
EP, 07, 2010080706, 03, TVCN,  24, 175N, 1094W,  68,   58,   ,   0,    ,    0,    0,    0,    0, 
EP, 07, 2010080706, 03, TVCN,  36, 179N, 1106W,  68,   88,   ,   0,    ,    0,    0,    0,    0, 
EP, 07, 2010080706, 03, TVCN,  48, 182N, 1117W,  68,  121,   ,   0,    ,    0,    0,    0,    0, 
EP, 07, 2010080706, 03, TVCN,  72, 185N, 1132W,  68,  151,   ,   0,    ,    0,    0,    0,    0, 
EP, 07, 2010080706, 03, TVCN,  96, 189N, 1133W,  68,  184,   ,   0,    ,    0,    0,    0,    0, 
EP, 07, 2010080706, 03, TVCN, 120, 181N, 1133W,  68,  263,   ,   0,    ,    0,    0,    0,    0, 
EP, 07, 2010080712, 03, GPCC,  12, 174N, 1086W,  68,   32,   ,   0,    ,    0,    0,    0,    0, 
EP, 07, 2010080712, 03, GPCC,  24, 177N, 1099W,  68,   64,   ,   0,    ,    0,    0,    0,    0, 
EP, 07, 2010080712, 03, GPCC,  36, 179N, 1110W,  68,   92,   ,   0,    ,    0,    0,    0,    0, 
EP, 07, 2010080712, 03, GPCC,  48, 181N, 1121W,  68,  119,   ,   0,    ,    0,    0,    0,    0, 
EP, 07, 2010080712, 03, GPCC,  72, 185N, 1141W,  68,  173,   ,   0,    ,    0,    0,    0,    0, 
EP, 07, 2010080712, 03, GPCC,  96, 195N, 1153W,  68,  227,   ,   0,    ,    0,    0,    0,    0, 
EP, 07, 2010080712, 03, GPCC, 120, 188N, 1147W,  68,  335,   ,   0,    ,    0,    0,    0,    0, 
EP, 07, 2010080712, 03, TCON,  12, 174N, 1087W,  68,   34,   ,   0,    ,    0,    0,    0,    0, 
EP, 07, 2010080712, 03, TCON,  24, 177N, 1099W,  68,   59,   ,   0,    ,    0,    0,    0,    0, 
EP, 07, 2010080712, 03, TCON,  36, 179N, 1110W,  68,   87,   ,   0,    ,    0,    0,    0,    0, 
EP, 07, 2010080712, 03, TCON,  48, 181N, 1121W,  68,  118,   ,   0,    ,    0,    0,    0,    0, 
EP, 07, 2010080712, 03, TCON,  72, 186N, 1142W,  68,  168,   ,   0,    ,    0,    0,    0,    0, 
EP, 07, 2010080712, 03, TVCN,  12, 174N, 1086W,  68,   31,   ,   0,    ,    0,    0,    0,    0, 
EP, 07, 2010080712, 03, TVCN,  24, 177N, 1099W,  68,   53,   ,   0,    ,    0,    0,    0,    0, 
EP, 07, 2010080712, 03, TVCN,  36, 179N, 1110W,  68,   80,   ,   0,    ,    0,    0,    0,    0, 
EP, 07, 2010080712, 03, TVCN,  48, 181N, 1121W,  68,  105,   ,   0,    ,    0,    0,    0,    0, 
EP, 07, 2010080712, 03, TVCN,  72, 185N, 1141W,  68,  132,   ,   0,    ,    0,    0,    0,    0, 
EP, 07, 2010080712, 03, TVCN,  96, 195N, 1153W,  68,  192,   ,   0,    ,    0,    0,    0,    0, 
EP, 07, 2010080712, 03, TVCN, 120, 188N, 1147W,  68,  244,   ,   0,    ,    0,    0,    0,    0, 
EP, 07, 2010080718, 03, GPCC,  12, 174N, 1097W,  68,   32,   ,   0,    ,    0,    0,    0,    0, 
EP, 07, 2010080718, 03, GPCC,  24, 175N, 1109W,  68,   64,   ,   0,    ,    0,    0,    0,    0, 
EP, 07, 2010080718, 03, GPCC,  36, 175N, 1120W,  68,   92,   ,   0,    ,    0,    0,    0,    0, 
EP, 07, 2010080718, 03, GPCC,  48, 175N, 1131W,  68,  119,   ,   0,    ,    0,    0,    0,    0, 
EP, 07, 2010080718, 03, GPCC,  72, 176N, 1149W,  68,  173,   ,   0,    ,    0,    0,    0,    0, 
EP, 07, 2010080718, 03, GPCC,  96, 176N, 1150W,  68,  227,   ,   0,    ,    0,    0,    0,    0, 
EP, 07, 2010080718, 03, GPCC, 120, 168N, 1143W,  68,  335,   ,   0,    ,    0,    0,    0,    0, 
EP, 07, 2010080718, 03, TCON,  12, 173N, 1098W,  68,   34,   ,   0,    ,    0,    0,    0,    0, 
EP, 07, 2010080718, 03, TCON,  24, 174N, 1110W,  68,   56,   ,   0,    ,    0,    0,    0,    0, 
EP, 07, 2010080718, 03, TCON,  36, 174N, 1120W,  68,   81,   ,   0,    ,    0,    0,    0,    0, 
EP, 07, 2010080718, 03, TCON,  48, 175N, 1131W,  68,  108,   ,   0,    ,    0,    0,    0,    0, 
EP, 07, 2010080718, 03, TCON,  72, 177N, 1148W,  68,  157,   ,   0,    ,    0,    0,    0,    0, 
EP, 07, 2010080718, 03, TCON,  96, 181N, 1150W,  68,  199,   ,   0,    ,    0,    0,    0,    0, 
EP, 07, 2010080718, 03, TCON, 120, 175N, 1147W,  68,  205,   ,   0,    ,    0,    0,    0,    0, 
EP, 07, 2010080718, 03, TVCN,  12, 174N, 1097W,  68,   31,   ,   0,    ,    0,    0,    0,    0, 
EP, 07, 2010080718, 03, TVCN,  24, 175N, 1109W,  68,   50,   ,   0,    ,    0,    0,    0,    0, 
EP, 07, 2010080718, 03, TVCN,  36, 175N, 1120W,  68,   69,   ,   0,    ,    0,    0,    0,    0, 
EP, 07, 2010080718, 03, TVCN,  48, 175N, 1131W,  68,   86,   ,   0,    ,    0,    0,    0,    0, 
EP, 07, 2010080718, 03, TVCN,  72, 176N, 1149W,  68,  121,   ,   0,    ,    0,    0,    0,    0, 
EP, 07, 2010080718, 03, TVCN,  96, 176N, 1150W,  68,  167,   ,   0,    ,    0,    0,    0,    0, 
EP, 07, 2010080718, 03, TVCN, 120, 168N, 1143W,  68,  221,   ,   0,    ,    0,    0,    0,    0, 
EP, 07, 2010080800, 03, GPCC,  12, 175N, 1102W,  68,   32,   ,   0,    ,    0,    0,    0,    0, 
EP, 07, 2010080800, 03, GPCC,  24, 174N, 1111W,  68,   64,   ,   0,    ,    0,    0,    0,    0, 
EP, 07, 2010080800, 03, GPCC,  36, 174N, 1120W,  68,   92,   ,   0,    ,    0,    0,    0,    0, 
EP, 07, 2010080800, 03, GPCC,  48, 174N, 1129W,  68,  119,   ,   0,    ,    0,    0,    0,    0, 
EP, 07, 2010080800, 03, GPCC,  72, 175N, 1140W,  68,  173,   ,   0,    ,    0,    0,    0,    0, 
EP, 07, 2010080800, 03, GPCC,  96, 172N, 1144W,  68,  227,   ,   0,    ,    0,    0,    0,    0, 
EP, 07, 2010080800, 03, GPCC, 120, 160N, 1135W,  68,  335,   ,   0,    ,    0,    0,    0,    0, 
EP, 07, 2010080800, 03, TCON,  12, 174N, 1102W,  68,   32,   ,   0,    ,    0,    0,    0,    0, 
EP, 07, 2010080800, 03, TCON,  24, 174N, 1110W,  68,   54,   ,   0,    ,    0,    0,    0,    0, 
EP, 07, 2010080800, 03, TCON,  36, 173N, 1119W,  68,   77,   ,   0,    ,    0,    0,    0,    0, 
EP, 07, 2010080800, 03, TCON,  48, 174N, 1128W,  68,  102,   ,   0,    ,    0,    0,    0,    0, 
EP, 07, 2010080800, 03, TCON,  72, 176N, 1138W,  68,  150,   ,   0,    ,    0,    0,    0,    0, 
EP, 07, 2010080800, 03, TVCN,  12, 175N, 1102W,  68,   29,   ,   0,    ,    0,    0,    0,    0, 
EP, 07, 2010080800, 03, TVCN,  24, 174N, 1111W,  68,   47,   ,   0,    ,    0,    0,    0,    0, 
EP, 07, 2010080800, 03, TVCN,  36, 174N, 1120W,  68,   66,   ,   0,    ,    0,    0,    0,    0, 
EP, 07, 2010080800, 03, TVCN,  48, 174N, 1129W,  68,   85,   ,   0,    ,    0,    0,    0,    0, 
EP, 07, 2010080800, 03, TVCN,  72, 175N, 1140W,  68,  120,   ,   0,    ,    0,    0,    0,    0, 
EP, 07, 2010080800, 03, TVCN,  96, 172N, 1144W,  68,  169,   ,   0,    ,    0,    0,    0,    0, 
EP, 07, 2010080800, 03, TVCN, 120, 160N, 1135W,  68,  224,   ,   0,    ,    0,    0,    0,    0, 
EP, 07, 2010080806, 03, GPCC,  12, 180N, 1112W,  68,   32,   ,   0,    ,    0,    0,    0,    0, 
EP, 07, 2010080806, 03, GPCC,  24, 181N, 1124W,  68,   64,   ,   0,    ,    0,    0,    0,    0, 
EP, 07, 2010080806, 03, GPCC,  36, 182N, 1135W,  68,   92,   ,   0,    ,    0,    0,    0,    0, 
EP, 07, 2010080806, 03, GPCC,  48, 184N, 1145W,  68,  119,   ,   0,    ,    0,    0,    0,    0, 
EP, 07, 2010080806, 03, GPCC,  72, 185N, 1156W,  68,  173,   ,   0,    ,    0,    0,    0,    0, 
EP, 07, 2010080806, 03, GPCC,  96, 184N, 1168W,  68,  227,   ,   0,    ,    0,    0,    0,    0, 
EP, 07, 2010080806, 03, GPCC, 120, 171N, 1165W,  68,  335,   ,   0,    ,    0,    0,    0,    0, 
EP, 07, 2010080806, 03, TCON,  12, 179N, 1112W,  68,   32,   ,   0,    ,    0,    0,    0,    0, 
EP, 07, 2010080806, 03, TCON,  24, 180N, 1123W,  68,   55,   ,   0,    ,    0,    0,    0,    0, 
EP, 07, 2010080806, 03, TCON,  36, 181N, 1134W,  68,   78,   ,   0,    ,    0,    0,    0,    0, 
EP, 07, 2010080806, 03, TCON,  48, 182N, 1143W,  68,  101,   ,   0,    ,    0,    0,    0,    0, 
EP, 07, 2010080806, 03, TCON,  72, 182N, 1151W,  68,  148,   ,   0,    ,    0,    0,    0,    0, 
EP, 07, 2010080806, 03, TVCN,  12, 180N, 1112W,  68,   31,   ,   0,    ,    0,    0,    0,    0, 
EP, 07, 2010080806, 03, TVCN,  24, 181N, 1124W,  68,   53,   ,   0,    ,    0,    0,    0,    0, 
EP, 07, 2010080806, 03, TVCN,  36, 182N, 1135W,  68,   74,   ,   0,    ,    0,    0,    0,    0, 
EP, 07, 2010080806, 03, TVCN,  48, 184N, 1145W,  68,   93,   ,   0,    ,    0,    0,    0,    0, 
EP, 07, 2010080806, 03, TVCN,  72, 185N, 1156W,  68,  137,   ,   0,    ,    0,    0,    0,    0, 
EP, 07, 2010080806, 03, TVCN,  96, 184N, 1168W,  68,  190,   ,   0,    ,    0,    0,    0,    0, 
EP, 07, 2010080806, 03, TVCN, 120, 171N, 1165W,  68,  251,   ,   0,    ,    0,    0,    0,    0, 
EP, 07, 2010080812, 03, GPCC,  12, 183N, 1121W,  68,   32,   ,   0,    ,    0,    0,    0,    0, 
EP, 07, 2010080812, 03, GPCC,  24, 184N, 1133W,  68,   64,   ,   0,    ,    0,    0,    0,    0, 
EP, 07, 2010080812, 03, GPCC,  36, 184N, 1144W,  68,   92,   ,   0,    ,    0,    0,    0,    0, 
EP, 07, 2010080812, 03, GPCC,  48, 185N, 1153W,  68,  119,   ,   0,    ,    0,    0,    0,    0, 
EP, 07, 2010080812, 03, GPCC,  72, 194N, 1166W,  68,  173,   ,   0,    ,    0,    0,    0,    0, 
EP, 07, 2010080812, 03, GPCC,  96, 192N, 1161W,  68,  227,   ,   0,    ,    0,    0,    0,    0, 
EP, 07, 2010080812, 03, GPCC, 120, 167N, 1134W,  68,  335,   ,   0,    ,    0,    0,    0,    0, 
EP, 07, 2010080812, 03, TCON,  12, 183N, 1120W,  68,   36,   ,   0,    ,    0,    0,    0,    0, 
EP, 07, 2010080812, 03, TCON,  24, 185N, 1133W,  68,   59,   ,   0,    ,    0,    0,    0,    0, 
EP, 07, 2010080812, 03, TCON,  36, 186N, 1144W,  68,   86,   ,   0,    ,    0,    0,    0,    0, 
EP, 07, 2010080812, 03, TCON,  48, 188N, 1153W,  68,  115,   ,   0,    ,    0,    0,    0,    0, 
EP, 07, 2010080812, 03, TVCN,  12, 183N, 1121W,  68,   33,   ,   0,    ,    0,    0,    0,    0, 
EP, 07, 2010080812, 03, TVCN,  24, 184N, 1133W,  68,   59,   ,   0,    ,    0,    0,    0,    0, 
EP, 07, 2010080812, 03, TVCN,  36, 184N, 1144W,  68,   86,   ,   0,    ,    0,    0,    0,    0, 
EP, 07, 2010080812, 03, TVCN,  48, 185N, 1153W,  68,  114,   ,   0,    ,    0,    0,    0,    0, 
EP, 07, 2010080812, 03, TVCN,  72, 194N, 1166W,  68,  163,   ,   0,    ,    0,    0,    0,    0, 
EP, 07, 2010080812, 03, TVCN,  96, 192N, 1161W,  68,  213,   ,   0,    ,    0,    0,    0,    0, 
EP, 07, 2010080812, 03, TVCN, 120, 167N, 1134W,  68,  247,   ,   0,    ,    0,    0,    0,    0, 
EP, 07, 2010080818, 03, GPCC,  12, 181N, 1123W,  68,   32,   ,   0,    ,    0,    0,    0,    0, 
EP, 07, 2010080818, 03, GPCC,  24, 181N, 1135W,  68,   64,   ,   0,    ,    0,    0,    0,    0, 
EP, 07, 2010080818, 03, GPCC,  36, 180N, 1145W,  68,   92,   ,   0,    ,    0,    0,    0,    0, 
EP, 07, 2010080818, 03, GPCC,  48, 179N, 1152W,  68,  119,   ,   0,    ,    0,    0,    0,    0, 
EP, 07, 2010080818, 03, GPCC,  72, 178N, 1159W,  68,  173,   ,   0,    ,    0,    0,    0,    0, 
EP, 07, 2010080818, 03, GPCC,  96, 168N, 1161W,  68,  227,   ,   0,    ,    0,    0,    0,    0, 
EP, 07, 2010080818, 03, GPCC, 120, 158N, 1153W,  68,  335,   ,   0,    ,    0,    0,    0,    0, 
EP, 07, 2010080818, 03, TCON,  12, 181N, 1124W,  68,   35,   ,   0,    ,    0,    0,    0,    0, 
EP, 07, 2010080818, 03, TCON,  24, 182N, 1138W,  68,   59,   ,   0,    ,    0,    0,    0,    0, 
EP, 07, 2010080818, 03, TCON,  36, 182N, 1149W,  68,   87,   ,   0,    ,    0,    0,    0,    0, 
EP, 07, 2010080818, 03, TCON,  48, 182N, 1156W,  68,  115,   ,   0,    ,    0,    0,    0,    0, 
EP, 07, 2010080818, 03, TVCN,  12, 181N, 1123W,  68,   33,   ,   0,    ,    0,    0,    0,    0, 
EP, 07, 2010080818, 03, TVCN,  24, 181N, 1135W,  68,   56,   ,   0,    ,    0,    0,    0,    0, 
EP, 07, 2010080818, 03, TVCN,  36, 180N, 1145W,  68,   84,   ,   0,    ,    0,    0,    0,    0, 
EP, 07, 2010080818, 03, TVCN,  48, 179N, 1152W,  68,  111,   ,   0,    ,    0,    0,    0,    0, 
EP, 07, 2010080818, 03, TVCN,  72, 178N, 1159W,  68,  147,   ,   0,    ,    0,    0,    0,    0, 
EP, 07, 2010080818, 03, TVCN,  96, 168N, 1161W,  68,  183,   ,   0,    ,    0,    0,    0,    0, 
EP, 07, 2010080818, 03, TVCN, 120, 158N, 1153W,  68,  239,   ,   0,    ,    0,    0,    0,    0, 
EP, 07, 2010080900, 03, GPCC,  12, 179N, 1125W,  68,   32,   ,   0,    ,    0,    0,    0,    0, 
EP, 07, 2010080900, 03, GPCC,  24, 178N, 1135W,  68,   64,   ,   0,    ,    0,    0,    0,    0, 
EP, 07, 2010080900, 03, GPCC,  36, 176N, 1142W,  68,   92,   ,   0,    ,    0,    0,    0,    0, 
EP, 07, 2010080900, 03, GPCC,  48, 174N, 1145W,  68,  119,   ,   0,    ,    0,    0,    0,    0, 
EP, 07, 2010080900, 03, GPCC,  72, 168N, 1138W,  68,  173,   ,   0,    ,    0,    0,    0,    0, 
EP, 07, 2010080900, 03, GPCC,  96, 159N, 1128W,  68,  227,   ,   0,    ,    0,    0,    0,    0, 
EP, 07, 2010080900, 03, GPCC, 120, 157N, 1123W,  68,  335,   ,   0,    ,    0,    0,    0,    0, 
EP, 07, 2010080900, 03, TCON,  12, 179N, 1127W,  68,   35,   ,   0,    ,    0,    0,    0,    0, 
EP, 07, 2010080900, 03, TCON,  24, 179N, 1138W,  68,   60,   ,   0,    ,    0,    0,    0,    0, 
EP, 07, 2010080900, 03, TCON,  36, 177N, 1147W,  68,   86,   ,   0,    ,    0,    0,    0,    0, 
EP, 07, 2010080900, 03, TCON,  48, 176N, 1151W,  68,  110,   ,   0,    ,    0,    0,    0,    0, 
EP, 07, 2010080900, 03, TCON,  72, 170N, 1141W,  68,  155,   ,   0,    ,    0,    0,    0,    0, 
EP, 07, 2010080900, 03, TCON,  96, 161N, 1128W,  68,  191,   ,   0,    ,    0,    0,    0,    0, 
EP, 07, 2010080900, 03, TVCN,  12, 179N, 1125W,  68,   33,   ,   0,    ,    0,    0,    0,    0, 
EP, 07, 2010080900, 03, TVCN,  24, 178N, 1135W,  68,   56,   ,   0,    ,    0,    0,    0,    0, 
EP, 07, 2010080900, 03, TVCN,  36, 176N, 1142W,  68,   80,   ,   0,    ,    0,    0,    0,    0, 
EP, 07, 2010080900, 03, TVCN,  48, 174N, 1145W,  68,   99,   ,   0,    ,    0,    0,    0,    0, 
EP, 07, 2010080900, 03, TVCN,  72, 168N, 1138W,  68,  116,   ,   0,    ,    0,    0,    0,    0, 
EP, 07, 2010080900, 03, TVCN,  96, 159N, 1128W,  68,  151,   ,   0,    ,    0,    0,    0,    0, 
EP, 07, 2010080900, 03, TVCN, 120, 157N, 1123W,  68,  214,   ,   0,    ,    0,    0,    0,    0, 
EP, 07, 2010080906, 03, GPCC,  12, 177N, 1128W,  68,   32,   ,   0,    ,    0,    0,    0,    0, 
EP, 07, 2010080906, 03, GPCC,  24, 177N, 1137W,  68,   64,   ,   0,    ,    0,    0,    0,    0, 
EP, 07, 2010080906, 03, GPCC,  36, 177N, 1145W,  68,   92,   ,   0,    ,    0,    0,    0,    0, 
EP, 07, 2010080906, 03, GPCC,  48, 175N, 1149W,  68,  119,   ,   0,    ,    0,    0,    0,    0, 
EP, 07, 2010080906, 03, GPCC,  72, 167N, 1144W,  68,  173,   ,   0,    ,    0,    0,    0,    0, 
EP, 07, 2010080906, 03, GPCC,  96, 160N, 1140W,  68,  227,   ,   0,    ,    0,    0,    0,    0, 
EP, 07, 2010080906, 03, GPCC, 120, 156N, 1134W,  68,  335,   ,   0,    ,    0,    0,    0,    0, 
EP, 07, 2010080906, 03, TCON,  12, 178N, 1129W,  68,   36,   ,   0,    ,    0,    0,    0,    0, 
EP, 07, 2010080906, 03, TCON,  24, 178N, 1140W,  68,   61,   ,   0,    ,    0,    0,    0,    0, 
EP, 07, 2010080906, 03, TCON,  36, 179N, 1149W,  68,   88,   ,   0,    ,    0,    0,    0,    0, 
EP, 07, 2010080906, 03, TCON,  48, 177N, 1154W,  68,  115,   ,   0,    ,    0,    0,    0,    0, 
EP, 07, 2010080906, 03, TCON,  72, 169N, 1149W,  68,  163,   ,   0,    ,    0,    0,    0,    0, 
EP, 07, 2010080906, 03, TCON,  96, 160N, 1143W,  68,  193,   ,   0,    ,    0,    0,    0,    0, 
EP, 07, 2010080906, 03, TCON, 120, 154N, 1136W,  68,  156,   ,   0,    ,    0,    0,    0,    0, 
EP, 07, 2010080906, 03, TVCN,  12, 177N, 1128W,  68,   34,   ,   0,    ,    0,    0,    0,    0, 
EP, 07, 2010080906, 03, TVCN,  24, 177N, 1137W,  68,   58,   ,   0,    ,    0,    0,    0,    0, 
EP, 07, 2010080906, 03, TVCN,  36, 177N, 1145W,  68,   83,   ,   0,    ,    0,    0,    0,    0, 
EP, 07, 2010080906, 03, TVCN,  48, 175N, 1149W,  68,  104,   ,   0,    ,    0,    0,    0,    0, 
EP, 07, 2010080906, 03, TVCN,  72, 167N, 1144W,  68,  126,   ,   0,    ,    0,    0,    0,    0, 
EP, 07, 2010080906, 03, TVCN,  96, 160N, 1140W,  68,  165,   ,   0,    ,    0,    0,    0,    0, 
EP, 07, 2010080906, 03, TVCN, 120, 156N, 1134W,  68,  224,   ,   0,    ,    0,    0,    0,    0, 
EP, 07, 2010080912, 03, GPCC,  12, 177N, 1129W,  68,   32,   ,   0,    ,    0,    0,    0,    0, 
EP, 07, 2010080912, 03, GPCC,  24, 176N, 1137W,  68,   64,   ,   0,    ,    0,    0,    0,    0, 
EP, 07, 2010080912, 03, GPCC,  36, 175N, 1143W,  68,   92,   ,   0,    ,    0,    0,    0,    0, 
EP, 07, 2010080912, 03, GPCC,  48, 171N, 1142W,  68,  119,   ,   0,    ,    0,    0,    0,    0, 
EP, 07, 2010080912, 03, GPCC,  72, 163N, 1134W,  68,  173,   ,   0,    ,    0,    0,    0,    0, 
EP, 07, 2010080912, 03, GPCC,  96, 159N, 1128W,  68,  227,   ,   0,    ,    0,    0,    0,    0, 
EP, 07, 2010080912, 03, GPCC, 120, 162N, 1116W,  68,  335,   ,   0,    ,    0,    0,    0,    0, 
EP, 07, 2010080912, 03, TCON,  12, 177N, 1130W,  68,   38,   ,   0,    ,    0,    0,    0,    0, 
EP, 07, 2010080912, 03, TCON,  24, 178N, 1139W,  68,   63,   ,   0,    ,    0,    0,    0,    0, 
EP, 07, 2010080912, 03, TCON,  36, 177N, 1145W,  68,   90,   ,   0,    ,    0,    0,    0,    0, 
EP, 07, 2010080912, 03, TCON,  48, 174N, 1144W,  68,  119,   ,   0,    ,    0,    0,    0,    0, 
EP, 07, 2010080912, 03, TCON,  72, 164N, 1134W,  68,  163,   ,   0,    ,    0,    0,    0,    0, 
EP, 07, 2010080912, 03, TCON,  96, 159N, 1125W,  68,  186,   ,   0,    ,    0,    0,    0,    0, 
EP, 07, 2010080912, 03, TCON, 120, 162N, 1110W,  68,  106,   ,   0,    ,    0,    0,    0,    0, 
EP, 07, 2010080912, 03, TVCN,  12, 177N, 1129W,  68,   35,   ,   0,    ,    0,    0,    0,    0, 
EP, 07, 2010080912, 03, TVCN,  24, 176N, 1137W,  68,   57,   ,   0,    ,    0,    0,    0,    0, 
EP, 07, 2010080912, 03, TVCN,  36, 175N, 1143W,  68,   80,   ,   0,    ,    0,    0,    0,    0, 
EP, 07, 2010080912, 03, TVCN,  48, 171N, 1142W,  68,  103,   ,   0,    ,    0,    0,    0,    0, 
EP, 07, 2010080912, 03, TVCN,  72, 163N, 1134W,  68,  125,   ,   0,    ,    0,    0,    0,    0, 
EP, 07, 2010080912, 03, TVCN,  96, 159N, 1128W,  68,  164,   ,   0,    ,    0,    0,    0,    0, 
EP, 07, 2010080912, 03, TVCN, 120, 162N, 1116W,  68,  219,   ,   0,    ,    0,    0,    0,    0, 
EP, 07, 2010080918, 03, GPCC,  12, 178N, 1130W,  68,   32,   ,   0,    ,    0,    0,    0,    0, 
EP, 07, 2010080918, 03, GPCC,  24, 176N, 1136W,  68,   64,   ,   0,    ,    0,    0,    0,    0, 
EP, 07, 2010080918, 03, GPCC,  36, 173N, 1137W,  68,   92,   ,   0,    ,    0,    0,    0,    0, 
EP, 07, 2010080918, 03, GPCC,  48, 169N, 1134W,  68,  119,   ,   0,    ,    0,    0,    0,    0, 
EP, 07, 2010080918, 03, GPCC,  72, 164N, 1134W,  68,  173,   ,   0,    ,    0,    0,    0,    0, 
EP, 07, 2010080918, 03, GPCC,  96, 162N, 1142W,  68,  227,   ,   0,    ,    0,    0,    0,    0, 
EP, 07, 2010080918, 03, GPCC, 120, 164N, 1138W,  68,  335,   ,   0,    ,    0,    0,    0,    0, 
EP, 07, 2010080918, 03, TCON,  12, 178N, 1131W,  68,   39,   ,   0,    ,    0,    0,    0,    0, 
EP, 07, 2010080918, 03, TCON,  24, 176N, 1137W,  68,   64,   ,   0,    ,    0,    0,    0,    0, 
EP, 07, 2010080918, 03, TCON,  36, 174N, 1138W,  68,   94,   ,   0,    ,    0,    0,    0,    0, 
EP, 07, 2010080918, 03, TCON,  48, 170N, 1135W,  68,  128,   ,   0,    ,    0,    0,    0,    0, 
EP, 07, 2010080918, 03, TVCN,  12, 178N, 1130W,  68,   38,   ,   0,    ,    0,    0,    0,    0, 
EP, 07, 2010080918, 03, TVCN,  24, 176N, 1136W,  68,   63,   ,   0,    ,    0,    0,    0,    0, 
EP, 07, 2010080918, 03, TVCN,  36, 173N, 1137W,  68,   93,   ,   0,    ,    0,    0,    0,    0, 
EP, 07, 2010080918, 03, TVCN,  48, 169N, 1134W,  68,  126,   ,   0,    ,    0,    0,    0,    0, 
EP, 07, 2010080918, 03, TVCN,  72, 164N, 1134W,  68,  156,   ,   0,    ,    0,    0,    0,    0, 
EP, 07, 2010080918, 03, TVCN,  96, 162N, 1142W,  68,  200,   ,   0,    ,    0,    0,    0,    0, 
EP, 07, 2010080918, 03, TVCN, 120, 164N, 1138W,  68,  240,   ,   0,    ,    0,    0,    0,    0, 
EP, 07, 2010081000, 03, GPCC,  12, 177N, 1133W,  68,   32,   ,   0,    ,    0,    0,    0,    0, 
EP, 07, 2010081000, 03, GPCC,  24, 174N, 1134W,  68,   64,   ,   0,    ,    0,    0,    0,    0, 
EP, 07, 2010081000, 03, GPCC,  36, 169N, 1133W,  68,   92,   ,   0,    ,    0,    0,    0,    0, 
EP, 07, 2010081000, 03, GPCC,  48, 164N, 1128W,  68,  119,   ,   0,    ,    0,    0,    0,    0, 
EP, 07, 2010081000, 03, GPCC,  72, 162N, 1119W,  68,  173,   ,   0,    ,    0,    0,    0,    0, 
EP, 07, 2010081000, 03, GPCC,  96, 165N, 1129W,  68,  227,   ,   0,    ,    0,    0,    0,    0, 
EP, 07, 2010081000, 03, GPCC, 120, 173N, 1132W,  68,  335,   ,   0,    ,    0,    0,    0,    0, 
EP, 07, 2010081000, 03, TCON,  12, 177N, 1135W,  68,   38,   ,   0,    ,    0,    0,    0,    0, 
EP, 07, 2010081000, 03, TCON,  24, 175N, 1138W,  68,   63,   ,   0,    ,    0,    0,    0,    0, 
EP, 07, 2010081000, 03, TCON,  36, 170N, 1136W,  68,   93,   ,   0,    ,    0,    0,    0,    0, 
EP, 07, 2010081000, 03, TCON,  48, 165N, 1130W,  68,  123,   ,   0,    ,    0,    0,    0,    0, 
EP, 07, 2010081000, 03, TCON,  72, 161N, 1117W,  68,  162,   ,   0,    ,    0,    0,    0,    0, 
EP, 07, 2010081000, 03, TVCN,  12, 177N, 1133W,  68,   36,   ,   0,    ,    0,    0,    0,    0, 
EP, 07, 2010081000, 03, TVCN,  24, 174N, 1134W,  68,   65,   ,   0,    ,    0,    0,    0,    0, 
EP, 07, 2010081000, 03, TVCN,  36, 169N, 1133W,  68,   93,   ,   0,    ,    0,    0,    0,    0, 
EP, 07, 2010081000, 03, TVCN,  48, 164N, 1128W,  68,  118,   ,   0,    ,    0,    0,    0,    0, 
EP, 07, 2010081000, 03, TVCN,  72, 162N, 1119W,  68,  135,   ,   0,    ,    0,    0,    0,    0, 
EP, 07, 2010081000, 03, TVCN,  96, 165N, 1129W,  68,  199,   ,   0,    ,    0,    0,    0,    0, 
EP, 07, 2010081000, 03, TVCN, 120, 173N, 1132W,  68,  247,   ,   0,    ,    0,    0,    0,    0, 
EP, 07, 2010081006, 03, GPCC,  12, 175N, 1136W,  68,   32,   ,   0,    ,    0,    0,    0,    0, 
EP, 07, 2010081006, 03, GPCC,  24, 172N, 1135W,  68,   64,   ,   0,    ,    0,    0,    0,    0, 
EP, 07, 2010081006, 03, GPCC,  36, 168N, 1132W,  68,   92,   ,   0,    ,    0,    0,    0,    0, 
EP, 07, 2010081006, 03, GPCC,  48, 164N, 1130W,  68,  119,   ,   0,    ,    0,    0,    0,    0, 
EP, 07, 2010081006, 03, GPCC,  72, 156N, 1127W,  68,  173,   ,   0,    ,    0,    0,    0,    0, 
EP, 07, 2010081006, 03, GPCC,  96, 159N, 1129W,  68,  227,   ,   0,    ,    0,    0,    0,    0, 
EP, 07, 2010081006, 03, GPCC, 120, 165N, 1125W,  68,  335,   ,   0,    ,    0,    0,    0,    0, 
EP, 07, 2010081006, 03, TCON,  12, 175N, 1138W,  68,   38,   ,   0,    ,    0,    0,    0,    0, 
EP, 07, 2010081006, 03, TCON,  24, 173N, 1138W,  68,   63,   ,   0,    ,    0,    0,    0,    0, 
EP, 07, 2010081006, 03, TCON,  36, 169N, 1136W,  68,   90,   ,   0,    ,    0,    0,    0,    0, 
EP, 07, 2010081006, 03, TCON,  48, 164N, 1132W,  68,  115,   ,   0,    ,    0,    0,    0,    0, 
EP, 07, 2010081006, 03, TCON,  72, 157N, 1125W,  68,  154,   ,   0,    ,    0,    0,    0,    0, 
EP, 07, 2010081006, 03, TVCN,  12, 175N, 1136W,  68,   36,   ,   0,    ,    0,    0,    0,    0, 
EP, 07, 2010081006, 03, TVCN,  24, 172N, 1135W,  68,   59,   ,   0,    ,    0,    0,    0,    0, 
EP, 07, 2010081006, 03, TVCN,  36, 168N, 1132W,  68,   82,   ,   0,    ,    0,    0,    0,    0, 
EP, 07, 2010081006, 03, TVCN,  48, 164N, 1130W,  68,   97,   ,   0,    ,    0,    0,    0,    0, 
EP, 07, 2010081006, 03, TVCN,  72, 156N, 1127W,  68,  110,   ,   0,    ,    0,    0,    0,    0, 
EP, 07, 2010081006, 03, TVCN,  96, 159N, 1129W,  68,  164,   ,   0,    ,    0,    0,    0,    0, 
EP, 07, 2010081006, 03, TVCN, 120, 165N, 1125W,  68,  225,   ,   0,    ,    0,    0,    0,    0, 
EP, 07, 2010081012, 03, GPCC,  12, 170N, 1129W,  68,   32,   ,   0,    ,    0,    0,    0,    0, 
EP, 07, 2010081012, 03, GPCC,  24, 166N, 1125W,  68,   64,   ,   0,    ,    0,    0,    0,    0, 
EP, 07, 2010081012, 03, GPCC,  36, 161N, 1120W,  68,   92,   ,   0,    ,    0,    0,    0,    0, 
EP, 07, 2010081012, 03, GPCC,  48, 156N, 1115W,  68,  119,   ,   0,    ,    0,    0,    0,    0, 
EP, 07, 2010081012, 03, GPCC,  72, 153N, 1110W,  68,  173,   ,   0,    ,    0,    0,    0,    0, 
EP, 07, 2010081012, 03, GPCC,  96, 159N, 1115W,  68,  227,   ,   0,    ,    0,    0,    0,    0, 
EP, 07, 2010081012, 03, GPCC, 120, 168N, 1112W,  68,  335,   ,   0,    ,    0,    0,    0,    0, 
EP, 07, 2010081012, 03, TCON,  12, 170N, 1130W,  68,   38,   ,   0,    ,    0,    0,    0,    0, 
EP, 07, 2010081012, 03, TCON,  24, 166N, 1126W,  68,   65,   ,   0,    ,    0,    0,    0,    0, 
EP, 07, 2010081012, 03, TCON,  36, 162N, 1119W,  68,   94,   ,   0,    ,    0,    0,    0,    0, 
EP, 07, 2010081012, 03, TCON,  48, 157N, 1112W,  68,  122,   ,   0,    ,    0,    0,    0,    0, 
EP, 07, 2010081012, 03, TCON,  72, 155N, 1103W,  68,  160,   ,   0,    ,    0,    0,    0,    0, 
EP, 07, 2010081012, 03, TVCN,  12, 170N, 1129W,  68,   36,   ,   0,    ,    0,    0,    0,    0, 
EP, 07, 2010081012, 03, TVCN,  24, 166N, 1125W,  68,   60,   ,   0,    ,    0,    0,    0,    0, 
EP, 07, 2010081012, 03, TVCN,  36, 161N, 1120W,  68,   84,   ,   0,    ,    0,    0,    0,    0, 
EP, 07, 2010081012, 03, TVCN,  48, 156N, 1115W,  68,  108,   ,   0,    ,    0,    0,    0,    0, 
EP, 07, 2010081012, 03, TVCN,  72, 153N, 1110W,  68,  119,   ,   0,    ,    0,    0,    0,    0, 
EP, 07, 2010081012, 03, TVCN,  96, 159N, 1115W,  68,  164,   ,   0,    ,    0,    0,    0,    0, 
EP, 07, 2010081012, 03, TVCN, 120, 168N, 1112W,  68,  228,   ,   0,    ,    0,    0,    0,    0, 
