EP, 06, 2005080900, 03, CONU,  12, 143N, 1135W,   0,   65,   ,   0,    ,    0,    0,    0,    0, 
EP, 06, 2005080906, 03, CONU,  12, 146N, 1143W,   0,   69,   ,   0,    ,    0,    0,    0,    0, 
EP, 06, 2005080918, 03, CONU,  12, 148N, 1174W,   0,   56,   ,   0,    ,    0,    0,    0,    0, 
EP, 06, 2005080918, 03, CONU,  24, 150N, 1192W,   0,   86,   ,   0,    ,    0,    0,    0,    0, 
EP, 06, 2005080918, 03, CONU,  36, 152N, 1207W,   0,  118,   ,   0,    ,    0,    0,    0,    0, 
EP, 06, 2005080918, 03, CONU,  48, 155N, 1220W,   0,  152,   ,   0,    ,    0,    0,    0,    0, 
EP, 06, 2005080918, 03, CONU,  72, 168N, 1244W,   0,  213,   ,   0,    ,    0,    0,    0,    0, 
EP, 06, 2005080918, 03, CONU,  96, 174N, 1269W,   0,  260,   ,   0,    ,    0,    0,    0,    0, 
EP, 06, 2005080918, 03, CONU, 120, 174N, 1287W,   0,  350,   ,   0,    ,    0,    0,    0,    0, 
EP, 06, 2005081000, 03, CONU,  12, 153N, 1173W,   0,   57,   ,   0,    ,    0,    0,    0,    0, 
EP, 06, 2005081000, 03, CONU,  24, 157N, 1186W,   0,   88,   ,   0,    ,    0,    0,    0,    0, 
EP, 06, 2005081000, 03, CONU,  36, 161N, 1200W,   0,  116,   ,   0,    ,    0,    0,    0,    0, 
EP, 06, 2005081000, 03, CONU,  48, 164N, 1211W,   0,  142,   ,   0,    ,    0,    0,    0,    0, 
EP, 06, 2005081000, 03, CONU,  72, 170N, 1236W,   0,  192,   ,   0,    ,    0,    0,    0,    0, 
EP, 06, 2005081000, 03, CONU,  96, 174N, 1258W,   0,  249,   ,   0,    ,    0,    0,    0,    0, 
EP, 06, 2005081000, 03, CONU, 120, 176N, 1276W,   0,  361,   ,   0,    ,    0,    0,    0,    0, 
EP, 06, 2005081000, 03, GUNA,  12, 153N, 1173W,   0,   52,   ,   0,    ,    0,    0,    0,    0, 
EP, 06, 2005081000, 03, GUNA,  24, 157N, 1186W,   0,   83,   ,   0,    ,    0,    0,    0,    0, 
EP, 06, 2005081000, 03, GUNA,  36, 161N, 1200W,   0,  113,   ,   0,    ,    0,    0,    0,    0, 
EP, 06, 2005081000, 03, GUNA,  48, 164N, 1211W,   0,  140,   ,   0,    ,    0,    0,    0,    0, 
EP, 06, 2005081000, 03, GUNA,  72, 170N, 1236W,   0,  190,   ,   0,    ,    0,    0,    0,    0, 
EP, 06, 2005081000, 03, GUNA,  96, 174N, 1258W,   0,  239,   ,   0,    ,    0,    0,    0,    0, 
EP, 06, 2005081000, 03, GUNA, 120, 176N, 1276W,   0,  263,   ,   0,    ,    0,    0,    0,    0, 
EP, 06, 2005081006, 03, CONU,  12, 157N, 1180W,   0,   46,   ,   0,    ,    0,    0,    0,    0, 
EP, 06, 2005081006, 03, CONU,  24, 163N, 1191W,   0,   73,   ,   0,    ,    0,    0,    0,    0, 
EP, 06, 2005081006, 03, CONU,  36, 169N, 1202W,   0,  100,   ,   0,    ,    0,    0,    0,    0, 
EP, 06, 2005081006, 03, CONU,  48, 174N, 1213W,   0,  125,   ,   0,    ,    0,    0,    0,    0, 
EP, 06, 2005081006, 03, CONU,  72, 182N, 1238W,   0,  166,   ,   0,    ,    0,    0,    0,    0, 
EP, 06, 2005081006, 03, CONU,  96, 187N, 1258W,   0,  211,   ,   0,    ,    0,    0,    0,    0, 
EP, 06, 2005081006, 03, CONU, 120, 186N, 1277W,   0,  358,   ,   0,    ,    0,    0,    0,    0, 
EP, 06, 2005081006, 03, GUNA,  12, 158N, 1182W,   0,   45,   ,   0,    ,    0,    0,    0,    0, 
EP, 06, 2005081006, 03, GUNA,  24, 164N, 1194W,   0,   75,   ,   0,    ,    0,    0,    0,    0, 
EP, 06, 2005081006, 03, GUNA,  36, 170N, 1205W,   0,  103,   ,   0,    ,    0,    0,    0,    0, 
EP, 06, 2005081006, 03, GUNA,  48, 177N, 1217W,   0,  130,   ,   0,    ,    0,    0,    0,    0, 
EP, 06, 2005081006, 03, GUNA,  72, 186N, 1242W,   0,  175,   ,   0,    ,    0,    0,    0,    0, 
EP, 06, 2005081006, 03, GUNA,  96, 190N, 1263W,   0,  212,   ,   0,    ,    0,    0,    0,    0, 
EP, 06, 2005081006, 03, GUNA, 120, 187N, 1285W,   0,  230,   ,   0,    ,    0,    0,    0,    0, 
EP, 06, 2005081012, 03, CONU,  12, 162N, 1196W,   0,   37,   ,   0,    ,    0,    0,    0,    0, 
EP, 06, 2005081012, 03, CONU,  24, 168N, 1207W,   0,   60,   ,   0,    ,    0,    0,    0,    0, 
EP, 06, 2005081012, 03, CONU,  36, 173N, 1218W,   0,   87,   ,   0,    ,    0,    0,    0,    0, 
EP, 06, 2005081012, 03, CONU,  48, 177N, 1228W,   0,  117,   ,   0,    ,    0,    0,    0,    0, 
EP, 06, 2005081012, 03, CONU,  72, 184N, 1251W,   0,  152,   ,   0,    ,    0,    0,    0,    0, 
EP, 06, 2005081012, 03, CONU,  96, 186N, 1273W,   0,  188,   ,   0,    ,    0,    0,    0,    0, 
EP, 06, 2005081012, 03, CONU, 120, 185N, 1296W,   0,  319,   ,   0,    ,    0,    0,    0,    0, 
EP, 06, 2005081012, 03, GUNA,  12, 161N, 1196W,   0,   38,   ,   0,    ,    0,    0,    0,    0, 
EP, 06, 2005081012, 03, GUNA,  24, 167N, 1208W,   0,   65,   ,   0,    ,    0,    0,    0,    0, 
EP, 06, 2005081012, 03, GUNA,  36, 174N, 1219W,   0,   91,   ,   0,    ,    0,    0,    0,    0, 
EP, 06, 2005081012, 03, GUNA,  48, 179N, 1230W,   0,  119,   ,   0,    ,    0,    0,    0,    0, 
EP, 06, 2005081012, 03, GUNA,  72, 185N, 1252W,   0,  161,   ,   0,    ,    0,    0,    0,    0, 
EP, 06, 2005081012, 03, GUNA,  96, 187N, 1277W,   0,  189,   ,   0,    ,    0,    0,    0,    0, 
EP, 06, 2005081012, 03, GUNA, 120, 184N, 1302W,   0,  219,   ,   0,    ,    0,    0,    0,    0, 
EP, 06, 2005081018, 03, CONU,  12, 163N, 1202W,   0,   36,   ,   0,    ,    0,    0,    0,    0, 
EP, 06, 2005081018, 03, CONU,  24, 170N, 1216W,   0,   62,   ,   0,    ,    0,    0,    0,    0, 
EP, 06, 2005081018, 03, CONU,  36, 175N, 1228W,   0,   90,   ,   0,    ,    0,    0,    0,    0, 
EP, 06, 2005081018, 03, CONU,  48, 179N, 1240W,   0,  117,   ,   0,    ,    0,    0,    0,    0, 
EP, 06, 2005081018, 03, CONU,  72, 181N, 1264W,   0,  162,   ,   0,    ,    0,    0,    0,    0, 
EP, 06, 2005081018, 03, CONU,  96, 179N, 1283W,   0,  214,   ,   0,    ,    0,    0,    0,    0, 
EP, 06, 2005081018, 03, CONU, 120, 181N, 1305W,   0,  370,   ,   0,    ,    0,    0,    0,    0, 
EP, 06, 2005081018, 03, GUNA,  12, 163N, 1202W,   0,   38,   ,   0,    ,    0,    0,    0,    0, 
EP, 06, 2005081018, 03, GUNA,  24, 171N, 1216W,   0,   65,   ,   0,    ,    0,    0,    0,    0, 
EP, 06, 2005081018, 03, GUNA,  36, 178N, 1229W,   0,   90,   ,   0,    ,    0,    0,    0,    0, 
EP, 06, 2005081018, 03, GUNA,  48, 182N, 1242W,   0,  115,   ,   0,    ,    0,    0,    0,    0, 
EP, 06, 2005081018, 03, GUNA,  72, 184N, 1267W,   0,  169,   ,   0,    ,    0,    0,    0,    0, 
EP, 06, 2005081018, 03, GUNA,  96, 178N, 1288W,   0,  235,   ,   0,    ,    0,    0,    0,    0, 
EP, 06, 2005081018, 03, GUNA, 120, 177N, 1313W,   0,  296,   ,   0,    ,    0,    0,    0,    0, 
EP, 06, 2005081100, 03, CONU,  12, 170N, 1210W,   0,   40,   ,   0,    ,    0,    0,    0,    0, 
EP, 06, 2005081100, 03, CONU,  24, 177N, 1223W,   0,   69,   ,   0,    ,    0,    0,    0,    0, 
EP, 06, 2005081100, 03, CONU,  36, 181N, 1234W,   0,   98,   ,   0,    ,    0,    0,    0,    0, 
EP, 06, 2005081100, 03, CONU,  48, 185N, 1245W,   0,  124,   ,   0,    ,    0,    0,    0,    0, 
EP, 06, 2005081100, 03, CONU,  72, 188N, 1268W,   0,  171,   ,   0,    ,    0,    0,    0,    0, 
EP, 06, 2005081100, 03, CONU,  96, 192N, 1290W,   0,  220,   ,   0,    ,    0,    0,    0,    0, 
EP, 06, 2005081100, 03, CONU, 120, 201N, 1317W,   0,  374,   ,   0,    ,    0,    0,    0,    0, 
EP, 06, 2005081100, 03, GUNA,  12, 170N, 1209W,   0,   41,   ,   0,    ,    0,    0,    0,    0, 
EP, 06, 2005081100, 03, GUNA,  24, 178N, 1222W,   0,   70,   ,   0,    ,    0,    0,    0,    0, 
EP, 06, 2005081100, 03, GUNA,  36, 184N, 1233W,   0,   98,   ,   0,    ,    0,    0,    0,    0, 
EP, 06, 2005081100, 03, GUNA,  48, 188N, 1245W,   0,  126,   ,   0,    ,    0,    0,    0,    0, 
EP, 06, 2005081100, 03, GUNA,  72, 192N, 1268W,   0,  183,   ,   0,    ,    0,    0,    0,    0, 
EP, 06, 2005081100, 03, GUNA,  96, 193N, 1293W,   0,  246,   ,   0,    ,    0,    0,    0,    0, 
EP, 06, 2005081100, 03, GUNA, 120, 196N, 1323W,   0,  315,   ,   0,    ,    0,    0,    0,    0, 
EP, 06, 2005081106, 03, CONU,  12, 172N, 1215W,   0,   37,   ,   0,    ,    0,    0,    0,    0, 
EP, 06, 2005081106, 03, CONU,  24, 177N, 1226W,   0,   67,   ,   0,    ,    0,    0,    0,    0, 
EP, 06, 2005081106, 03, CONU,  36, 181N, 1234W,   0,   97,   ,   0,    ,    0,    0,    0,    0, 
EP, 06, 2005081106, 03, CONU,  48, 184N, 1243W,   0,  121,   ,   0,    ,    0,    0,    0,    0, 
EP, 06, 2005081106, 03, CONU,  72, 182N, 1261W,   0,  169,   ,   0,    ,    0,    0,    0,    0, 
EP, 06, 2005081106, 03, CONU,  96, 193N, 1282W,   0,  207,   ,   0,    ,    0,    0,    0,    0, 
EP, 06, 2005081106, 03, CONU, 120, 202N, 1315W,   0,  364,   ,   0,    ,    0,    0,    0,    0, 
EP, 06, 2005081106, 03, GUNA,  12, 172N, 1214W,   0,   38,   ,   0,    ,    0,    0,    0,    0, 
EP, 06, 2005081106, 03, GUNA,  24, 179N, 1226W,   0,   67,   ,   0,    ,    0,    0,    0,    0, 
EP, 06, 2005081106, 03, GUNA,  36, 184N, 1235W,   0,   95,   ,   0,    ,    0,    0,    0,    0, 
EP, 06, 2005081106, 03, GUNA,  48, 187N, 1245W,   0,  118,   ,   0,    ,    0,    0,    0,    0, 
EP, 06, 2005081106, 03, GUNA,  72, 184N, 1263W,   0,  177,   ,   0,    ,    0,    0,    0,    0, 
EP, 06, 2005081106, 03, GUNA,  96, 196N, 1284W,   0,  215,   ,   0,    ,    0,    0,    0,    0, 
EP, 06, 2005081106, 03, GUNA, 120, 202N, 1317W,   0,  284,   ,   0,    ,    0,    0,    0,    0, 
EP, 06, 2005081112, 03, CONU,  12, 175N, 1221W,   0,   38,   ,   0,    ,    0,    0,    0,    0, 
EP, 06, 2005081112, 03, CONU,  24, 180N, 1233W,   0,   70,   ,   0,    ,    0,    0,    0,    0, 
EP, 06, 2005081112, 03, CONU,  36, 183N, 1243W,   0,  100,   ,   0,    ,    0,    0,    0,    0, 
EP, 06, 2005081112, 03, CONU,  48, 183N, 1254W,   0,  124,   ,   0,    ,    0,    0,    0,    0, 
EP, 06, 2005081112, 03, CONU,  72, 182N, 1276W,   0,  177,   ,   0,    ,    0,    0,    0,    0, 
EP, 06, 2005081112, 03, CONU,  96, 191N, 1307W,   0,  223,   ,   0,    ,    0,    0,    0,    0, 
EP, 06, 2005081112, 03, CONU, 120, 196N, 1347W,   0,  372,   ,   0,    ,    0,    0,    0,    0, 
EP, 06, 2005081112, 03, GUNA,  12, 176N, 1221W,   0,   38,   ,   0,    ,    0,    0,    0,    0, 
EP, 06, 2005081112, 03, GUNA,  24, 182N, 1233W,   0,   68,   ,   0,    ,    0,    0,    0,    0, 
EP, 06, 2005081112, 03, GUNA,  36, 186N, 1244W,   0,   96,   ,   0,    ,    0,    0,    0,    0, 
EP, 06, 2005081112, 03, GUNA,  48, 187N, 1257W,   0,  122,   ,   0,    ,    0,    0,    0,    0, 
EP, 06, 2005081112, 03, GUNA,  72, 185N, 1280W,   0,  185,   ,   0,    ,    0,    0,    0,    0, 
EP, 06, 2005081112, 03, GUNA,  96, 193N, 1313W,   0,  242,   ,   0,    ,    0,    0,    0,    0, 
EP, 06, 2005081112, 03, GUNA, 120, 193N, 1355W,   0,  313,   ,   0,    ,    0,    0,    0,    0, 
EP, 06, 2005081118, 03, CONU,  12, 177N, 1228W,   0,   39,   ,   0,    ,    0,    0,    0,    0, 
EP, 06, 2005081118, 03, CONU,  24, 181N, 1239W,   0,   69,   ,   0,    ,    0,    0,    0,    0, 
EP, 06, 2005081118, 03, CONU,  36, 184N, 1251W,   0,  101,   ,   0,    ,    0,    0,    0,    0, 
EP, 06, 2005081118, 03, CONU,  48, 186N, 1263W,   0,  125,   ,   0,    ,    0,    0,    0,    0, 
EP, 06, 2005081118, 03, CONU,  72, 185N, 1290W,   0,  175,   ,   0,    ,    0,    0,    0,    0, 
EP, 06, 2005081118, 03, CONU,  96, 188N, 1321W,   0,  239,   ,   0,    ,    0,    0,    0,    0, 
EP, 06, 2005081118, 03, CONU, 120, 193N, 1361W,   0,  380,   ,   0,    ,    0,    0,    0,    0, 
EP, 06, 2005081118, 03, GUNA,  12, 177N, 1229W,   0,   39,   ,   0,    ,    0,    0,    0,    0, 
EP, 06, 2005081118, 03, GUNA,  24, 182N, 1241W,   0,   67,   ,   0,    ,    0,    0,    0,    0, 
EP, 06, 2005081118, 03, GUNA,  36, 186N, 1254W,   0,   96,   ,   0,    ,    0,    0,    0,    0, 
EP, 06, 2005081118, 03, GUNA,  48, 189N, 1267W,   0,  120,   ,   0,    ,    0,    0,    0,    0, 
EP, 06, 2005081118, 03, GUNA,  72, 186N, 1296W,   0,  170,   ,   0,    ,    0,    0,    0,    0, 
EP, 06, 2005081118, 03, GUNA,  96, 186N, 1328W,   0,  260,   ,   0,    ,    0,    0,    0,    0, 
EP, 06, 2005081118, 03, GUNA, 120, 190N, 1369W,   0,  330,   ,   0,    ,    0,    0,    0,    0, 
EP, 06, 2005081200, 03, CONU,  12, 183N, 1235W,   0,   37,   ,   0,    ,    0,    0,    0,    0, 
EP, 06, 2005081200, 03, CONU,  24, 188N, 1247W,   0,   66,   ,   0,    ,    0,    0,    0,    0, 
EP, 06, 2005081200, 03, CONU,  36, 192N, 1259W,   0,   96,   ,   0,    ,    0,    0,    0,    0, 
EP, 06, 2005081200, 03, CONU,  48, 194N, 1272W,   0,  122,   ,   0,    ,    0,    0,    0,    0, 
EP, 06, 2005081200, 03, CONU,  72, 191N, 1301W,   0,  169,   ,   0,    ,    0,    0,    0,    0, 
EP, 06, 2005081200, 03, CONU,  96, 188N, 1342W,   0,  223,   ,   0,    ,    0,    0,    0,    0, 
EP, 06, 2005081200, 03, CONU, 120, 191N, 1389W,   0,  347,   ,   0,    ,    0,    0,    0,    0, 
EP, 06, 2005081200, 03, GUNA,  12, 183N, 1235W,   0,   38,   ,   0,    ,    0,    0,    0,    0, 
EP, 06, 2005081200, 03, GUNA,  24, 190N, 1247W,   0,   66,   ,   0,    ,    0,    0,    0,    0, 
EP, 06, 2005081200, 03, GUNA,  36, 195N, 1260W,   0,   94,   ,   0,    ,    0,    0,    0,    0, 
EP, 06, 2005081200, 03, GUNA,  48, 197N, 1273W,   0,  121,   ,   0,    ,    0,    0,    0,    0, 
EP, 06, 2005081200, 03, GUNA,  72, 194N, 1304W,   0,  169,   ,   0,    ,    0,    0,    0,    0, 
EP, 06, 2005081200, 03, GUNA,  96, 190N, 1346W,   0,  250,   ,   0,    ,    0,    0,    0,    0, 
EP, 06, 2005081200, 03, GUNA, 120, 191N, 1396W,   0,  305,   ,   0,    ,    0,    0,    0,    0, 
EP, 06, 2005081206, 03, CONU,  12, 186N, 1240W,   0,   35,   ,   0,    ,    0,    0,    0,    0, 
EP, 06, 2005081206, 03, CONU,  24, 190N, 1255W,   0,   60,   ,   0,    ,    0,    0,    0,    0, 
EP, 06, 2005081206, 03, CONU,  36, 191N, 1269W,   0,   88,   ,   0,    ,    0,    0,    0,    0, 
EP, 06, 2005081206, 03, CONU,  48, 190N, 1283W,   0,  117,   ,   0,    ,    0,    0,    0,    0, 
EP, 06, 2005081206, 03, CONU,  72, 186N, 1313W,   0,  161,   ,   0,    ,    0,    0,    0,    0, 
EP, 06, 2005081206, 03, CONU,  96, 184N, 1351W,   0,  216,   ,   0,    ,    0,    0,    0,    0, 
EP, 06, 2005081206, 03, CONU, 120, 181N, 1395W,   0,  334,   ,   0,    ,    0,    0,    0,    0, 
EP, 06, 2005081206, 03, GUNA,  12, 186N, 1240W,   0,   35,   ,   0,    ,    0,    0,    0,    0, 
EP, 06, 2005081206, 03, GUNA,  24, 191N, 1254W,   0,   62,   ,   0,    ,    0,    0,    0,    0, 
EP, 06, 2005081206, 03, GUNA,  36, 192N, 1269W,   0,   89,   ,   0,    ,    0,    0,    0,    0, 
EP, 06, 2005081206, 03, GUNA,  48, 191N, 1284W,   0,  115,   ,   0,    ,    0,    0,    0,    0, 
EP, 06, 2005081206, 03, GUNA,  72, 187N, 1316W,   0,  163,   ,   0,    ,    0,    0,    0,    0, 
EP, 06, 2005081206, 03, GUNA,  96, 184N, 1355W,   0,  243,   ,   0,    ,    0,    0,    0,    0, 
EP, 06, 2005081206, 03, GUNA, 120, 182N, 1400W,   0,  287,   ,   0,    ,    0,    0,    0,    0, 
EP, 06, 2005081212, 03, CONU,  12, 189N, 1250W,   0,   34,   ,   0,    ,    0,    0,    0,    0, 
EP, 06, 2005081212, 03, CONU,  24, 192N, 1264W,   0,   58,   ,   0,    ,    0,    0,    0,    0, 
EP, 06, 2005081212, 03, CONU,  36, 191N, 1278W,   0,   84,   ,   0,    ,    0,    0,    0,    0, 
EP, 06, 2005081212, 03, CONU,  48, 188N, 1293W,   0,  115,   ,   0,    ,    0,    0,    0,    0, 
EP, 06, 2005081212, 03, CONU,  72, 183N, 1325W,   0,  161,   ,   0,    ,    0,    0,    0,    0, 
EP, 06, 2005081212, 03, CONU,  96, 178N, 1364W,   0,  216,   ,   0,    ,    0,    0,    0,    0, 
EP, 06, 2005081212, 03, CONU, 120, 173N, 1408W,   0,  324,   ,   0,    ,    0,    0,    0,    0, 
EP, 06, 2005081212, 03, GUNA,  12, 188N, 1250W,   0,   35,   ,   0,    ,    0,    0,    0,    0, 
EP, 06, 2005081212, 03, GUNA,  24, 192N, 1264W,   0,   60,   ,   0,    ,    0,    0,    0,    0, 
EP, 06, 2005081212, 03, GUNA,  36, 192N, 1279W,   0,   84,   ,   0,    ,    0,    0,    0,    0, 
EP, 06, 2005081212, 03, GUNA,  48, 189N, 1294W,   0,  111,   ,   0,    ,    0,    0,    0,    0, 
EP, 06, 2005081212, 03, GUNA,  72, 184N, 1328W,   0,  158,   ,   0,    ,    0,    0,    0,    0, 
EP, 06, 2005081212, 03, GUNA,  96, 179N, 1370W,   0,  235,   ,   0,    ,    0,    0,    0,    0, 
EP, 06, 2005081212, 03, GUNA, 120, 176N, 1416W,   0,  272,   ,   0,    ,    0,    0,    0,    0, 
EP, 06, 2005081218, 03, CONU,  12, 190N, 1261W,   0,   34,   ,   0,    ,    0,    0,    0,    0, 
EP, 06, 2005081218, 03, CONU,  24, 190N, 1279W,   0,   62,   ,   0,    ,    0,    0,    0,    0, 
EP, 06, 2005081218, 03, CONU,  36, 187N, 1295W,   0,   89,   ,   0,    ,    0,    0,    0,    0, 
EP, 06, 2005081218, 03, CONU,  48, 182N, 1311W,   0,  116,   ,   0,    ,    0,    0,    0,    0, 
EP, 06, 2005081218, 03, CONU,  72, 175N, 1344W,   0,  157,   ,   0,    ,    0,    0,    0,    0, 
EP, 06, 2005081218, 03, CONU,  96, 170N, 1383W,   0,  213,   ,   0,    ,    0,    0,    0,    0, 
EP, 06, 2005081218, 03, CONU, 120, 167N, 1426W,   0,  327,   ,   0,    ,    0,    0,    0,    0, 
EP, 06, 2005081218, 03, GUNA,  12, 190N, 1261W,   0,   36,   ,   0,    ,    0,    0,    0,    0, 
EP, 06, 2005081218, 03, GUNA,  24, 191N, 1278W,   0,   62,   ,   0,    ,    0,    0,    0,    0, 
EP, 06, 2005081218, 03, GUNA,  36, 188N, 1295W,   0,   90,   ,   0,    ,    0,    0,    0,    0, 
EP, 06, 2005081218, 03, GUNA,  48, 183N, 1312W,   0,  114,   ,   0,    ,    0,    0,    0,    0, 
EP, 06, 2005081218, 03, GUNA,  72, 175N, 1346W,   0,  160,   ,   0,    ,    0,    0,    0,    0, 
EP, 06, 2005081218, 03, GUNA,  96, 169N, 1385W,   0,  248,   ,   0,    ,    0,    0,    0,    0, 
EP, 06, 2005081218, 03, GUNA, 120, 167N, 1428W,   0,  302,   ,   0,    ,    0,    0,    0,    0, 
EP, 06, 2005081300, 03, CONU,  12, 191N, 1270W,   0,   34,   ,   0,    ,    0,    0,    0,    0, 
EP, 06, 2005081300, 03, CONU,  24, 189N, 1286W,   0,   62,   ,   0,    ,    0,    0,    0,    0, 
EP, 06, 2005081300, 03, CONU,  36, 184N, 1301W,   0,   89,   ,   0,    ,    0,    0,    0,    0, 
EP, 06, 2005081300, 03, CONU,  48, 178N, 1316W,   0,  115,   ,   0,    ,    0,    0,    0,    0, 
EP, 06, 2005081300, 03, CONU,  72, 167N, 1348W,   0,  158,   ,   0,    ,    0,    0,    0,    0, 
EP, 06, 2005081300, 03, CONU,  96, 163N, 1386W,   0,  221,   ,   0,    ,    0,    0,    0,    0, 
EP, 06, 2005081300, 03, CONU, 120, 162N, 1424W,   0,  347,   ,   0,    ,    0,    0,    0,    0, 
EP, 06, 2005081300, 03, GUNA,  12, 191N, 1270W,   0,   36,   ,   0,    ,    0,    0,    0,    0, 
EP, 06, 2005081300, 03, GUNA,  24, 189N, 1286W,   0,   63,   ,   0,    ,    0,    0,    0,    0, 
EP, 06, 2005081300, 03, GUNA,  36, 184N, 1302W,   0,   90,   ,   0,    ,    0,    0,    0,    0, 
EP, 06, 2005081300, 03, GUNA,  48, 177N, 1316W,   0,  114,   ,   0,    ,    0,    0,    0,    0, 
EP, 06, 2005081300, 03, GUNA,  72, 168N, 1350W,   0,  163,   ,   0,    ,    0,    0,    0,    0, 
EP, 06, 2005081300, 03, GUNA,  96, 165N, 1389W,   0,  256,   ,   0,    ,    0,    0,    0,    0, 
EP, 06, 2005081300, 03, GUNA, 120, 165N, 1429W,   0,  314,   ,   0,    ,    0,    0,    0,    0, 
EP, 06, 2005081306, 03, CONU,  12, 192N, 1276W,   0,   35,   ,   0,    ,    0,    0,    0,    0, 
EP, 06, 2005081306, 03, CONU,  24, 190N, 1290W,   0,   61,   ,   0,    ,    0,    0,    0,    0, 
EP, 06, 2005081306, 03, CONU,  36, 185N, 1304W,   0,   85,   ,   0,    ,    0,    0,    0,    0, 
EP, 06, 2005081306, 03, CONU,  48, 179N, 1320W,   0,  113,   ,   0,    ,    0,    0,    0,    0, 
EP, 06, 2005081306, 03, CONU,  72, 169N, 1355W,   0,  151,   ,   0,    ,    0,    0,    0,    0, 
EP, 06, 2005081306, 03, CONU,  96, 163N, 1394W,   0,  221,   ,   0,    ,    0,    0,    0,    0, 
EP, 06, 2005081306, 03, CONU, 120, 156N, 1431W,   0,  353,   ,   0,    ,    0,    0,    0,    0, 
EP, 06, 2005081306, 03, GUNA,  12, 193N, 1276W,   0,   36,   ,   0,    ,    0,    0,    0,    0, 
EP, 06, 2005081306, 03, GUNA,  24, 191N, 1290W,   0,   63,   ,   0,    ,    0,    0,    0,    0, 
EP, 06, 2005081306, 03, GUNA,  36, 186N, 1306W,   0,   86,   ,   0,    ,    0,    0,    0,    0, 
EP, 06, 2005081306, 03, GUNA,  48, 180N, 1321W,   0,  109,   ,   0,    ,    0,    0,    0,    0, 
EP, 06, 2005081306, 03, GUNA,  72, 170N, 1357W,   0,  152,   ,   0,    ,    0,    0,    0,    0, 
EP, 06, 2005081306, 03, GUNA,  96, 163N, 1398W,   0,  252,   ,   0,    ,    0,    0,    0,    0, 
EP, 06, 2005081306, 03, GUNA, 120, 156N, 1437W,   0,  308,   ,   0,    ,    0,    0,    0,    0, 
EP, 06, 2005081312, 03, CONU,  12, 192N, 1282W,   0,   35,   ,   0,    ,    0,    0,    0,    0, 
EP, 06, 2005081312, 03, CONU,  24, 187N, 1297W,   0,   60,   ,   0,    ,    0,    0,    0,    0, 
EP, 06, 2005081312, 03, CONU,  36, 181N, 1311W,   0,   84,   ,   0,    ,    0,    0,    0,    0, 
EP, 06, 2005081312, 03, CONU,  48, 173N, 1327W,   0,  113,   ,   0,    ,    0,    0,    0,    0, 
EP, 06, 2005081312, 03, CONU,  72, 165N, 1363W,   0,  157,   ,   0,    ,    0,    0,    0,    0, 
EP, 06, 2005081312, 03, CONU,  96, 159N, 1403W,   0,  216,   ,   0,    ,    0,    0,    0,    0, 
EP, 06, 2005081312, 03, CONU, 120, 152N, 1438W,   0,  337,   ,   0,    ,    0,    0,    0,    0, 
EP, 06, 2005081312, 03, GUNA,  12, 192N, 1282W,   0,   36,   ,   0,    ,    0,    0,    0,    0, 
EP, 06, 2005081312, 03, GUNA,  24, 187N, 1296W,   0,   62,   ,   0,    ,    0,    0,    0,    0, 
EP, 06, 2005081312, 03, GUNA,  36, 180N, 1311W,   0,   86,   ,   0,    ,    0,    0,    0,    0, 
EP, 06, 2005081312, 03, GUNA,  48, 173N, 1326W,   0,  112,   ,   0,    ,    0,    0,    0,    0, 
EP, 06, 2005081312, 03, GUNA,  72, 164N, 1363W,   0,  164,   ,   0,    ,    0,    0,    0,    0, 
EP, 06, 2005081312, 03, GUNA,  96, 159N, 1405W,   0,  254,   ,   0,    ,    0,    0,    0,    0, 
EP, 06, 2005081312, 03, GUNA, 120, 153N, 1442W,   0,  306,   ,   0,    ,    0,    0,    0,    0, 
EP, 06, 2005081318, 03, CONU,  12, 193N, 1288W,   0,   35,   ,   0,    ,    0,    0,    0,    0, 
EP, 06, 2005081318, 03, CONU,  24, 190N, 1302W,   0,   59,   ,   0,    ,    0,    0,    0,    0, 
EP, 06, 2005081318, 03, CONU,  36, 184N, 1318W,   0,   87,   ,   0,    ,    0,    0,    0,    0, 
EP, 06, 2005081318, 03, CONU,  48, 178N, 1337W,   0,  118,   ,   0,    ,    0,    0,    0,    0, 
EP, 06, 2005081318, 03, CONU,  72, 162N, 1383W,   0,  183,   ,   0,    ,    0,    0,    0,    0, 
EP, 06, 2005081318, 03, CONU,  96, 141N, 1433W,   0,  337,   ,   0,    ,    0,    0,    0,    0, 
EP, 06, 2005081318, 03, CONU, 120, 154N, 1425W,   0,  374,   ,   0,    ,    0,    0,    0,    0, 
EP, 06, 2005081318, 03, GUNA,  12, 193N, 1288W,   0,   36,   ,   0,    ,    0,    0,    0,    0, 
EP, 06, 2005081318, 03, GUNA,  24, 190N, 1301W,   0,   62,   ,   0,    ,    0,    0,    0,    0, 
EP, 06, 2005081318, 03, GUNA,  36, 185N, 1317W,   0,   89,   ,   0,    ,    0,    0,    0,    0, 
EP, 06, 2005081318, 03, GUNA,  48, 179N, 1335W,   0,  120,   ,   0,    ,    0,    0,    0,    0, 
EP, 06, 2005081318, 03, GUNA,  72, 161N, 1383W,   0,  204,   ,   0,    ,    0,    0,    0,    0, 
EP, 06, 2005081318, 03, GUNA,  96, 141N, 1433W,   0,  374,   ,   0,    ,    0,    0,    0,    0, 
EP, 06, 2005081400, 03, CONU,  12, 189N, 1298W,   0,   36,   ,   0,    ,    0,    0,    0,    0, 
EP, 06, 2005081400, 03, CONU,  24, 183N, 1312W,   0,   63,   ,   0,    ,    0,    0,    0,    0, 
EP, 06, 2005081400, 03, CONU,  36, 176N, 1327W,   0,   95,   ,   0,    ,    0,    0,    0,    0, 
EP, 06, 2005081400, 03, CONU,  48, 169N, 1343W,   0,  125,   ,   0,    ,    0,    0,    0,    0, 
EP, 06, 2005081400, 03, CONU,  72, 152N, 1385W,   0,  215,   ,   0,    ,    0,    0,    0,    0, 
EP, 06, 2005081400, 03, CONU,  96, 144N, 1415W,   0,  273,   ,   0,    ,    0,    0,    0,    0, 
EP, 06, 2005081400, 03, CONU, 120, 141N, 1410W,   0,  358,   ,   0,    ,    0,    0,    0,    0, 
EP, 06, 2005081400, 03, GUNA,  12, 189N, 1297W,   0,   37,   ,   0,    ,    0,    0,    0,    0, 
EP, 06, 2005081400, 03, GUNA,  24, 183N, 1311W,   0,   66,   ,   0,    ,    0,    0,    0,    0, 
EP, 06, 2005081400, 03, GUNA,  36, 176N, 1326W,   0,  100,   ,   0,    ,    0,    0,    0,    0, 
EP, 06, 2005081400, 03, GUNA,  48, 169N, 1342W,   0,  133,   ,   0,    ,    0,    0,    0,    0, 
EP, 06, 2005081400, 03, GUNA,  72, 149N, 1386W,   0,  245,   ,   0,    ,    0,    0,    0,    0, 
EP, 06, 2005081400, 03, GUNA,  96, 142N, 1414W,   0,  338,   ,   0,    ,    0,    0,    0,    0, 
EP, 06, 2005081406, 03, CONU,  12, 185N, 1305W,   0,   40,   ,   0,    ,    0,    0,    0,    0, 
EP, 06, 2005081406, 03, CONU,  24, 179N, 1320W,   0,   67,   ,   0,    ,    0,    0,    0,    0, 
EP, 06, 2005081406, 03, CONU,  36, 173N, 1336W,   0,   96,   ,   0,    ,    0,    0,    0,    0, 
EP, 06, 2005081406, 03, CONU,  48, 168N, 1354W,   0,  124,   ,   0,    ,    0,    0,    0,    0, 
EP, 06, 2005081406, 03, CONU,  72, 161N, 1391W,   0,  180,   ,   0,    ,    0,    0,    0,    0, 
EP, 06, 2005081406, 03, CONU,  96, 140N, 1445W,   0,  321,   ,   0,    ,    0,    0,    0,    0, 
EP, 06, 2005081406, 03, CONU, 120, 147N, 1444W,   0,  345,   ,   0,    ,    0,    0,    0,    0, 
EP, 06, 2005081406, 03, GUNA,  12, 185N, 1304W,   0,   39,   ,   0,    ,    0,    0,    0,    0, 
EP, 06, 2005081406, 03, GUNA,  24, 179N, 1317W,   0,   67,   ,   0,    ,    0,    0,    0,    0, 
EP, 06, 2005081406, 03, GUNA,  36, 174N, 1332W,   0,   94,   ,   0,    ,    0,    0,    0,    0, 
EP, 06, 2005081406, 03, GUNA,  48, 169N, 1350W,   0,  126,   ,   0,    ,    0,    0,    0,    0, 
EP, 06, 2005081406, 03, GUNA,  72, 162N, 1388W,   0,  196,   ,   0,    ,    0,    0,    0,    0, 
EP, 06, 2005081406, 03, GUNA,  96, 138N, 1448W,   0,  428,   ,   0,    ,    0,    0,    0,    0, 
EP, 06, 2005081412, 03, CONU,  12, 181N, 1310W,   0,   38,   ,   0,    ,    0,    0,    0,    0, 
EP, 06, 2005081412, 03, CONU,  24, 175N, 1325W,   0,   65,   ,   0,    ,    0,    0,    0,    0, 
EP, 06, 2005081412, 03, CONU,  36, 170N, 1343W,   0,   95,   ,   0,    ,    0,    0,    0,    0, 
EP, 06, 2005081412, 03, CONU,  48, 166N, 1362W,   0,  124,   ,   0,    ,    0,    0,    0,    0, 
EP, 06, 2005081412, 03, CONU,  72, 157N, 1404W,   0,  185,   ,   0,    ,    0,    0,    0,    0, 
EP, 06, 2005081412, 03, CONU,  96, 129N, 1466W,   0,  365,   ,   0,    ,    0,    0,    0,    0, 
EP, 06, 2005081412, 03, CONU, 120, 138N, 1451W,   0,  331,   ,   0,    ,    0,    0,    0,    0, 
EP, 06, 2005081412, 03, GUNA,  12, 180N, 1310W,   0,   39,   ,   0,    ,    0,    0,    0,    0, 
EP, 06, 2005081412, 03, GUNA,  24, 174N, 1325W,   0,   68,   ,   0,    ,    0,    0,    0,    0, 
EP, 06, 2005081412, 03, GUNA,  36, 169N, 1342W,   0,   99,   ,   0,    ,    0,    0,    0,    0, 
EP, 06, 2005081412, 03, GUNA,  48, 165N, 1360W,   0,  130,   ,   0,    ,    0,    0,    0,    0, 
EP, 06, 2005081412, 03, GUNA,  72, 155N, 1402W,   0,  204,   ,   0,    ,    0,    0,    0,    0, 
EP, 06, 2005081412, 03, GUNA,  96, 122N, 1469W,   0,  499,   ,   0,    ,    0,    0,    0,    0, 
EP, 06, 2005081418, 03, CONU,  12, 177N, 1317W,   0,   38,   ,   0,    ,    0,    0,    0,    0, 
EP, 06, 2005081418, 03, CONU,  24, 172N, 1332W,   0,   65,   ,   0,    ,    0,    0,    0,    0, 
EP, 06, 2005081418, 03, CONU,  36, 167N, 1348W,   0,   94,   ,   0,    ,    0,    0,    0,    0, 
EP, 06, 2005081418, 03, CONU,  48, 166N, 1365W,   0,  123,   ,   0,    ,    0,    0,    0,    0, 
EP, 06, 2005081418, 03, CONU,  72, 161N, 1404W,   0,  182,   ,   0,    ,    0,    0,    0,    0, 
EP, 06, 2005081418, 03, CONU,  96, 146N, 1425W,   0,  240,   ,   0,    ,    0,    0,    0,    0, 
EP, 06, 2005081418, 03, CONU, 120, 136N, 1460W,   0,  352,   ,   0,    ,    0,    0,    0,    0, 
EP, 06, 2005081418, 03, GUNA,  12, 177N, 1317W,   0,   39,   ,   0,    ,    0,    0,    0,    0, 
EP, 06, 2005081418, 03, GUNA,  24, 172N, 1331W,   0,   68,   ,   0,    ,    0,    0,    0,    0, 
EP, 06, 2005081418, 03, GUNA,  36, 168N, 1347W,   0,   99,   ,   0,    ,    0,    0,    0,    0, 
EP, 06, 2005081418, 03, GUNA,  48, 166N, 1364W,   0,  131,   ,   0,    ,    0,    0,    0,    0, 
EP, 06, 2005081418, 03, GUNA,  72, 162N, 1404W,   0,  209,   ,   0,    ,    0,    0,    0,    0, 
EP, 06, 2005081500, 03, CONU,  12, 173N, 1324W,   0,   39,   ,   0,    ,    0,    0,    0,    0, 
EP, 06, 2005081500, 03, CONU,  24, 168N, 1337W,   0,   66,   ,   0,    ,    0,    0,    0,    0, 
EP, 06, 2005081500, 03, CONU,  36, 165N, 1352W,   0,   97,   ,   0,    ,    0,    0,    0,    0, 
EP, 06, 2005081500, 03, CONU,  48, 163N, 1368W,   0,  125,   ,   0,    ,    0,    0,    0,    0, 
EP, 06, 2005081500, 03, CONU,  72, 165N, 1407W,   0,  215,   ,   0,    ,    0,    0,    0,    0, 
EP, 06, 2005081500, 03, CONU,  96, 146N, 1417W,   0,  241,   ,   0,    ,    0,    0,    0,    0, 
EP, 06, 2005081500, 03, CONU, 120, 137N, 1444W,   0,  303,   ,   0,    ,    0,    0,    0,    0, 
EP, 06, 2005081500, 03, GUNA,  12, 173N, 1324W,   0,   41,   ,   0,    ,    0,    0,    0,    0, 
EP, 06, 2005081500, 03, GUNA,  24, 168N, 1338W,   0,   71,   ,   0,    ,    0,    0,    0,    0, 
EP, 06, 2005081500, 03, GUNA,  36, 165N, 1352W,   0,  106,   ,   0,    ,    0,    0,    0,    0, 
EP, 06, 2005081500, 03, GUNA,  48, 163N, 1369W,   0,  137,   ,   0,    ,    0,    0,    0,    0, 
EP, 06, 2005081506, 03, CONU,  12, 170N, 1330W,   0,   39,   ,   0,    ,    0,    0,    0,    0, 
EP, 06, 2005081506, 03, CONU,  24, 166N, 1344W,   0,   69,   ,   0,    ,    0,    0,    0,    0, 
EP, 06, 2005081506, 03, CONU,  36, 164N, 1359W,   0,  100,   ,   0,    ,    0,    0,    0,    0, 
EP, 06, 2005081506, 03, CONU,  48, 162N, 1377W,   0,  125,   ,   0,    ,    0,    0,    0,    0, 
EP, 06, 2005081506, 03, CONU,  72, 152N, 1413W,   0,  182,   ,   0,    ,    0,    0,    0,    0, 
EP, 06, 2005081506, 03, CONU,  96, 149N, 1461W,   0,  292,   ,   0,    ,    0,    0,    0,    0, 
EP, 06, 2005081506, 03, CONU, 120, 147N, 1499W,   0,  382,   ,   0,    ,    0,    0,    0,    0, 
EP, 06, 2005081506, 03, GUNA,  12, 170N, 1330W,   0,   40,   ,   0,    ,    0,    0,    0,    0, 
EP, 06, 2005081506, 03, GUNA,  24, 166N, 1344W,   0,   72,   ,   0,    ,    0,    0,    0,    0, 
EP, 06, 2005081506, 03, GUNA,  36, 164N, 1360W,   0,  108,   ,   0,    ,    0,    0,    0,    0, 
EP, 06, 2005081506, 03, GUNA,  48, 162N, 1378W,   0,  137,   ,   0,    ,    0,    0,    0,    0, 
EP, 06, 2005081506, 03, GUNA,  72, 154N, 1416W,   0,  201,   ,   0,    ,    0,    0,    0,    0, 
EP, 06, 2005081506, 03, GUNA,  96, 149N, 1461W,   0,  311,   ,   0,    ,    0,    0,    0,    0, 
EP, 06, 2005081506, 03, GUNA, 120, 147N, 1499W,   0,  392,   ,   0,    ,    0,    0,    0,    0, 
EP, 06, 2005081512, 03, CONU,  12, 169N, 1340W,   0,   43,   ,   0,    ,    0,    0,    0,    0, 
EP, 06, 2005081512, 03, CONU,  24, 167N, 1356W,   0,   70,   ,   0,    ,    0,    0,    0,    0, 
EP, 06, 2005081512, 03, CONU,  36, 166N, 1373W,   0,  101,   ,   0,    ,    0,    0,    0,    0, 
EP, 06, 2005081512, 03, CONU,  48, 164N, 1392W,   0,  124,   ,   0,    ,    0,    0,    0,    0, 
EP, 06, 2005081512, 03, CONU,  72, 153N, 1430W,   0,  179,   ,   0,    ,    0,    0,    0,    0, 
EP, 06, 2005081512, 03, CONU,  96, 151N, 1477W,   0,  326,   ,   0,    ,    0,    0,    0,    0, 
EP, 06, 2005081512, 03, CONU, 120, 160N, 1504W,   0,  437,   ,   0,    ,    0,    0,    0,    0, 
EP, 06, 2005081512, 03, GUNA,  12, 169N, 1340W,   0,   44,   ,   0,    ,    0,    0,    0,    0, 
EP, 06, 2005081512, 03, GUNA,  24, 167N, 1357W,   0,   78,   ,   0,    ,    0,    0,    0,    0, 
EP, 06, 2005081512, 03, GUNA,  36, 165N, 1374W,   0,  114,   ,   0,    ,    0,    0,    0,    0, 
EP, 06, 2005081512, 03, GUNA,  48, 164N, 1393W,   0,  142,   ,   0,    ,    0,    0,    0,    0, 
EP, 06, 2005081512, 03, GUNA,  72, 155N, 1434W,   0,  205,   ,   0,    ,    0,    0,    0,    0, 
EP, 06, 2005081512, 03, GUNA,  96, 151N, 1477W,   0,  358,   ,   0,    ,    0,    0,    0,    0, 
EP, 06, 2005081518, 03, CONU,  12, 168N, 1355W,   0,   42,   ,   0,    ,    0,    0,    0,    0, 
EP, 06, 2005081518, 03, CONU,  24, 165N, 1373W,   0,   66,   ,   0,    ,    0,    0,    0,    0, 
EP, 06, 2005081518, 03, CONU,  36, 162N, 1394W,   0,   93,   ,   0,    ,    0,    0,    0,    0, 
EP, 06, 2005081518, 03, CONU,  48, 160N, 1414W,   0,  118,   ,   0,    ,    0,    0,    0,    0, 
EP, 06, 2005081518, 03, CONU,  72, 155N, 1457W,   0,  188,   ,   0,    ,    0,    0,    0,    0, 
EP, 06, 2005081518, 03, CONU,  96, 153N, 1507W,   0,  320,   ,   0,    ,    0,    0,    0,    0, 
EP, 06, 2005081518, 03, CONU, 120, 155N, 1524W,   0,  426,   ,   0,    ,    0,    0,    0,    0, 
EP, 06, 2005081518, 03, GUNA,  12, 168N, 1355W,   0,   44,   ,   0,    ,    0,    0,    0,    0, 
EP, 06, 2005081518, 03, GUNA,  24, 165N, 1373W,   0,   76,   ,   0,    ,    0,    0,    0,    0, 
EP, 06, 2005081518, 03, GUNA,  36, 163N, 1392W,   0,  105,   ,   0,    ,    0,    0,    0,    0, 
EP, 06, 2005081518, 03, GUNA,  48, 161N, 1413W,   0,  131,   ,   0,    ,    0,    0,    0,    0, 
EP, 06, 2005081518, 03, GUNA,  72, 155N, 1457W,   0,  188,   ,   0,    ,    0,    0,    0,    0, 
EP, 06, 2005081518, 03, GUNA,  96, 153N, 1507W,   0,  357,   ,   0,    ,    0,    0,    0,    0, 
EP, 06, 2005081600, 03, CONU,  12, 169N, 1365W,   0,   41,   ,   0,    ,    0,    0,    0,    0, 
EP, 06, 2005081600, 03, CONU,  24, 167N, 1385W,   0,   63,   ,   0,    ,    0,    0,    0,    0, 
EP, 06, 2005081600, 03, CONU,  36, 165N, 1407W,   0,   88,   ,   0,    ,    0,    0,    0,    0, 
EP, 06, 2005081600, 03, CONU,  48, 162N, 1429W,   0,  115,   ,   0,    ,    0,    0,    0,    0, 
EP, 06, 2005081600, 03, CONU,  72, 157N, 1476W,   0,  184,   ,   0,    ,    0,    0,    0,    0, 
EP, 06, 2005081600, 03, CONU,  96, 157N, 1524W,   0,  295,   ,   0,    ,    0,    0,    0,    0, 
EP, 06, 2005081600, 03, CONU, 120, 155N, 1556W,   0,  319,   ,   0,    ,    0,    0,    0,    0, 
EP, 06, 2005081600, 03, GUNA,  12, 169N, 1365W,   0,   43,   ,   0,    ,    0,    0,    0,    0, 
EP, 06, 2005081600, 03, GUNA,  24, 167N, 1385W,   0,   74,   ,   0,    ,    0,    0,    0,    0, 
EP, 06, 2005081600, 03, GUNA,  36, 167N, 1407W,   0,  101,   ,   0,    ,    0,    0,    0,    0, 
EP, 06, 2005081600, 03, GUNA,  48, 164N, 1430W,   0,  126,   ,   0,    ,    0,    0,    0,    0, 
EP, 06, 2005081600, 03, GUNA,  72, 157N, 1476W,   0,  186,   ,   0,    ,    0,    0,    0,    0, 
