EP, 08, 2005081900, 03, CONU,  12, 126N,  940W,   0,   70,   ,   0,    ,    0,    0,    0,    0, 
EP, 08, 2005081900, 03, CONU,  24, 137N,  959W,   0,  114,   ,   0,    ,    0,    0,    0,    0, 
EP, 08, 2005081900, 03, CONU,  36, 149N,  978W,   0,  162,   ,   0,    ,    0,    0,    0,    0, 
EP, 08, 2005081900, 03, CONU,  48, 161N, 1000W,   0,  192,   ,   0,    ,    0,    0,    0,    0, 
EP, 08, 2005081912, 03, CONU,  12, 138N,  964W,   0,   66,   ,   0,    ,    0,    0,    0,    0, 
EP, 08, 2005081912, 03, CONU,  24, 145N,  975W,   0,  117,   ,   0,    ,    0,    0,    0,    0, 
EP, 08, 2005081912, 03, CONU,  36, 152N,  985W,   0,  175,   ,   0,    ,    0,    0,    0,    0, 
EP, 08, 2005081912, 03, CONU,  48, 160N,  992W,   0,  200,   ,   0,    ,    0,    0,    0,    0, 
EP, 08, 2005081912, 03, CONU,  72, 162N, 1023W,   0,  370,   ,   0,    ,    0,    0,    0,    0, 
EP, 08, 2005081912, 03, CONU,  96, 175N, 1044W,   0,  453,   ,   0,    ,    0,    0,    0,    0, 
EP, 08, 2005081912, 03, CONU, 120, 180N, 1056W,   0,  525,   ,   0,    ,    0,    0,    0,    0, 
EP, 08, 2005081918, 03, CONU,  12, 136N, 1001W,   0,   62,   ,   0,    ,    0,    0,    0,    0, 
EP, 08, 2005081918, 03, CONU,  24, 145N, 1027W,   0,   92,   ,   0,    ,    0,    0,    0,    0, 
EP, 08, 2005081918, 03, CONU,  36, 150N, 1056W,   0,  127,   ,   0,    ,    0,    0,    0,    0, 
EP, 08, 2005081918, 03, CONU,  48, 158N, 1079W,   0,  160,   ,   0,    ,    0,    0,    0,    0, 
EP, 08, 2005081918, 03, CONU,  72, 179N, 1118W,   0,  197,   ,   0,    ,    0,    0,    0,    0, 
EP, 08, 2005081918, 03, CONU,  96, 192N, 1147W,   0,  236,   ,   0,    ,    0,    0,    0,    0, 
EP, 08, 2005081918, 03, CONU, 120, 203N, 1159W,   0,  255,   ,   0,    ,    0,    0,    0,    0, 
EP, 08, 2005082000, 03, CONU,  12, 137N, 1004W,   0,   63,   ,   0,    ,    0,    0,    0,    0, 
EP, 08, 2005082000, 03, CONU,  24, 143N, 1019W,   0,  104,   ,   0,    ,    0,    0,    0,    0, 
EP, 08, 2005082000, 03, CONU,  36, 149N, 1037W,   0,  146,   ,   0,    ,    0,    0,    0,    0, 
EP, 08, 2005082000, 03, CONU,  48, 157N, 1053W,   0,  166,   ,   0,    ,    0,    0,    0,    0, 
EP, 08, 2005082000, 03, CONU,  72, 171N, 1077W,   0,  264,   ,   0,    ,    0,    0,    0,    0, 
EP, 08, 2005082000, 03, CONU,  96, 193N, 1123W,   0,  277,   ,   0,    ,    0,    0,    0,    0, 
EP, 08, 2005082000, 03, CONU, 120, 200N, 1128W,   0,  363,   ,   0,    ,    0,    0,    0,    0, 
EP, 08, 2005082000, 03, GUNA,  12, 135N, 1009W,   0,   55,   ,   0,    ,    0,    0,    0,    0, 
EP, 08, 2005082006, 03, CONU,  12, 139N, 1028W,   0,   42,   ,   0,    ,    0,    0,    0,    0, 
EP, 08, 2005082006, 03, CONU,  24, 144N, 1053W,   0,   70,   ,   0,    ,    0,    0,    0,    0, 
EP, 08, 2005082006, 03, CONU,  36, 151N, 1078W,   0,  106,   ,   0,    ,    0,    0,    0,    0, 
EP, 08, 2005082006, 03, CONU,  48, 159N, 1099W,   0,  136,   ,   0,    ,    0,    0,    0,    0, 
EP, 08, 2005082006, 03, CONU,  72, 176N, 1133W,   0,  178,   ,   0,    ,    0,    0,    0,    0, 
EP, 08, 2005082006, 03, CONU,  96, 190N, 1152W,   0,  216,   ,   0,    ,    0,    0,    0,    0, 
EP, 08, 2005082006, 03, CONU, 120, 207N, 1159W,   0,  351,   ,   0,    ,    0,    0,    0,    0, 
EP, 08, 2005082012, 03, CONU,  12, 142N, 1040W,   0,   46,   ,   0,    ,    0,    0,    0,    0, 
EP, 08, 2005082012, 03, CONU,  24, 149N, 1066W,   0,   79,   ,   0,    ,    0,    0,    0,    0, 
EP, 08, 2005082012, 03, CONU,  36, 157N, 1091W,   0,  117,   ,   0,    ,    0,    0,    0,    0, 
EP, 08, 2005082012, 03, CONU,  48, 166N, 1114W,   0,  144,   ,   0,    ,    0,    0,    0,    0, 
EP, 08, 2005082012, 03, CONU,  72, 183N, 1151W,   0,  188,   ,   0,    ,    0,    0,    0,    0, 
EP, 08, 2005082012, 03, CONU,  96, 198N, 1170W,   0,  216,   ,   0,    ,    0,    0,    0,    0, 
EP, 08, 2005082012, 03, CONU, 120, 216N, 1181W,   0,  333,   ,   0,    ,    0,    0,    0,    0, 
EP, 08, 2005082018, 03, CONU,  12, 143N, 1054W,   0,   38,   ,   0,    ,    0,    0,    0,    0, 
EP, 08, 2005082018, 03, CONU,  24, 148N, 1080W,   0,   63,   ,   0,    ,    0,    0,    0,    0, 
EP, 08, 2005082018, 03, CONU,  36, 157N, 1104W,   0,   89,   ,   0,    ,    0,    0,    0,    0, 
EP, 08, 2005082018, 03, CONU,  48, 167N, 1124W,   0,  116,   ,   0,    ,    0,    0,    0,    0, 
EP, 08, 2005082018, 03, CONU,  72, 185N, 1154W,   0,  169,   ,   0,    ,    0,    0,    0,    0, 
EP, 08, 2005082018, 03, CONU,  96, 205N, 1168W,   0,  212,   ,   0,    ,    0,    0,    0,    0, 
EP, 08, 2005082018, 03, CONU, 120, 222N, 1177W,   0,  372,   ,   0,    ,    0,    0,    0,    0, 
EP, 08, 2005082018, 03, GUNA,  12, 144N, 1055W,   0,   40,   ,   0,    ,    0,    0,    0,    0, 
EP, 08, 2005082018, 03, GUNA,  24, 149N, 1081W,   0,   68,   ,   0,    ,    0,    0,    0,    0, 
EP, 08, 2005082018, 03, GUNA,  36, 158N, 1106W,   0,   92,   ,   0,    ,    0,    0,    0,    0, 
EP, 08, 2005082018, 03, GUNA,  48, 168N, 1126W,   0,  119,   ,   0,    ,    0,    0,    0,    0, 
EP, 08, 2005082018, 03, GUNA,  72, 185N, 1159W,   0,  180,   ,   0,    ,    0,    0,    0,    0, 
EP, 08, 2005082018, 03, GUNA,  96, 204N, 1176W,   0,  243,   ,   0,    ,    0,    0,    0,    0, 
EP, 08, 2005082018, 03, GUNA, 120, 219N, 1188W,   0,  352,   ,   0,    ,    0,    0,    0,    0, 
EP, 08, 2005082100, 03, CONU,  12, 149N, 1067W,   0,   41,   ,   0,    ,    0,    0,    0,    0, 
EP, 08, 2005082100, 03, CONU,  24, 157N, 1091W,   0,   72,   ,   0,    ,    0,    0,    0,    0, 
EP, 08, 2005082100, 03, CONU,  36, 166N, 1112W,   0,   99,   ,   0,    ,    0,    0,    0,    0, 
EP, 08, 2005082100, 03, CONU,  48, 175N, 1129W,   0,  125,   ,   0,    ,    0,    0,    0,    0, 
EP, 08, 2005082100, 03, CONU,  72, 193N, 1155W,   0,  180,   ,   0,    ,    0,    0,    0,    0, 
EP, 08, 2005082100, 03, CONU,  96, 214N, 1170W,   0,  214,   ,   0,    ,    0,    0,    0,    0, 
EP, 08, 2005082100, 03, CONU, 120, 237N, 1186W,   0,  352,   ,   0,    ,    0,    0,    0,    0, 
EP, 08, 2005082100, 03, GUNA,  12, 149N, 1068W,   0,   40,   ,   0,    ,    0,    0,    0,    0, 
EP, 08, 2005082100, 03, GUNA,  24, 157N, 1095W,   0,   65,   ,   0,    ,    0,    0,    0,    0, 
EP, 08, 2005082100, 03, GUNA,  36, 166N, 1118W,   0,   87,   ,   0,    ,    0,    0,    0,    0, 
EP, 08, 2005082100, 03, GUNA,  48, 175N, 1137W,   0,  117,   ,   0,    ,    0,    0,    0,    0, 
EP, 08, 2005082100, 03, GUNA,  72, 189N, 1166W,   0,  164,   ,   0,    ,    0,    0,    0,    0, 
EP, 08, 2005082100, 03, GUNA,  96, 207N, 1185W,   0,  206,   ,   0,    ,    0,    0,    0,    0, 
EP, 08, 2005082100, 03, GUNA, 120, 224N, 1202W,   0,  296,   ,   0,    ,    0,    0,    0,    0, 
EP, 08, 2005082106, 03, CONU,  12, 153N, 1075W,   0,   40,   ,   0,    ,    0,    0,    0,    0, 
EP, 08, 2005082106, 03, CONU,  24, 161N, 1101W,   0,   67,   ,   0,    ,    0,    0,    0,    0, 
EP, 08, 2005082106, 03, CONU,  36, 166N, 1126W,   0,   91,   ,   0,    ,    0,    0,    0,    0, 
EP, 08, 2005082106, 03, CONU,  48, 171N, 1145W,   0,  117,   ,   0,    ,    0,    0,    0,    0, 
EP, 08, 2005082106, 03, CONU,  72, 187N, 1171W,   0,  161,   ,   0,    ,    0,    0,    0,    0, 
EP, 08, 2005082106, 03, CONU,  96, 202N, 1185W,   0,  190,   ,   0,    ,    0,    0,    0,    0, 
EP, 08, 2005082106, 03, CONU, 120, 217N, 1204W,   0,  315,   ,   0,    ,    0,    0,    0,    0, 
EP, 08, 2005082106, 03, GUNA,  12, 154N, 1074W,   0,   40,   ,   0,    ,    0,    0,    0,    0, 
EP, 08, 2005082106, 03, GUNA,  24, 163N, 1101W,   0,   66,   ,   0,    ,    0,    0,    0,    0, 
EP, 08, 2005082106, 03, GUNA,  36, 169N, 1126W,   0,   90,   ,   0,    ,    0,    0,    0,    0, 
EP, 08, 2005082106, 03, GUNA,  48, 175N, 1147W,   0,  112,   ,   0,    ,    0,    0,    0,    0, 
EP, 08, 2005082106, 03, GUNA,  72, 189N, 1175W,   0,  157,   ,   0,    ,    0,    0,    0,    0, 
EP, 08, 2005082106, 03, GUNA,  96, 202N, 1191W,   0,  204,   ,   0,    ,    0,    0,    0,    0, 
EP, 08, 2005082106, 03, GUNA, 120, 215N, 1212W,   0,  277,   ,   0,    ,    0,    0,    0,    0, 
EP, 08, 2005082112, 03, CONU,  12, 161N, 1084W,   0,   37,   ,   0,    ,    0,    0,    0,    0, 
EP, 08, 2005082112, 03, CONU,  24, 167N, 1111W,   0,   65,   ,   0,    ,    0,    0,    0,    0, 
EP, 08, 2005082112, 03, CONU,  36, 173N, 1133W,   0,   91,   ,   0,    ,    0,    0,    0,    0, 
EP, 08, 2005082112, 03, CONU,  48, 181N, 1150W,   0,  119,   ,   0,    ,    0,    0,    0,    0, 
EP, 08, 2005082112, 03, CONU,  72, 200N, 1176W,   0,  164,   ,   0,    ,    0,    0,    0,    0, 
EP, 08, 2005082112, 03, CONU,  96, 216N, 1196W,   0,  196,   ,   0,    ,    0,    0,    0,    0, 
EP, 08, 2005082112, 03, CONU, 120, 230N, 1221W,   0,  328,   ,   0,    ,    0,    0,    0,    0, 
EP, 08, 2005082112, 03, GUNA,  12, 162N, 1085W,   0,   36,   ,   0,    ,    0,    0,    0,    0, 
EP, 08, 2005082112, 03, GUNA,  24, 169N, 1112W,   0,   64,   ,   0,    ,    0,    0,    0,    0, 
EP, 08, 2005082112, 03, GUNA,  36, 176N, 1134W,   0,   89,   ,   0,    ,    0,    0,    0,    0, 
EP, 08, 2005082112, 03, GUNA,  48, 183N, 1152W,   0,  116,   ,   0,    ,    0,    0,    0,    0, 
EP, 08, 2005082112, 03, GUNA,  72, 201N, 1180W,   0,  163,   ,   0,    ,    0,    0,    0,    0, 
EP, 08, 2005082112, 03, GUNA,  96, 217N, 1200W,   0,  221,   ,   0,    ,    0,    0,    0,    0, 
EP, 08, 2005082112, 03, GUNA, 120, 229N, 1227W,   0,  305,   ,   0,    ,    0,    0,    0,    0, 
EP, 08, 2005082118, 03, CONU,  12, 177N, 1097W,   0,   37,   ,   0,    ,    0,    0,    0,    0, 
EP, 08, 2005082118, 03, CONU,  24, 186N, 1122W,   0,   65,   ,   0,    ,    0,    0,    0,    0, 
EP, 08, 2005082118, 03, CONU,  36, 191N, 1143W,   0,   91,   ,   0,    ,    0,    0,    0,    0, 
EP, 08, 2005082118, 03, CONU,  48, 197N, 1158W,   0,  117,   ,   0,    ,    0,    0,    0,    0, 
EP, 08, 2005082118, 03, CONU,  72, 208N, 1180W,   0,  161,   ,   0,    ,    0,    0,    0,    0, 
EP, 08, 2005082118, 03, CONU,  96, 222N, 1199W,   0,  210,   ,   0,    ,    0,    0,    0,    0, 
EP, 08, 2005082118, 03, CONU, 120, 234N, 1229W,   0,  361,   ,   0,    ,    0,    0,    0,    0, 
EP, 08, 2005082118, 03, GUNA,  12, 178N, 1097W,   0,   36,   ,   0,    ,    0,    0,    0,    0, 
EP, 08, 2005082118, 03, GUNA,  24, 188N, 1122W,   0,   62,   ,   0,    ,    0,    0,    0,    0, 
EP, 08, 2005082118, 03, GUNA,  36, 193N, 1143W,   0,   89,   ,   0,    ,    0,    0,    0,    0, 
EP, 08, 2005082118, 03, GUNA,  48, 199N, 1159W,   0,  113,   ,   0,    ,    0,    0,    0,    0, 
EP, 08, 2005082118, 03, GUNA,  72, 208N, 1183W,   0,  162,   ,   0,    ,    0,    0,    0,    0, 
EP, 08, 2005082118, 03, GUNA,  96, 223N, 1204W,   0,  240,   ,   0,    ,    0,    0,    0,    0, 
EP, 08, 2005082118, 03, GUNA, 120, 236N, 1235W,   0,  333,   ,   0,    ,    0,    0,    0,    0, 
EP, 08, 2005082200, 03, CONU,  12, 187N, 1109W,   0,   35,   ,   0,    ,    0,    0,    0,    0, 
EP, 08, 2005082200, 03, CONU,  24, 195N, 1132W,   0,   65,   ,   0,    ,    0,    0,    0,    0, 
EP, 08, 2005082200, 03, CONU,  36, 200N, 1150W,   0,   87,   ,   0,    ,    0,    0,    0,    0, 
EP, 08, 2005082200, 03, CONU,  48, 204N, 1163W,   0,  113,   ,   0,    ,    0,    0,    0,    0, 
EP, 08, 2005082200, 03, CONU,  72, 213N, 1182W,   0,  154,   ,   0,    ,    0,    0,    0,    0, 
EP, 08, 2005082200, 03, CONU,  96, 225N, 1203W,   0,  205,   ,   0,    ,    0,    0,    0,    0, 
EP, 08, 2005082200, 03, CONU, 120, 232N, 1236W,   0,  366,   ,   0,    ,    0,    0,    0,    0, 
EP, 08, 2005082200, 03, GUNA,  12, 187N, 1109W,   0,   36,   ,   0,    ,    0,    0,    0,    0, 
EP, 08, 2005082200, 03, GUNA,  24, 196N, 1133W,   0,   61,   ,   0,    ,    0,    0,    0,    0, 
EP, 08, 2005082200, 03, GUNA,  36, 201N, 1151W,   0,   82,   ,   0,    ,    0,    0,    0,    0, 
EP, 08, 2005082200, 03, GUNA,  48, 206N, 1165W,   0,   99,   ,   0,    ,    0,    0,    0,    0, 
EP, 08, 2005082200, 03, GUNA,  72, 213N, 1187W,   0,  136,   ,   0,    ,    0,    0,    0,    0, 
EP, 08, 2005082200, 03, GUNA,  96, 226N, 1212W,   0,  215,   ,   0,    ,    0,    0,    0,    0, 
EP, 08, 2005082200, 03, GUNA, 120, 233N, 1249W,   0,  301,   ,   0,    ,    0,    0,    0,    0, 
EP, 08, 2005082206, 03, CONU,  12, 188N, 1127W,   0,   36,   ,   0,    ,    0,    0,    0,    0, 
EP, 08, 2005082206, 03, CONU,  24, 195N, 1149W,   0,   68,   ,   0,    ,    0,    0,    0,    0, 
EP, 08, 2005082206, 03, CONU,  36, 199N, 1166W,   0,   91,   ,   0,    ,    0,    0,    0,    0, 
EP, 08, 2005082206, 03, CONU,  48, 202N, 1178W,   0,  115,   ,   0,    ,    0,    0,    0,    0, 
EP, 08, 2005082206, 03, CONU,  72, 212N, 1200W,   0,  146,   ,   0,    ,    0,    0,    0,    0, 
EP, 08, 2005082206, 03, CONU,  96, 223N, 1232W,   0,  190,   ,   0,    ,    0,    0,    0,    0, 
EP, 08, 2005082206, 03, CONU, 120, 214N, 1279W,   0,  368,   ,   0,    ,    0,    0,    0,    0, 
EP, 08, 2005082206, 03, GUNA,  12, 188N, 1128W,   0,   35,   ,   0,    ,    0,    0,    0,    0, 
EP, 08, 2005082206, 03, GUNA,  24, 195N, 1152W,   0,   61,   ,   0,    ,    0,    0,    0,    0, 
EP, 08, 2005082206, 03, GUNA,  36, 199N, 1169W,   0,   84,   ,   0,    ,    0,    0,    0,    0, 
EP, 08, 2005082206, 03, GUNA,  48, 202N, 1181W,   0,  102,   ,   0,    ,    0,    0,    0,    0, 
EP, 08, 2005082206, 03, GUNA,  72, 209N, 1202W,   0,  130,   ,   0,    ,    0,    0,    0,    0, 
EP, 08, 2005082206, 03, GUNA,  96, 220N, 1234W,   0,  207,   ,   0,    ,    0,    0,    0,    0, 
EP, 08, 2005082206, 03, GUNA, 120, 209N, 1283W,   0,  320,   ,   0,    ,    0,    0,    0,    0, 
EP, 08, 2005082212, 03, CONU,  12, 190N, 1141W,   0,   37,   ,   0,    ,    0,    0,    0,    0, 
EP, 08, 2005082212, 03, CONU,  24, 196N, 1161W,   0,   66,   ,   0,    ,    0,    0,    0,    0, 
EP, 08, 2005082212, 03, CONU,  36, 199N, 1175W,   0,   88,   ,   0,    ,    0,    0,    0,    0, 
EP, 08, 2005082212, 03, CONU,  48, 202N, 1186W,   0,  112,   ,   0,    ,    0,    0,    0,    0, 
EP, 08, 2005082212, 03, CONU,  72, 213N, 1207W,   0,  145,   ,   0,    ,    0,    0,    0,    0, 
EP, 08, 2005082212, 03, CONU,  96, 224N, 1241W,   0,  215,   ,   0,    ,    0,    0,    0,    0, 
EP, 08, 2005082212, 03, CONU, 120, 220N, 1288W,   0,  406,   ,   0,    ,    0,    0,    0,    0, 
EP, 08, 2005082212, 03, GUNA,  12, 191N, 1141W,   0,   39,   ,   0,    ,    0,    0,    0,    0, 
EP, 08, 2005082212, 03, GUNA,  24, 196N, 1161W,   0,   63,   ,   0,    ,    0,    0,    0,    0, 
EP, 08, 2005082212, 03, GUNA,  36, 200N, 1175W,   0,   85,   ,   0,    ,    0,    0,    0,    0, 
EP, 08, 2005082212, 03, GUNA,  48, 203N, 1186W,   0,  102,   ,   0,    ,    0,    0,    0,    0, 
EP, 08, 2005082212, 03, GUNA,  72, 214N, 1209W,   0,  132,   ,   0,    ,    0,    0,    0,    0, 
EP, 08, 2005082212, 03, GUNA,  96, 225N, 1246W,   0,  235,   ,   0,    ,    0,    0,    0,    0, 
EP, 08, 2005082212, 03, GUNA, 120, 218N, 1298W,   0,  359,   ,   0,    ,    0,    0,    0,    0, 
EP, 08, 2005082218, 03, CONU,  12, 192N, 1144W,   0,   42,   ,   0,    ,    0,    0,    0,    0, 
EP, 08, 2005082218, 03, CONU,  24, 199N, 1162W,   0,   75,   ,   0,    ,    0,    0,    0,    0, 
EP, 08, 2005082218, 03, CONU,  36, 204N, 1176W,   0,  100,   ,   0,    ,    0,    0,    0,    0, 
EP, 08, 2005082218, 03, CONU,  48, 209N, 1187W,   0,  121,   ,   0,    ,    0,    0,    0,    0, 
EP, 08, 2005082218, 03, CONU,  72, 223N, 1214W,   0,  160,   ,   0,    ,    0,    0,    0,    0, 
EP, 08, 2005082218, 03, CONU,  96, 233N, 1253W,   0,  254,   ,   0,    ,    0,    0,    0,    0, 
EP, 08, 2005082218, 03, CONU, 120, 236N, 1296W,   0,  355,   ,   0,    ,    0,    0,    0,    0, 
EP, 08, 2005082218, 03, GUNA,  12, 193N, 1143W,   0,   41,   ,   0,    ,    0,    0,    0,    0, 
EP, 08, 2005082218, 03, GUNA,  24, 201N, 1160W,   0,   67,   ,   0,    ,    0,    0,    0,    0, 
EP, 08, 2005082218, 03, GUNA,  36, 207N, 1174W,   0,   92,   ,   0,    ,    0,    0,    0,    0, 
EP, 08, 2005082218, 03, GUNA,  48, 212N, 1186W,   0,  111,   ,   0,    ,    0,    0,    0,    0, 
EP, 08, 2005082218, 03, GUNA,  72, 227N, 1215W,   0,  149,   ,   0,    ,    0,    0,    0,    0, 
EP, 08, 2005082300, 03, CONU,  12, 196N, 1151W,   0,   38,   ,   0,    ,    0,    0,    0,    0, 
EP, 08, 2005082300, 03, CONU,  24, 204N, 1166W,   0,   66,   ,   0,    ,    0,    0,    0,    0, 
EP, 08, 2005082300, 03, CONU,  36, 211N, 1179W,   0,   91,   ,   0,    ,    0,    0,    0,    0, 
EP, 08, 2005082300, 03, CONU,  48, 218N, 1190W,   0,  117,   ,   0,    ,    0,    0,    0,    0, 
EP, 08, 2005082300, 03, CONU,  72, 234N, 1219W,   0,  153,   ,   0,    ,    0,    0,    0,    0, 
EP, 08, 2005082300, 03, CONU,  96, 247N, 1259W,   0,  238,   ,   0,    ,    0,    0,    0,    0, 
EP, 08, 2005082300, 03, CONU, 120, 252N, 1303W,   0,  367,   ,   0,    ,    0,    0,    0,    0, 
EP, 08, 2005082300, 03, GUNA,  12, 197N, 1151W,   0,   37,   ,   0,    ,    0,    0,    0,    0, 
EP, 08, 2005082300, 03, GUNA,  24, 206N, 1167W,   0,   62,   ,   0,    ,    0,    0,    0,    0, 
EP, 08, 2005082300, 03, GUNA,  36, 213N, 1180W,   0,   86,   ,   0,    ,    0,    0,    0,    0, 
EP, 08, 2005082300, 03, GUNA,  48, 220N, 1192W,   0,  109,   ,   0,    ,    0,    0,    0,    0, 
EP, 08, 2005082300, 03, GUNA,  72, 236N, 1223W,   0,  146,   ,   0,    ,    0,    0,    0,    0, 
EP, 08, 2005082306, 03, CONU,  12, 201N, 1157W,   0,   34,   ,   0,    ,    0,    0,    0,    0, 
EP, 08, 2005082306, 03, CONU,  24, 212N, 1171W,   0,   62,   ,   0,    ,    0,    0,    0,    0, 
EP, 08, 2005082306, 03, CONU,  36, 221N, 1185W,   0,   88,   ,   0,    ,    0,    0,    0,    0, 
EP, 08, 2005082306, 03, CONU,  48, 230N, 1199W,   0,  116,   ,   0,    ,    0,    0,    0,    0, 
EP, 08, 2005082306, 03, CONU,  72, 243N, 1232W,   0,  161,   ,   0,    ,    0,    0,    0,    0, 
EP, 08, 2005082306, 03, CONU,  96, 250N, 1275W,   0,  253,   ,   0,    ,    0,    0,    0,    0, 
EP, 08, 2005082306, 03, CONU, 120, 246N, 1317W,   0,  353,   ,   0,    ,    0,    0,    0,    0, 
EP, 08, 2005082306, 03, GUNA,  12, 202N, 1157W,   0,   33,   ,   0,    ,    0,    0,    0,    0, 
EP, 08, 2005082306, 03, GUNA,  24, 214N, 1171W,   0,   58,   ,   0,    ,    0,    0,    0,    0, 
EP, 08, 2005082306, 03, GUNA,  36, 225N, 1185W,   0,   79,   ,   0,    ,    0,    0,    0,    0, 
EP, 08, 2005082306, 03, GUNA,  48, 234N, 1200W,   0,  101,   ,   0,    ,    0,    0,    0,    0, 
EP, 08, 2005082306, 03, GUNA,  72, 248N, 1235W,   0,  149,   ,   0,    ,    0,    0,    0,    0, 
EP, 08, 2005082312, 03, CONU,  12, 206N, 1163W,   0,   38,   ,   0,    ,    0,    0,    0,    0, 
EP, 08, 2005082312, 03, CONU,  24, 215N, 1177W,   0,   65,   ,   0,    ,    0,    0,    0,    0, 
EP, 08, 2005082312, 03, CONU,  36, 224N, 1193W,   0,   92,   ,   0,    ,    0,    0,    0,    0, 
EP, 08, 2005082312, 03, CONU,  48, 232N, 1208W,   0,  119,   ,   0,    ,    0,    0,    0,    0, 
EP, 08, 2005082312, 03, CONU,  72, 243N, 1243W,   0,  172,   ,   0,    ,    0,    0,    0,    0, 
EP, 08, 2005082312, 03, CONU,  96, 247N, 1289W,   0,  265,   ,   0,    ,    0,    0,    0,    0, 
EP, 08, 2005082312, 03, CONU, 120, 249N, 1329W,   0,  379,   ,   0,    ,    0,    0,    0,    0, 
EP, 08, 2005082312, 03, GUNA,  12, 207N, 1163W,   0,   38,   ,   0,    ,    0,    0,    0,    0, 
EP, 08, 2005082312, 03, GUNA,  24, 217N, 1177W,   0,   64,   ,   0,    ,    0,    0,    0,    0, 
EP, 08, 2005082312, 03, GUNA,  36, 227N, 1193W,   0,   88,   ,   0,    ,    0,    0,    0,    0, 
EP, 08, 2005082312, 03, GUNA,  48, 235N, 1209W,   0,  115,   ,   0,    ,    0,    0,    0,    0, 
EP, 08, 2005082312, 03, GUNA,  72, 247N, 1243W,   0,  177,   ,   0,    ,    0,    0,    0,    0, 
EP, 08, 2005082318, 03, CONU,  12, 210N, 1171W,   0,   38,   ,   0,    ,    0,    0,    0,    0, 
EP, 08, 2005082318, 03, CONU,  24, 219N, 1183W,   0,   66,   ,   0,    ,    0,    0,    0,    0, 
EP, 08, 2005082318, 03, CONU,  36, 228N, 1198W,   0,   94,   ,   0,    ,    0,    0,    0,    0, 
EP, 08, 2005082318, 03, CONU,  48, 235N, 1214W,   0,  122,   ,   0,    ,    0,    0,    0,    0, 
EP, 08, 2005082318, 03, CONU,  72, 245N, 1262W,   0,  189,   ,   0,    ,    0,    0,    0,    0, 
EP, 08, 2005082318, 03, CONU,  96, 249N, 1304W,   0,  265,   ,   0,    ,    0,    0,    0,    0, 
EP, 08, 2005082318, 03, CONU, 120, 258N, 1339W,   0,  380,   ,   0,    ,    0,    0,    0,    0, 
EP, 08, 2005082318, 03, GUNA,  12, 210N, 1170W,   0,   37,   ,   0,    ,    0,    0,    0,    0, 
EP, 08, 2005082318, 03, GUNA,  24, 220N, 1182W,   0,   64,   ,   0,    ,    0,    0,    0,    0, 
EP, 08, 2005082318, 03, GUNA,  36, 230N, 1196W,   0,   91,   ,   0,    ,    0,    0,    0,    0, 
EP, 08, 2005082318, 03, GUNA,  48, 238N, 1212W,   0,  120,   ,   0,    ,    0,    0,    0,    0, 
EP, 08, 2005082400, 03, CONU,  12, 212N, 1174W,   0,   39,   ,   0,    ,    0,    0,    0,    0, 
EP, 08, 2005082400, 03, CONU,  24, 221N, 1186W,   0,   67,   ,   0,    ,    0,    0,    0,    0, 
EP, 08, 2005082400, 03, CONU,  36, 229N, 1200W,   0,   95,   ,   0,    ,    0,    0,    0,    0, 
EP, 08, 2005082400, 03, CONU,  48, 236N, 1217W,   0,  123,   ,   0,    ,    0,    0,    0,    0, 
EP, 08, 2005082400, 03, CONU,  72, 240N, 1265W,   0,  193,   ,   0,    ,    0,    0,    0,    0, 
EP, 08, 2005082400, 03, CONU,  96, 249N, 1308W,   0,  313,   ,   0,    ,    0,    0,    0,    0, 
EP, 08, 2005082400, 03, CONU, 120, 244N, 1357W,   0,  431,   ,   0,    ,    0,    0,    0,    0, 
EP, 08, 2005082400, 03, GUNA,  12, 213N, 1174W,   0,   39,   ,   0,    ,    0,    0,    0,    0, 
EP, 08, 2005082400, 03, GUNA,  24, 223N, 1186W,   0,   67,   ,   0,    ,    0,    0,    0,    0, 
EP, 08, 2005082400, 03, GUNA,  36, 231N, 1200W,   0,   94,   ,   0,    ,    0,    0,    0,    0, 
EP, 08, 2005082400, 03, GUNA,  48, 239N, 1217W,   0,  124,   ,   0,    ,    0,    0,    0,    0, 
EP, 08, 2005082406, 03, CONU,  12, 218N, 1184W,   0,   40,   ,   0,    ,    0,    0,    0,    0, 
EP, 08, 2005082406, 03, CONU,  24, 227N, 1199W,   0,   69,   ,   0,    ,    0,    0,    0,    0, 
EP, 08, 2005082406, 03, CONU,  36, 235N, 1216W,   0,   98,   ,   0,    ,    0,    0,    0,    0, 
EP, 08, 2005082406, 03, CONU,  48, 242N, 1237W,   0,  123,   ,   0,    ,    0,    0,    0,    0, 
EP, 08, 2005082406, 03, CONU,  72, 242N, 1288W,   0,  183,   ,   0,    ,    0,    0,    0,    0, 
EP, 08, 2005082406, 03, CONU,  96, 244N, 1330W,   0,  365,   ,   0,    ,    0,    0,    0,    0, 
EP, 08, 2005082406, 03, GUNA,  12, 219N, 1183W,   0,   40,   ,   0,    ,    0,    0,    0,    0, 
EP, 08, 2005082406, 03, GUNA,  24, 229N, 1198W,   0,   68,   ,   0,    ,    0,    0,    0,    0, 
EP, 08, 2005082406, 03, GUNA,  36, 238N, 1214W,   0,   95,   ,   0,    ,    0,    0,    0,    0, 
EP, 08, 2005082406, 03, GUNA,  48, 245N, 1236W,   0,  120,   ,   0,    ,    0,    0,    0,    0, 
EP, 08, 2005082406, 03, GUNA,  72, 244N, 1286W,   0,  198,   ,   0,    ,    0,    0,    0,    0, 
EP, 08, 2005082412, 03, CONU,  12, 224N, 1193W,   0,   39,   ,   0,    ,    0,    0,    0,    0, 
EP, 08, 2005082412, 03, CONU,  24, 233N, 1210W,   0,   69,   ,   0,    ,    0,    0,    0,    0, 
EP, 08, 2005082412, 03, CONU,  36, 241N, 1230W,   0,  100,   ,   0,    ,    0,    0,    0,    0, 
EP, 08, 2005082412, 03, CONU,  48, 247N, 1254W,   0,  126,   ,   0,    ,    0,    0,    0,    0, 
EP, 08, 2005082412, 03, CONU,  72, 249N, 1302W,   0,  215,   ,   0,    ,    0,    0,    0,    0, 
EP, 08, 2005082412, 03, GUNA,  12, 225N, 1192W,   0,   40,   ,   0,    ,    0,    0,    0,    0, 
EP, 08, 2005082412, 03, GUNA,  24, 235N, 1208W,   0,   68,   ,   0,    ,    0,    0,    0,    0, 
EP, 08, 2005082412, 03, GUNA,  36, 244N, 1228W,   0,   96,   ,   0,    ,    0,    0,    0,    0, 
EP, 08, 2005082412, 03, GUNA,  48, 251N, 1252W,   0,  126,   ,   0,    ,    0,    0,    0,    0, 
EP, 08, 2005082418, 03, CONU,  12, 229N, 1192W,   0,   44,   ,   0,    ,    0,    0,    0,    0, 
EP, 08, 2005082418, 03, CONU,  24, 237N, 1209W,   0,   75,   ,   0,    ,    0,    0,    0,    0, 
EP, 08, 2005082418, 03, CONU,  36, 244N, 1229W,   0,  107,   ,   0,    ,    0,    0,    0,    0, 
EP, 08, 2005082418, 03, CONU,  48, 250N, 1254W,   0,  128,   ,   0,    ,    0,    0,    0,    0, 
EP, 08, 2005082418, 03, CONU,  72, 255N, 1297W,   0,  197,   ,   0,    ,    0,    0,    0,    0, 
EP, 08, 2005082418, 03, GUNA,  12, 229N, 1191W,   0,   44,   ,   0,    ,    0,    0,    0,    0, 
EP, 08, 2005082418, 03, GUNA,  24, 238N, 1207W,   0,   76,   ,   0,    ,    0,    0,    0,    0, 
EP, 08, 2005082418, 03, GUNA,  36, 247N, 1227W,   0,  110,   ,   0,    ,    0,    0,    0,    0, 
EP, 08, 2005082418, 03, GUNA,  48, 254N, 1251W,   0,  133,   ,   0,    ,    0,    0,    0,    0, 
EP, 08, 2005082418, 03, GUNA,  72, 255N, 1297W,   0,  187,   ,   0,    ,    0,    0,    0,    0, 
EP, 08, 2005082500, 03, CONU,  12, 236N, 1199W,   0,   42,   ,   0,    ,    0,    0,    0,    0, 
EP, 08, 2005082500, 03, CONU,  24, 244N, 1216W,   0,   68,   ,   0,    ,    0,    0,    0,    0, 
EP, 08, 2005082500, 03, CONU,  36, 250N, 1236W,   0,  101,   ,   0,    ,    0,    0,    0,    0, 
EP, 08, 2005082500, 03, CONU,  48, 252N, 1257W,   0,  129,   ,   0,    ,    0,    0,    0,    0, 
EP, 08, 2005082500, 03, CONU,  72, 257N, 1325W,   0,  234,   ,   0,    ,    0,    0,    0,    0, 
EP, 08, 2005082500, 03, GUNA,  12, 236N, 1199W,   0,   43,   ,   0,    ,    0,    0,    0,    0, 
EP, 08, 2005082500, 03, GUNA,  24, 246N, 1217W,   0,   72,   ,   0,    ,    0,    0,    0,    0, 
EP, 08, 2005082500, 03, GUNA,  36, 254N, 1238W,   0,  105,   ,   0,    ,    0,    0,    0,    0, 
EP, 08, 2005082500, 03, GUNA,  48, 256N, 1260W,   0,  137,   ,   0,    ,    0,    0,    0,    0, 
EP, 08, 2005082506, 03, CONU,  12, 241N, 1206W,   0,   42,   ,   0,    ,    0,    0,    0,    0, 
EP, 08, 2005082506, 03, CONU,  24, 248N, 1225W,   0,   65,   ,   0,    ,    0,    0,    0,    0, 
EP, 08, 2005082506, 03, CONU,  36, 254N, 1248W,   0,   96,   ,   0,    ,    0,    0,    0,    0, 
EP, 08, 2005082506, 03, CONU,  48, 263N, 1276W,   0,  138,   ,   0,    ,    0,    0,    0,    0, 
EP, 08, 2005082506, 03, GUNA,  12, 242N, 1206W,   0,   43,   ,   0,    ,    0,    0,    0,    0, 
EP, 08, 2005082506, 03, GUNA,  24, 250N, 1225W,   0,   73,   ,   0,    ,    0,    0,    0,    0, 
EP, 08, 2005082506, 03, GUNA,  36, 257N, 1248W,   0,  102,   ,   0,    ,    0,    0,    0,    0, 
EP, 08, 2005082506, 03, GUNA,  48, 263N, 1276W,   0,  134,   ,   0,    ,    0,    0,    0,    0, 
EP, 08, 2005082512, 03, CONU,  12, 244N, 1219W,   0,   42,   ,   0,    ,    0,    0,    0,    0, 
EP, 08, 2005082512, 03, CONU,  24, 250N, 1241W,   0,   65,   ,   0,    ,    0,    0,    0,    0, 
EP, 08, 2005082512, 03, CONU,  36, 254N, 1265W,   0,   94,   ,   0,    ,    0,    0,    0,    0, 
EP, 08, 2005082512, 03, CONU,  48, 257N, 1289W,   0,  124,   ,   0,    ,    0,    0,    0,    0, 
EP, 08, 2005082512, 03, GUNA,  12, 245N, 1218W,   0,   43,   ,   0,    ,    0,    0,    0,    0, 
EP, 08, 2005082512, 03, GUNA,  24, 251N, 1240W,   0,   74,   ,   0,    ,    0,    0,    0,    0, 
EP, 08, 2005082512, 03, GUNA,  36, 257N, 1265W,   0,  105,   ,   0,    ,    0,    0,    0,    0, 
EP, 08, 2005082512, 03, GUNA,  48, 260N, 1288W,   0,  139,   ,   0,    ,    0,    0,    0,    0, 
EP, 08, 2005082518, 03, CONU,  12, 249N, 1226W,   0,   47,   ,   0,    ,    0,    0,    0,    0, 
EP, 08, 2005082518, 03, CONU,  24, 252N, 1248W,   0,   72,   ,   0,    ,    0,    0,    0,    0, 
EP, 08, 2005082518, 03, CONU,  36, 251N, 1274W,   0,  101,   ,   0,    ,    0,    0,    0,    0, 
EP, 08, 2005082518, 03, CONU,  48, 253N, 1299W,   0,  148,   ,   0,    ,    0,    0,    0,    0, 
