EP, 11, 2005091500, 03, CONU,  12, 129N, 1198W,   0,   61,   ,   0,    ,    0,    0,    0,    0, 
EP, 11, 2005091500, 03, CONU,  24, 134N, 1208W,   0,   95,   ,   0,    ,    0,    0,    0,    0, 
EP, 11, 2005091500, 03, CONU,  36, 139N, 1218W,   0,  120,   ,   0,    ,    0,    0,    0,    0, 
EP, 11, 2005091500, 03, CONU,  48, 146N, 1230W,   0,  155,   ,   0,    ,    0,    0,    0,    0, 
EP, 11, 2005091500, 03, CONU,  72, 163N, 1263W,   0,  186,   ,   0,    ,    0,    0,    0,    0, 
EP, 11, 2005091500, 03, CONU,  96, 173N, 1297W,   0,  256,   ,   0,    ,    0,    0,    0,    0, 
EP, 11, 2005091500, 03, CONU, 120, 173N, 1330W,   0,  352,   ,   0,    ,    0,    0,    0,    0, 
EP, 11, 2005091506, 03, CONU,  12, 132N, 1203W,   0,   48,   ,   0,    ,    0,    0,    0,    0, 
EP, 11, 2005091506, 03, CONU,  24, 134N, 1212W,   0,   79,   ,   0,    ,    0,    0,    0,    0, 
EP, 11, 2005091506, 03, CONU,  36, 137N, 1219W,   0,  111,   ,   0,    ,    0,    0,    0,    0, 
EP, 11, 2005091506, 03, CONU,  48, 141N, 1228W,   0,  132,   ,   0,    ,    0,    0,    0,    0, 
EP, 11, 2005091506, 03, CONU,  72, 149N, 1248W,   0,  187,   ,   0,    ,    0,    0,    0,    0, 
EP, 11, 2005091506, 03, CONU,  96, 155N, 1269W,   0,  223,   ,   0,    ,    0,    0,    0,    0, 
EP, 11, 2005091506, 03, CONU, 120, 157N, 1285W,   0,  338,   ,   0,    ,    0,    0,    0,    0, 
EP, 11, 2005091506, 03, GUNA,  12, 133N, 1205W,   0,   46,   ,   0,    ,    0,    0,    0,    0, 
EP, 11, 2005091506, 03, GUNA,  24, 135N, 1216W,   0,   79,   ,   0,    ,    0,    0,    0,    0, 
EP, 11, 2005091506, 03, GUNA,  36, 138N, 1226W,   0,  110,   ,   0,    ,    0,    0,    0,    0, 
EP, 11, 2005091506, 03, GUNA,  48, 142N, 1237W,   0,  134,   ,   0,    ,    0,    0,    0,    0, 
EP, 11, 2005091506, 03, GUNA,  72, 148N, 1261W,   0,  181,   ,   0,    ,    0,    0,    0,    0, 
EP, 11, 2005091506, 03, GUNA,  96, 152N, 1279W,   0,  213,   ,   0,    ,    0,    0,    0,    0, 
EP, 11, 2005091506, 03, GUNA, 120, 151N, 1290W,   0,  256,   ,   0,    ,    0,    0,    0,    0, 
EP, 11, 2005091512, 03, CONU,  12, 131N, 1211W,   0,   46,   ,   0,    ,    0,    0,    0,    0, 
EP, 11, 2005091512, 03, CONU,  24, 131N, 1219W,   0,   77,   ,   0,    ,    0,    0,    0,    0, 
EP, 11, 2005091512, 03, CONU,  36, 133N, 1227W,   0,  107,   ,   0,    ,    0,    0,    0,    0, 
EP, 11, 2005091512, 03, CONU,  48, 135N, 1236W,   0,  128,   ,   0,    ,    0,    0,    0,    0, 
EP, 11, 2005091512, 03, CONU,  72, 140N, 1251W,   0,  190,   ,   0,    ,    0,    0,    0,    0, 
EP, 11, 2005091512, 03, CONU,  96, 143N, 1266W,   0,  233,   ,   0,    ,    0,    0,    0,    0, 
EP, 11, 2005091512, 03, CONU, 120, 145N, 1272W,   0,  355,   ,   0,    ,    0,    0,    0,    0, 
EP, 11, 2005091512, 03, GUNA,  12, 131N, 1213W,   0,   43,   ,   0,    ,    0,    0,    0,    0, 
EP, 11, 2005091512, 03, GUNA,  24, 132N, 1224W,   0,   74,   ,   0,    ,    0,    0,    0,    0, 
EP, 11, 2005091512, 03, GUNA,  36, 134N, 1234W,   0,  103,   ,   0,    ,    0,    0,    0,    0, 
EP, 11, 2005091512, 03, GUNA,  48, 135N, 1245W,   0,  130,   ,   0,    ,    0,    0,    0,    0, 
EP, 11, 2005091512, 03, GUNA,  72, 140N, 1263W,   0,  184,   ,   0,    ,    0,    0,    0,    0, 
EP, 11, 2005091512, 03, GUNA,  96, 139N, 1278W,   0,  216,   ,   0,    ,    0,    0,    0,    0, 
EP, 11, 2005091512, 03, GUNA, 120, 140N, 1281W,   0,  269,   ,   0,    ,    0,    0,    0,    0, 
EP, 11, 2005091518, 03, CONU,  12, 130N, 1214W,   0,   37,   ,   0,    ,    0,    0,    0,    0, 
EP, 11, 2005091518, 03, CONU,  24, 133N, 1224W,   0,   60,   ,   0,    ,    0,    0,    0,    0, 
EP, 11, 2005091518, 03, CONU,  36, 137N, 1236W,   0,   83,   ,   0,    ,    0,    0,    0,    0, 
EP, 11, 2005091518, 03, CONU,  48, 140N, 1248W,   0,  111,   ,   0,    ,    0,    0,    0,    0, 
EP, 11, 2005091518, 03, CONU,  72, 141N, 1268W,   0,  151,   ,   0,    ,    0,    0,    0,    0, 
EP, 11, 2005091518, 03, CONU,  96, 139N, 1282W,   0,  183,   ,   0,    ,    0,    0,    0,    0, 
EP, 11, 2005091518, 03, CONU, 120, 145N, 1289W,   0,  285,   ,   0,    ,    0,    0,    0,    0, 
EP, 11, 2005091518, 03, GUNA,  12, 130N, 1214W,   0,   39,   ,   0,    ,    0,    0,    0,    0, 
EP, 11, 2005091518, 03, GUNA,  24, 133N, 1225W,   0,   66,   ,   0,    ,    0,    0,    0,    0, 
EP, 11, 2005091518, 03, GUNA,  36, 137N, 1238W,   0,   85,   ,   0,    ,    0,    0,    0,    0, 
EP, 11, 2005091518, 03, GUNA,  48, 139N, 1251W,   0,  109,   ,   0,    ,    0,    0,    0,    0, 
EP, 11, 2005091518, 03, GUNA,  72, 141N, 1272W,   0,  154,   ,   0,    ,    0,    0,    0,    0, 
EP, 11, 2005091518, 03, GUNA,  96, 138N, 1287W,   0,  175,   ,   0,    ,    0,    0,    0,    0, 
EP, 11, 2005091518, 03, GUNA, 120, 143N, 1293W,   0,  200,   ,   0,    ,    0,    0,    0,    0, 
EP, 11, 2005091600, 03, CONU,  12, 133N, 1221W,   0,   39,   ,   0,    ,    0,    0,    0,    0, 
EP, 11, 2005091600, 03, CONU,  24, 138N, 1231W,   0,   64,   ,   0,    ,    0,    0,    0,    0, 
EP, 11, 2005091600, 03, CONU,  36, 142N, 1242W,   0,   87,   ,   0,    ,    0,    0,    0,    0, 
EP, 11, 2005091600, 03, CONU,  48, 146N, 1252W,   0,  113,   ,   0,    ,    0,    0,    0,    0, 
EP, 11, 2005091600, 03, CONU,  72, 151N, 1274W,   0,  142,   ,   0,    ,    0,    0,    0,    0, 
EP, 11, 2005091600, 03, CONU,  96, 150N, 1290W,   0,  175,   ,   0,    ,    0,    0,    0,    0, 
EP, 11, 2005091600, 03, CONU, 120, 158N, 1295W,   0,  295,   ,   0,    ,    0,    0,    0,    0, 
EP, 11, 2005091600, 03, GUNA,  12, 134N, 1222W,   0,   40,   ,   0,    ,    0,    0,    0,    0, 
EP, 11, 2005091600, 03, GUNA,  24, 139N, 1233W,   0,   65,   ,   0,    ,    0,    0,    0,    0, 
EP, 11, 2005091600, 03, GUNA,  36, 142N, 1244W,   0,   88,   ,   0,    ,    0,    0,    0,    0, 
EP, 11, 2005091600, 03, GUNA,  48, 147N, 1254W,   0,  110,   ,   0,    ,    0,    0,    0,    0, 
EP, 11, 2005091600, 03, GUNA,  72, 151N, 1276W,   0,  142,   ,   0,    ,    0,    0,    0,    0, 
EP, 11, 2005091600, 03, GUNA,  96, 149N, 1293W,   0,  173,   ,   0,    ,    0,    0,    0,    0, 
EP, 11, 2005091600, 03, GUNA, 120, 155N, 1299W,   0,  222,   ,   0,    ,    0,    0,    0,    0, 
EP, 11, 2005091606, 03, CONU,  12, 132N, 1233W,   0,   35,   ,   0,    ,    0,    0,    0,    0, 
EP, 11, 2005091606, 03, CONU,  24, 137N, 1244W,   0,   60,   ,   0,    ,    0,    0,    0,    0, 
EP, 11, 2005091606, 03, CONU,  36, 141N, 1256W,   0,   85,   ,   0,    ,    0,    0,    0,    0, 
EP, 11, 2005091606, 03, CONU,  48, 146N, 1266W,   0,  112,   ,   0,    ,    0,    0,    0,    0, 
EP, 11, 2005091606, 03, CONU,  72, 153N, 1287W,   0,  141,   ,   0,    ,    0,    0,    0,    0, 
EP, 11, 2005091606, 03, CONU,  96, 154N, 1309W,   0,  182,   ,   0,    ,    0,    0,    0,    0, 
EP, 11, 2005091606, 03, CONU, 120, 158N, 1323W,   0,  290,   ,   0,    ,    0,    0,    0,    0, 
EP, 11, 2005091606, 03, GUNA,  12, 132N, 1233W,   0,   37,   ,   0,    ,    0,    0,    0,    0, 
EP, 11, 2005091606, 03, GUNA,  24, 136N, 1245W,   0,   61,   ,   0,    ,    0,    0,    0,    0, 
EP, 11, 2005091606, 03, GUNA,  36, 140N, 1257W,   0,   82,   ,   0,    ,    0,    0,    0,    0, 
EP, 11, 2005091606, 03, GUNA,  48, 144N, 1267W,   0,  103,   ,   0,    ,    0,    0,    0,    0, 
EP, 11, 2005091606, 03, GUNA,  72, 152N, 1288W,   0,  138,   ,   0,    ,    0,    0,    0,    0, 
EP, 11, 2005091606, 03, GUNA,  96, 153N, 1311W,   0,  188,   ,   0,    ,    0,    0,    0,    0, 
EP, 11, 2005091606, 03, GUNA, 120, 155N, 1325W,   0,  209,   ,   0,    ,    0,    0,    0,    0, 
EP, 11, 2005091612, 03, CONU,  12, 134N, 1243W,   0,   35,   ,   0,    ,    0,    0,    0,    0, 
EP, 11, 2005091612, 03, CONU,  24, 139N, 1255W,   0,   58,   ,   0,    ,    0,    0,    0,    0, 
EP, 11, 2005091612, 03, CONU,  36, 144N, 1267W,   0,   80,   ,   0,    ,    0,    0,    0,    0, 
EP, 11, 2005091612, 03, CONU,  48, 148N, 1277W,   0,  110,   ,   0,    ,    0,    0,    0,    0, 
EP, 11, 2005091612, 03, CONU,  72, 152N, 1295W,   0,  152,   ,   0,    ,    0,    0,    0,    0, 
EP, 11, 2005091612, 03, CONU,  96, 153N, 1309W,   0,  189,   ,   0,    ,    0,    0,    0,    0, 
EP, 11, 2005091612, 03, CONU, 120, 158N, 1320W,   0,  295,   ,   0,    ,    0,    0,    0,    0, 
EP, 11, 2005091612, 03, GUNA,  12, 135N, 1243W,   0,   35,   ,   0,    ,    0,    0,    0,    0, 
EP, 11, 2005091612, 03, GUNA,  24, 140N, 1255W,   0,   58,   ,   0,    ,    0,    0,    0,    0, 
EP, 11, 2005091612, 03, GUNA,  36, 144N, 1267W,   0,   79,   ,   0,    ,    0,    0,    0,    0, 
EP, 11, 2005091612, 03, GUNA,  48, 147N, 1278W,   0,  102,   ,   0,    ,    0,    0,    0,    0, 
EP, 11, 2005091612, 03, GUNA,  72, 149N, 1296W,   0,  146,   ,   0,    ,    0,    0,    0,    0, 
EP, 11, 2005091612, 03, GUNA,  96, 149N, 1313W,   0,  181,   ,   0,    ,    0,    0,    0,    0, 
EP, 11, 2005091612, 03, GUNA, 120, 154N, 1325W,   0,  211,   ,   0,    ,    0,    0,    0,    0, 
EP, 11, 2005091618, 03, CONU,  12, 134N, 1254W,   0,   34,   ,   0,    ,    0,    0,    0,    0, 
EP, 11, 2005091618, 03, CONU,  24, 139N, 1267W,   0,   59,   ,   0,    ,    0,    0,    0,    0, 
EP, 11, 2005091618, 03, CONU,  36, 145N, 1279W,   0,   83,   ,   0,    ,    0,    0,    0,    0, 
EP, 11, 2005091618, 03, CONU,  48, 149N, 1290W,   0,  111,   ,   0,    ,    0,    0,    0,    0, 
EP, 11, 2005091618, 03, CONU,  72, 153N, 1310W,   0,  147,   ,   0,    ,    0,    0,    0,    0, 
EP, 11, 2005091618, 03, CONU,  96, 156N, 1329W,   0,  192,   ,   0,    ,    0,    0,    0,    0, 
EP, 11, 2005091618, 03, CONU, 120, 165N, 1344W,   0,  311,   ,   0,    ,    0,    0,    0,    0, 
EP, 11, 2005091618, 03, GUNA,  12, 134N, 1254W,   0,   35,   ,   0,    ,    0,    0,    0,    0, 
EP, 11, 2005091618, 03, GUNA,  24, 139N, 1267W,   0,   60,   ,   0,    ,    0,    0,    0,    0, 
EP, 11, 2005091618, 03, GUNA,  36, 144N, 1279W,   0,   83,   ,   0,    ,    0,    0,    0,    0, 
EP, 11, 2005091618, 03, GUNA,  48, 148N, 1290W,   0,  104,   ,   0,    ,    0,    0,    0,    0, 
EP, 11, 2005091618, 03, GUNA,  72, 151N, 1312W,   0,  142,   ,   0,    ,    0,    0,    0,    0, 
EP, 11, 2005091618, 03, GUNA,  96, 154N, 1332W,   0,  195,   ,   0,    ,    0,    0,    0,    0, 
EP, 11, 2005091618, 03, GUNA, 120, 164N, 1348W,   0,  247,   ,   0,    ,    0,    0,    0,    0, 
EP, 11, 2005091700, 03, CONU,  12, 136N, 1260W,   0,   33,   ,   0,    ,    0,    0,    0,    0, 
EP, 11, 2005091700, 03, CONU,  24, 140N, 1272W,   0,   62,   ,   0,    ,    0,    0,    0,    0, 
EP, 11, 2005091700, 03, CONU,  36, 145N, 1282W,   0,   87,   ,   0,    ,    0,    0,    0,    0, 
EP, 11, 2005091700, 03, CONU,  48, 149N, 1289W,   0,  115,   ,   0,    ,    0,    0,    0,    0, 
EP, 11, 2005091700, 03, CONU,  72, 154N, 1307W,   0,  148,   ,   0,    ,    0,    0,    0,    0, 
EP, 11, 2005091700, 03, CONU,  96, 157N, 1321W,   0,  184,   ,   0,    ,    0,    0,    0,    0, 
EP, 11, 2005091700, 03, CONU, 120, 168N, 1333W,   0,  315,   ,   0,    ,    0,    0,    0,    0, 
EP, 11, 2005091700, 03, GUNA,  12, 135N, 1260W,   0,   34,   ,   0,    ,    0,    0,    0,    0, 
EP, 11, 2005091700, 03, GUNA,  24, 140N, 1272W,   0,   60,   ,   0,    ,    0,    0,    0,    0, 
EP, 11, 2005091700, 03, GUNA,  36, 144N, 1281W,   0,   85,   ,   0,    ,    0,    0,    0,    0, 
EP, 11, 2005091700, 03, GUNA,  48, 147N, 1288W,   0,  109,   ,   0,    ,    0,    0,    0,    0, 
EP, 11, 2005091700, 03, GUNA,  72, 154N, 1306W,   0,  145,   ,   0,    ,    0,    0,    0,    0, 
EP, 11, 2005091700, 03, GUNA,  96, 158N, 1319W,   0,  185,   ,   0,    ,    0,    0,    0,    0, 
EP, 11, 2005091700, 03, GUNA, 120, 170N, 1330W,   0,  232,   ,   0,    ,    0,    0,    0,    0, 
EP, 11, 2005091706, 03, CONU,  12, 139N, 1268W,   0,   32,   ,   0,    ,    0,    0,    0,    0, 
EP, 11, 2005091706, 03, CONU,  24, 144N, 1278W,   0,   63,   ,   0,    ,    0,    0,    0,    0, 
EP, 11, 2005091706, 03, CONU,  36, 148N, 1285W,   0,   88,   ,   0,    ,    0,    0,    0,    0, 
EP, 11, 2005091706, 03, CONU,  48, 152N, 1292W,   0,  112,   ,   0,    ,    0,    0,    0,    0, 
EP, 11, 2005091706, 03, CONU,  72, 158N, 1308W,   0,  139,   ,   0,    ,    0,    0,    0,    0, 
EP, 11, 2005091706, 03, CONU,  96, 165N, 1322W,   0,  177,   ,   0,    ,    0,    0,    0,    0, 
EP, 11, 2005091706, 03, CONU, 120, 176N, 1333W,   0,  301,   ,   0,    ,    0,    0,    0,    0, 
EP, 11, 2005091706, 03, GUNA,  12, 139N, 1268W,   0,   33,   ,   0,    ,    0,    0,    0,    0, 
EP, 11, 2005091706, 03, GUNA,  24, 144N, 1278W,   0,   60,   ,   0,    ,    0,    0,    0,    0, 
EP, 11, 2005091706, 03, GUNA,  36, 148N, 1285W,   0,   85,   ,   0,    ,    0,    0,    0,    0, 
EP, 11, 2005091706, 03, GUNA,  48, 152N, 1292W,   0,  103,   ,   0,    ,    0,    0,    0,    0, 
EP, 11, 2005091706, 03, GUNA,  72, 160N, 1309W,   0,  128,   ,   0,    ,    0,    0,    0,    0, 
EP, 11, 2005091706, 03, GUNA,  96, 168N, 1322W,   0,  171,   ,   0,    ,    0,    0,    0,    0, 
EP, 11, 2005091706, 03, GUNA, 120, 178N, 1332W,   0,  230,   ,   0,    ,    0,    0,    0,    0, 
EP, 11, 2005091712, 03, CONU,  12, 142N, 1275W,   0,   30,   ,   0,    ,    0,    0,    0,    0, 
EP, 11, 2005091712, 03, CONU,  24, 147N, 1284W,   0,   66,   ,   0,    ,    0,    0,    0,    0, 
EP, 11, 2005091712, 03, CONU,  36, 151N, 1291W,   0,   94,   ,   0,    ,    0,    0,    0,    0, 
EP, 11, 2005091712, 03, CONU,  48, 155N, 1298W,   0,  117,   ,   0,    ,    0,    0,    0,    0, 
EP, 11, 2005091712, 03, CONU,  72, 163N, 1313W,   0,  148,   ,   0,    ,    0,    0,    0,    0, 
EP, 11, 2005091712, 03, CONU,  96, 171N, 1328W,   0,  180,   ,   0,    ,    0,    0,    0,    0, 
EP, 11, 2005091712, 03, CONU, 120, 184N, 1341W,   0,  294,   ,   0,    ,    0,    0,    0,    0, 
EP, 11, 2005091712, 03, GUNA,  12, 142N, 1276W,   0,   31,   ,   0,    ,    0,    0,    0,    0, 
EP, 11, 2005091712, 03, GUNA,  24, 147N, 1285W,   0,   56,   ,   0,    ,    0,    0,    0,    0, 
EP, 11, 2005091712, 03, GUNA,  36, 151N, 1293W,   0,   82,   ,   0,    ,    0,    0,    0,    0, 
EP, 11, 2005091712, 03, GUNA,  48, 155N, 1300W,   0,   99,   ,   0,    ,    0,    0,    0,    0, 
EP, 11, 2005091712, 03, GUNA,  72, 164N, 1317W,   0,  122,   ,   0,    ,    0,    0,    0,    0, 
EP, 11, 2005091712, 03, GUNA,  96, 174N, 1331W,   0,  170,   ,   0,    ,    0,    0,    0,    0, 
EP, 11, 2005091712, 03, GUNA, 120, 187N, 1345W,   0,  202,   ,   0,    ,    0,    0,    0,    0, 
EP, 11, 2005091718, 03, CONU,  12, 145N, 1284W,   0,   34,   ,   0,    ,    0,    0,    0,    0, 
EP, 11, 2005091718, 03, CONU,  24, 150N, 1292W,   0,   73,   ,   0,    ,    0,    0,    0,    0, 
EP, 11, 2005091718, 03, CONU,  36, 155N, 1299W,   0,  103,   ,   0,    ,    0,    0,    0,    0, 
EP, 11, 2005091718, 03, CONU,  48, 160N, 1307W,   0,  124,   ,   0,    ,    0,    0,    0,    0, 
EP, 11, 2005091718, 03, CONU,  72, 164N, 1332W,   0,  201,   ,   0,    ,    0,    0,    0,    0, 
EP, 11, 2005091718, 03, CONU,  96, 173N, 1326W,   0,  216,   ,   0,    ,    0,    0,    0,    0, 
EP, 11, 2005091718, 03, CONU, 120, 185N, 1338W,   0,  313,   ,   0,    ,    0,    0,    0,    0, 
EP, 11, 2005091718, 03, GUNA,  12, 145N, 1285W,   0,   34,   ,   0,    ,    0,    0,    0,    0, 
EP, 11, 2005091718, 03, GUNA,  24, 150N, 1294W,   0,   64,   ,   0,    ,    0,    0,    0,    0, 
EP, 11, 2005091718, 03, GUNA,  36, 155N, 1302W,   0,   96,   ,   0,    ,    0,    0,    0,    0, 
EP, 11, 2005091718, 03, GUNA,  48, 161N, 1309W,   0,  116,   ,   0,    ,    0,    0,    0,    0, 
EP, 11, 2005091718, 03, GUNA,  72, 165N, 1338W,   0,  203,   ,   0,    ,    0,    0,    0,    0, 
EP, 11, 2005091800, 03, CONU,  12, 146N, 1291W,   0,   32,   ,   0,    ,    0,    0,    0,    0, 
EP, 11, 2005091800, 03, CONU,  24, 152N, 1299W,   0,   69,   ,   0,    ,    0,    0,    0,    0, 
EP, 11, 2005091800, 03, CONU,  36, 157N, 1307W,   0,   96,   ,   0,    ,    0,    0,    0,    0, 
EP, 11, 2005091800, 03, CONU,  48, 162N, 1314W,   0,  120,   ,   0,    ,    0,    0,    0,    0, 
EP, 11, 2005091800, 03, CONU,  72, 164N, 1343W,   0,  225,   ,   0,    ,    0,    0,    0,    0, 
EP, 11, 2005091800, 03, CONU,  96, 182N, 1335W,   0,  232,   ,   0,    ,    0,    0,    0,    0, 
EP, 11, 2005091800, 03, CONU, 120, 192N, 1353W,   0,  357,   ,   0,    ,    0,    0,    0,    0, 
EP, 11, 2005091800, 03, GUNA,  12, 146N, 1291W,   0,   34,   ,   0,    ,    0,    0,    0,    0, 
EP, 11, 2005091800, 03, GUNA,  24, 151N, 1300W,   0,   61,   ,   0,    ,    0,    0,    0,    0, 
EP, 11, 2005091800, 03, GUNA,  36, 156N, 1308W,   0,   89,   ,   0,    ,    0,    0,    0,    0, 
EP, 11, 2005091800, 03, GUNA,  48, 161N, 1315W,   0,  110,   ,   0,    ,    0,    0,    0,    0, 
EP, 11, 2005091800, 03, GUNA,  72, 162N, 1347W,   0,  240,   ,   0,    ,    0,    0,    0,    0, 
EP, 11, 2005091806, 03, CONU,  12, 144N, 1296W,   0,   33,   ,   0,    ,    0,    0,    0,    0, 
EP, 11, 2005091806, 03, CONU,  24, 146N, 1303W,   0,   70,   ,   0,    ,    0,    0,    0,    0, 
EP, 11, 2005091806, 03, CONU,  36, 147N, 1308W,   0,   98,   ,   0,    ,    0,    0,    0,    0, 
EP, 11, 2005091806, 03, CONU,  48, 148N, 1313W,   0,  122,   ,   0,    ,    0,    0,    0,    0, 
EP, 11, 2005091806, 03, CONU,  72, 154N, 1322W,   0,  176,   ,   0,    ,    0,    0,    0,    0, 
EP, 11, 2005091806, 03, CONU,  96, 168N, 1334W,   0,  229,   ,   0,    ,    0,    0,    0,    0, 
EP, 11, 2005091806, 03, CONU, 120, 183N, 1345W,   0,  364,   ,   0,    ,    0,    0,    0,    0, 
EP, 11, 2005091806, 03, GUNA,  12, 144N, 1295W,   0,   34,   ,   0,    ,    0,    0,    0,    0, 
EP, 11, 2005091806, 03, GUNA,  24, 145N, 1302W,   0,   60,   ,   0,    ,    0,    0,    0,    0, 
EP, 11, 2005091806, 03, GUNA,  36, 145N, 1307W,   0,   87,   ,   0,    ,    0,    0,    0,    0, 
EP, 11, 2005091806, 03, GUNA,  48, 147N, 1311W,   0,  108,   ,   0,    ,    0,    0,    0,    0, 
EP, 11, 2005091806, 03, GUNA,  72, 152N, 1316W,   0,  153,   ,   0,    ,    0,    0,    0,    0, 
EP, 11, 2005091806, 03, GUNA,  96, 166N, 1325W,   0,  214,   ,   0,    ,    0,    0,    0,    0, 
EP, 11, 2005091806, 03, GUNA, 120, 180N, 1335W,   0,  238,   ,   0,    ,    0,    0,    0,    0, 
EP, 11, 2005091812, 03, CONU,  12, 143N, 1299W,   0,   33,   ,   0,    ,    0,    0,    0,    0, 
EP, 11, 2005091812, 03, CONU,  24, 144N, 1304W,   0,   69,   ,   0,    ,    0,    0,    0,    0, 
EP, 11, 2005091812, 03, CONU,  36, 144N, 1308W,   0,   95,   ,   0,    ,    0,    0,    0,    0, 
EP, 11, 2005091812, 03, CONU,  48, 145N, 1312W,   0,  119,   ,   0,    ,    0,    0,    0,    0, 
EP, 11, 2005091812, 03, CONU,  72, 152N, 1322W,   0,  164,   ,   0,    ,    0,    0,    0,    0, 
EP, 11, 2005091812, 03, CONU,  96, 167N, 1333W,   0,  204,   ,   0,    ,    0,    0,    0,    0, 
EP, 11, 2005091812, 03, CONU, 120, 179N, 1343W,   0,  328,   ,   0,    ,    0,    0,    0,    0, 
EP, 11, 2005091812, 03, GUNA,  12, 143N, 1299W,   0,   34,   ,   0,    ,    0,    0,    0,    0, 
EP, 11, 2005091812, 03, GUNA,  24, 143N, 1305W,   0,   57,   ,   0,    ,    0,    0,    0,    0, 
EP, 11, 2005091812, 03, GUNA,  36, 144N, 1309W,   0,   85,   ,   0,    ,    0,    0,    0,    0, 
EP, 11, 2005091812, 03, GUNA,  48, 145N, 1312W,   0,  106,   ,   0,    ,    0,    0,    0,    0, 
EP, 11, 2005091812, 03, GUNA,  72, 152N, 1321W,   0,  150,   ,   0,    ,    0,    0,    0,    0, 
EP, 11, 2005091812, 03, GUNA,  96, 165N, 1331W,   0,  203,   ,   0,    ,    0,    0,    0,    0, 
EP, 11, 2005091812, 03, GUNA, 120, 177N, 1340W,   0,  235,   ,   0,    ,    0,    0,    0,    0, 
EP, 11, 2005091818, 03, CONU,  12, 143N, 1302W,   0,   31,   ,   0,    ,    0,    0,    0,    0, 
EP, 11, 2005091818, 03, CONU,  24, 144N, 1307W,   0,   69,   ,   0,    ,    0,    0,    0,    0, 
EP, 11, 2005091818, 03, CONU,  36, 145N, 1312W,   0,   98,   ,   0,    ,    0,    0,    0,    0, 
EP, 11, 2005091818, 03, CONU,  48, 146N, 1317W,   0,  124,   ,   0,    ,    0,    0,    0,    0, 
EP, 11, 2005091818, 03, CONU,  72, 155N, 1330W,   0,  181,   ,   0,    ,    0,    0,    0,    0, 
EP, 11, 2005091818, 03, CONU,  96, 172N, 1342W,   0,  242,   ,   0,    ,    0,    0,    0,    0, 
EP, 11, 2005091818, 03, CONU, 120, 181N, 1364W,   0,  417,   ,   0,    ,    0,    0,    0,    0, 
EP, 11, 2005091818, 03, GUNA,  12, 143N, 1302W,   0,   33,   ,   0,    ,    0,    0,    0,    0, 
EP, 11, 2005091818, 03, GUNA,  24, 144N, 1307W,   0,   58,   ,   0,    ,    0,    0,    0,    0, 
EP, 11, 2005091818, 03, GUNA,  36, 145N, 1313W,   0,   89,   ,   0,    ,    0,    0,    0,    0, 
EP, 11, 2005091818, 03, GUNA,  48, 146N, 1318W,   0,  113,   ,   0,    ,    0,    0,    0,    0, 
EP, 11, 2005091818, 03, GUNA,  72, 156N, 1331W,   0,  176,   ,   0,    ,    0,    0,    0,    0, 
EP, 11, 2005091818, 03, GUNA,  96, 173N, 1342W,   0,  271,   ,   0,    ,    0,    0,    0,    0, 
EP, 11, 2005091818, 03, GUNA, 120, 179N, 1365W,   0,  393,   ,   0,    ,    0,    0,    0,    0, 
EP, 11, 2005091900, 03, CONU,  12, 140N, 1306W,   0,   33,   ,   0,    ,    0,    0,    0,    0, 
EP, 11, 2005091900, 03, CONU,  24, 141N, 1309W,   0,   72,   ,   0,    ,    0,    0,    0,    0, 
EP, 11, 2005091900, 03, CONU,  36, 142N, 1312W,   0,  103,   ,   0,    ,    0,    0,    0,    0, 
EP, 11, 2005091900, 03, CONU,  48, 145N, 1316W,   0,  129,   ,   0,    ,    0,    0,    0,    0, 
EP, 11, 2005091900, 03, CONU,  72, 158N, 1326W,   0,  197,   ,   0,    ,    0,    0,    0,    0, 
EP, 11, 2005091900, 03, CONU,  96, 174N, 1344W,   0,  254,   ,   0,    ,    0,    0,    0,    0, 
EP, 11, 2005091900, 03, CONU, 120, 179N, 1375W,   0,  395,   ,   0,    ,    0,    0,    0,    0, 
EP, 11, 2005091900, 03, GUNA,  12, 140N, 1306W,   0,   34,   ,   0,    ,    0,    0,    0,    0, 
EP, 11, 2005091900, 03, GUNA,  24, 141N, 1309W,   0,   62,   ,   0,    ,    0,    0,    0,    0, 
EP, 11, 2005091900, 03, GUNA,  36, 143N, 1312W,   0,   96,   ,   0,    ,    0,    0,    0,    0, 
EP, 11, 2005091900, 03, GUNA,  48, 146N, 1315W,   0,  122,   ,   0,    ,    0,    0,    0,    0, 
EP, 11, 2005091900, 03, GUNA,  72, 161N, 1324W,   0,  191,   ,   0,    ,    0,    0,    0,    0, 
EP, 11, 2005091900, 03, GUNA,  96, 176N, 1343W,   0,  283,   ,   0,    ,    0,    0,    0,    0, 
EP, 11, 2005091900, 03, GUNA, 120, 179N, 1376W,   0,  364,   ,   0,    ,    0,    0,    0,    0, 
EP, 11, 2005091906, 03, CONU,  12, 137N, 1308W,   0,   33,   ,   0,    ,    0,    0,    0,    0, 
EP, 11, 2005091906, 03, CONU,  24, 138N, 1310W,   0,   72,   ,   0,    ,    0,    0,    0,    0, 
EP, 11, 2005091906, 03, CONU,  36, 141N, 1314W,   0,  104,   ,   0,    ,    0,    0,    0,    0, 
EP, 11, 2005091906, 03, CONU,  48, 145N, 1319W,   0,  131,   ,   0,    ,    0,    0,    0,    0, 
EP, 11, 2005091906, 03, CONU,  72, 162N, 1333W,   0,  197,   ,   0,    ,    0,    0,    0,    0, 
EP, 11, 2005091906, 03, CONU,  96, 180N, 1348W,   0,  260,   ,   0,    ,    0,    0,    0,    0, 
EP, 11, 2005091906, 03, CONU, 120, 193N, 1365W,   0,  420,   ,   0,    ,    0,    0,    0,    0, 
EP, 11, 2005091906, 03, GUNA,  12, 137N, 1308W,   0,   35,   ,   0,    ,    0,    0,    0,    0, 
EP, 11, 2005091906, 03, GUNA,  24, 138N, 1311W,   0,   62,   ,   0,    ,    0,    0,    0,    0, 
EP, 11, 2005091906, 03, GUNA,  36, 141N, 1316W,   0,   98,   ,   0,    ,    0,    0,    0,    0, 
EP, 11, 2005091906, 03, GUNA,  48, 146N, 1321W,   0,  126,   ,   0,    ,    0,    0,    0,    0, 
EP, 11, 2005091906, 03, GUNA,  72, 164N, 1335W,   0,  193,   ,   0,    ,    0,    0,    0,    0, 
EP, 11, 2005091906, 03, GUNA,  96, 183N, 1351W,   0,  290,   ,   0,    ,    0,    0,    0,    0, 
EP, 11, 2005091906, 03, GUNA, 120, 196N, 1369W,   0,  372,   ,   0,    ,    0,    0,    0,    0, 
EP, 11, 2005091912, 03, CONU,  12, 132N, 1309W,   0,   36,   ,   0,    ,    0,    0,    0,    0, 
EP, 11, 2005091912, 03, CONU,  24, 133N, 1311W,   0,   77,   ,   0,    ,    0,    0,    0,    0, 
EP, 11, 2005091912, 03, CONU,  36, 137N, 1315W,   0,  111,   ,   0,    ,    0,    0,    0,    0, 
EP, 11, 2005091912, 03, CONU,  48, 144N, 1320W,   0,  136,   ,   0,    ,    0,    0,    0,    0, 
EP, 11, 2005091912, 03, CONU,  72, 167N, 1333W,   0,  209,   ,   0,    ,    0,    0,    0,    0, 
EP, 11, 2005091912, 03, CONU,  96, 189N, 1349W,   0,  273,   ,   0,    ,    0,    0,    0,    0, 
EP, 11, 2005091912, 03, CONU, 120, 208N, 1370W,   0,  428,   ,   0,    ,    0,    0,    0,    0, 
EP, 11, 2005091912, 03, GUNA,  12, 132N, 1309W,   0,   38,   ,   0,    ,    0,    0,    0,    0, 
EP, 11, 2005091912, 03, GUNA,  24, 133N, 1311W,   0,   69,   ,   0,    ,    0,    0,    0,    0, 
EP, 11, 2005091912, 03, GUNA,  36, 137N, 1314W,   0,  110,   ,   0,    ,    0,    0,    0,    0, 
EP, 11, 2005091912, 03, GUNA,  48, 145N, 1319W,   0,  138,   ,   0,    ,    0,    0,    0,    0, 
EP, 11, 2005091912, 03, GUNA,  72, 169N, 1333W,   0,  217,   ,   0,    ,    0,    0,    0,    0, 
EP, 11, 2005091912, 03, GUNA,  96, 191N, 1350W,   0,  314,   ,   0,    ,    0,    0,    0,    0, 
EP, 11, 2005091912, 03, GUNA, 120, 210N, 1374W,   0,  375,   ,   0,    ,    0,    0,    0,    0, 
EP, 11, 2005091918, 03, CONU,  12, 132N, 1307W,   0,   36,   ,   0,    ,    0,    0,    0,    0, 
EP, 11, 2005091918, 03, CONU,  24, 134N, 1308W,   0,   73,   ,   0,    ,    0,    0,    0,    0, 
EP, 11, 2005091918, 03, CONU,  36, 140N, 1313W,   0,  110,   ,   0,    ,    0,    0,    0,    0, 
EP, 11, 2005091918, 03, CONU,  48, 147N, 1321W,   0,  135,   ,   0,    ,    0,    0,    0,    0, 
EP, 11, 2005091918, 03, CONU,  72, 165N, 1339W,   0,  211,   ,   0,    ,    0,    0,    0,    0, 
EP, 11, 2005091918, 03, CONU,  96, 185N, 1358W,   0,  280,   ,   0,    ,    0,    0,    0,    0, 
EP, 11, 2005091918, 03, CONU, 120, 199N, 1387W,   0,  434,   ,   0,    ,    0,    0,    0,    0, 
EP, 11, 2005091918, 03, GUNA,  12, 133N, 1306W,   0,   37,   ,   0,    ,    0,    0,    0,    0, 
EP, 11, 2005091918, 03, GUNA,  24, 135N, 1308W,   0,   68,   ,   0,    ,    0,    0,    0,    0, 
EP, 11, 2005091918, 03, GUNA,  36, 140N, 1312W,   0,  111,   ,   0,    ,    0,    0,    0,    0, 
EP, 11, 2005091918, 03, GUNA,  48, 148N, 1319W,   0,  141,   ,   0,    ,    0,    0,    0,    0, 
EP, 11, 2005091918, 03, GUNA,  72, 166N, 1337W,   0,  227,   ,   0,    ,    0,    0,    0,    0, 
EP, 11, 2005091918, 03, GUNA,  96, 185N, 1356W,   0,  326,   ,   0,    ,    0,    0,    0,    0, 
EP, 11, 2005091918, 03, GUNA, 120, 198N, 1391W,   0,  371,   ,   0,    ,    0,    0,    0,    0, 
EP, 11, 2005092000, 03, CONU,  12, 134N, 1308W,   0,   42,   ,   0,    ,    0,    0,    0,    0, 
EP, 11, 2005092000, 03, CONU,  24, 137N, 1309W,   0,   82,   ,   0,    ,    0,    0,    0,    0, 
EP, 11, 2005092000, 03, CONU,  36, 143N, 1314W,   0,  118,   ,   0,    ,    0,    0,    0,    0, 
EP, 11, 2005092000, 03, CONU,  48, 151N, 1322W,   0,  138,   ,   0,    ,    0,    0,    0,    0, 
EP, 11, 2005092000, 03, CONU,  72, 169N, 1339W,   0,  212,   ,   0,    ,    0,    0,    0,    0, 
EP, 11, 2005092000, 03, CONU,  96, 184N, 1362W,   0,  281,   ,   0,    ,    0,    0,    0,    0, 
EP, 11, 2005092000, 03, CONU, 120, 195N, 1397W,   0,  423,   ,   0,    ,    0,    0,    0,    0, 
EP, 11, 2005092000, 03, GUNA,  12, 134N, 1307W,   0,   44,   ,   0,    ,    0,    0,    0,    0, 
EP, 11, 2005092000, 03, GUNA,  24, 138N, 1308W,   0,   78,   ,   0,    ,    0,    0,    0,    0, 
EP, 11, 2005092000, 03, GUNA,  36, 145N, 1313W,   0,  121,   ,   0,    ,    0,    0,    0,    0, 
EP, 11, 2005092000, 03, GUNA,  48, 153N, 1320W,   0,  149,   ,   0,    ,    0,    0,    0,    0, 
EP, 11, 2005092000, 03, GUNA,  72, 172N, 1337W,   0,  231,   ,   0,    ,    0,    0,    0,    0, 
EP, 11, 2005092000, 03, GUNA,  96, 188N, 1360W,   0,  319,   ,   0,    ,    0,    0,    0,    0, 
EP, 11, 2005092000, 03, GUNA, 120, 200N, 1397W,   0,  358,   ,   0,    ,    0,    0,    0,    0, 
EP, 11, 2005092006, 03, CONU,  12, 135N, 1313W,   0,   41,   ,   0,    ,    0,    0,    0,    0, 
EP, 11, 2005092006, 03, CONU,  24, 136N, 1316W,   0,   77,   ,   0,    ,    0,    0,    0,    0, 
EP, 11, 2005092006, 03, CONU,  36, 141N, 1321W,   0,  109,   ,   0,    ,    0,    0,    0,    0, 
EP, 11, 2005092006, 03, CONU,  48, 147N, 1328W,   0,  131,   ,   0,    ,    0,    0,    0,    0, 
EP, 11, 2005092006, 03, CONU,  72, 161N, 1346W,   0,  192,   ,   0,    ,    0,    0,    0,    0, 
EP, 11, 2005092006, 03, CONU,  96, 174N, 1366W,   0,  263,   ,   0,    ,    0,    0,    0,    0, 
EP, 11, 2005092006, 03, CONU, 120, 187N, 1396W,   0,  402,   ,   0,    ,    0,    0,    0,    0, 
EP, 11, 2005092006, 03, GUNA,  12, 135N, 1313W,   0,   43,   ,   0,    ,    0,    0,    0,    0, 
EP, 11, 2005092006, 03, GUNA,  24, 136N, 1317W,   0,   75,   ,   0,    ,    0,    0,    0,    0, 
EP, 11, 2005092006, 03, GUNA,  36, 142N, 1321W,   0,  115,   ,   0,    ,    0,    0,    0,    0, 
EP, 11, 2005092006, 03, GUNA,  48, 149N, 1328W,   0,  140,   ,   0,    ,    0,    0,    0,    0, 
EP, 11, 2005092006, 03, GUNA,  72, 163N, 1348W,   0,  210,   ,   0,    ,    0,    0,    0,    0, 
EP, 11, 2005092006, 03, GUNA,  96, 174N, 1369W,   0,  298,   ,   0,    ,    0,    0,    0,    0, 
EP, 11, 2005092006, 03, GUNA, 120, 187N, 1401W,   0,  312,   ,   0,    ,    0,    0,    0,    0, 
EP, 11, 2005092012, 03, CONU,  12, 132N, 1317W,   0,   43,   ,   0,    ,    0,    0,    0,    0, 
EP, 11, 2005092012, 03, CONU,  24, 134N, 1322W,   0,   77,   ,   0,    ,    0,    0,    0,    0, 
EP, 11, 2005092012, 03, CONU,  36, 139N, 1327W,   0,  111,   ,   0,    ,    0,    0,    0,    0, 
EP, 11, 2005092012, 03, CONU,  48, 146N, 1334W,   0,  134,   ,   0,    ,    0,    0,    0,    0, 
EP, 11, 2005092012, 03, CONU,  72, 159N, 1347W,   0,  209,   ,   0,    ,    0,    0,    0,    0, 
EP, 11, 2005092012, 03, CONU,  96, 177N, 1370W,   0,  291,   ,   0,    ,    0,    0,    0,    0, 
EP, 11, 2005092012, 03, CONU, 120, 187N, 1405W,   0,  430,   ,   0,    ,    0,    0,    0,    0, 
EP, 11, 2005092012, 03, GUNA,  12, 132N, 1318W,   0,   45,   ,   0,    ,    0,    0,    0,    0, 
EP, 11, 2005092012, 03, GUNA,  24, 134N, 1322W,   0,   80,   ,   0,    ,    0,    0,    0,    0, 
EP, 11, 2005092012, 03, GUNA,  36, 140N, 1327W,   0,  119,   ,   0,    ,    0,    0,    0,    0, 
EP, 11, 2005092012, 03, GUNA,  48, 148N, 1333W,   0,  149,   ,   0,    ,    0,    0,    0,    0, 
EP, 11, 2005092012, 03, GUNA,  72, 161N, 1348W,   0,  238,   ,   0,    ,    0,    0,    0,    0, 
EP, 11, 2005092012, 03, GUNA,  96, 179N, 1373W,   0,  337,   ,   0,    ,    0,    0,    0,    0, 
EP, 11, 2005092012, 03, GUNA, 120, 189N, 1413W,   0,  344,   ,   0,    ,    0,    0,    0,    0, 
EP, 11, 2005092018, 03, CONU,  12, 131N, 1322W,   0,   42,   ,   0,    ,    0,    0,    0,    0, 
EP, 11, 2005092018, 03, CONU,  24, 135N, 1327W,   0,   73,   ,   0,    ,    0,    0,    0,    0, 
EP, 11, 2005092018, 03, CONU,  36, 141N, 1333W,   0,  107,   ,   0,    ,    0,    0,    0,    0, 
EP, 11, 2005092018, 03, CONU,  48, 146N, 1342W,   0,  131,   ,   0,    ,    0,    0,    0,    0, 
EP, 11, 2005092018, 03, CONU,  72, 157N, 1362W,   0,  202,   ,   0,    ,    0,    0,    0,    0, 
EP, 11, 2005092018, 03, CONU,  96, 173N, 1387W,   0,  298,   ,   0,    ,    0,    0,    0,    0, 
EP, 11, 2005092018, 03, CONU, 120, 184N, 1415W,   0,  466,   ,   0,    ,    0,    0,    0,    0, 
EP, 11, 2005092018, 03, GUNA,  12, 131N, 1321W,   0,   43,   ,   0,    ,    0,    0,    0,    0, 
EP, 11, 2005092018, 03, GUNA,  24, 136N, 1326W,   0,   75,   ,   0,    ,    0,    0,    0,    0, 
EP, 11, 2005092018, 03, GUNA,  36, 143N, 1331W,   0,  112,   ,   0,    ,    0,    0,    0,    0, 
EP, 11, 2005092018, 03, GUNA,  48, 149N, 1340W,   0,  143,   ,   0,    ,    0,    0,    0,    0, 
EP, 11, 2005092018, 03, GUNA,  72, 159N, 1358W,   0,  229,   ,   0,    ,    0,    0,    0,    0, 
EP, 11, 2005092018, 03, GUNA,  96, 174N, 1381W,   0,  343,   ,   0,    ,    0,    0,    0,    0, 
EP, 11, 2005092018, 03, GUNA, 120, 186N, 1409W,   0,  381,   ,   0,    ,    0,    0,    0,    0, 
EP, 11, 2005092100, 03, CONU,  12, 136N, 1317W,   0,   42,   ,   0,    ,    0,    0,    0,    0, 
EP, 11, 2005092100, 03, CONU,  24, 141N, 1321W,   0,   73,   ,   0,    ,    0,    0,    0,    0, 
EP, 11, 2005092100, 03, CONU,  36, 147N, 1327W,   0,  103,   ,   0,    ,    0,    0,    0,    0, 
EP, 11, 2005092100, 03, CONU,  48, 152N, 1333W,   0,  127,   ,   0,    ,    0,    0,    0,    0, 
EP, 11, 2005092100, 03, CONU,  72, 166N, 1346W,   0,  193,   ,   0,    ,    0,    0,    0,    0, 
EP, 11, 2005092100, 03, CONU,  96, 186N, 1370W,   0,  274,   ,   0,    ,    0,    0,    0,    0, 
EP, 11, 2005092100, 03, CONU, 120, 193N, 1407W,   0,  427,   ,   0,    ,    0,    0,    0,    0, 
EP, 11, 2005092100, 03, GUNA,  12, 137N, 1317W,   0,   42,   ,   0,    ,    0,    0,    0,    0, 
EP, 11, 2005092100, 03, GUNA,  24, 143N, 1321W,   0,   75,   ,   0,    ,    0,    0,    0,    0, 
EP, 11, 2005092100, 03, GUNA,  36, 149N, 1327W,   0,  109,   ,   0,    ,    0,    0,    0,    0, 
EP, 11, 2005092100, 03, GUNA,  48, 153N, 1333W,   0,  141,   ,   0,    ,    0,    0,    0,    0, 
EP, 11, 2005092100, 03, GUNA,  72, 167N, 1346W,   0,  225,   ,   0,    ,    0,    0,    0,    0, 
EP, 11, 2005092100, 03, GUNA,  96, 187N, 1372W,   0,  318,   ,   0,    ,    0,    0,    0,    0, 
EP, 11, 2005092100, 03, GUNA, 120, 195N, 1410W,   0,  354,   ,   0,    ,    0,    0,    0,    0, 
EP, 11, 2005092106, 03, CONU,  12, 140N, 1320W,   0,   43,   ,   0,    ,    0,    0,    0,    0, 
EP, 11, 2005092106, 03, CONU,  24, 146N, 1324W,   0,   70,   ,   0,    ,    0,    0,    0,    0, 
EP, 11, 2005092106, 03, CONU,  36, 150N, 1328W,   0,   97,   ,   0,    ,    0,    0,    0,    0, 
EP, 11, 2005092106, 03, CONU,  48, 154N, 1329W,   0,  129,   ,   0,    ,    0,    0,    0,    0, 
EP, 11, 2005092106, 03, CONU,  72, 165N, 1331W,   0,  188,   ,   0,    ,    0,    0,    0,    0, 
EP, 11, 2005092106, 03, CONU,  96, 180N, 1338W,   0,  282,   ,   0,    ,    0,    0,    0,    0, 
EP, 11, 2005092106, 03, CONU, 120, 183N, 1352W,   0,  411,   ,   0,    ,    0,    0,    0,    0, 
EP, 11, 2005092112, 03, CONU,  12, 148N, 1326W,   0,   43,   ,   0,    ,    0,    0,    0,    0, 
EP, 11, 2005092112, 03, CONU,  24, 152N, 1330W,   0,   73,   ,   0,    ,    0,    0,    0,    0, 
EP, 11, 2005092112, 03, CONU,  36, 157N, 1332W,   0,  103,   ,   0,    ,    0,    0,    0,    0, 
EP, 11, 2005092112, 03, CONU,  48, 159N, 1333W,   0,  134,   ,   0,    ,    0,    0,    0,    0, 
EP, 11, 2005092112, 03, CONU,  72, 172N, 1332W,   0,  204,   ,   0,    ,    0,    0,    0,    0, 
EP, 11, 2005092112, 03, CONU,  96, 184N, 1340W,   0,  300,   ,   0,    ,    0,    0,    0,    0, 
EP, 11, 2005092112, 03, CONU, 120, 184N, 1357W,   0,  427,   ,   0,    ,    0,    0,    0,    0, 
EP, 11, 2005092118, 03, CONU,  12, 152N, 1346W,   0,   47,   ,   0,    ,    0,    0,    0,    0, 
EP, 11, 2005092118, 03, CONU,  24, 154N, 1354W,   0,   74,   ,   0,    ,    0,    0,    0,    0, 
EP, 11, 2005092118, 03, CONU,  36, 154N, 1361W,   0,  105,   ,   0,    ,    0,    0,    0,    0, 
EP, 11, 2005092118, 03, CONU,  48, 153N, 1367W,   0,  130,   ,   0,    ,    0,    0,    0,    0, 
EP, 11, 2005092118, 03, CONU,  72, 158N, 1379W,   0,  209,   ,   0,    ,    0,    0,    0,    0, 
EP, 11, 2005092118, 03, CONU,  96, 164N, 1394W,   0,  317,   ,   0,    ,    0,    0,    0,    0, 
EP, 11, 2005092118, 03, CONU, 120, 177N, 1396W,   0,  496,   ,   0,    ,    0,    0,    0,    0, 
EP, 11, 2005092118, 03, GUNA,  12, 153N, 1345W,   0,   48,   ,   0,    ,    0,    0,    0,    0, 
EP, 11, 2005092118, 03, GUNA,  24, 155N, 1353W,   0,   80,   ,   0,    ,    0,    0,    0,    0, 
EP, 11, 2005092118, 03, GUNA,  36, 155N, 1359W,   0,  116,   ,   0,    ,    0,    0,    0,    0, 
EP, 11, 2005092118, 03, GUNA,  48, 154N, 1365W,   0,  149,   ,   0,    ,    0,    0,    0,    0, 
EP, 11, 2005092118, 03, GUNA,  72, 159N, 1374W,   0,  243,   ,   0,    ,    0,    0,    0,    0, 
EP, 11, 2005092118, 03, GUNA,  96, 165N, 1388W,   0,  368,   ,   0,    ,    0,    0,    0,    0, 
EP, 11, 2005092200, 03, CONU,  12, 153N, 1347W,   0,   49,   ,   0,    ,    0,    0,    0,    0, 
EP, 11, 2005092200, 03, CONU,  24, 155N, 1356W,   0,   81,   ,   0,    ,    0,    0,    0,    0, 
EP, 11, 2005092200, 03, CONU,  36, 154N, 1364W,   0,  115,   ,   0,    ,    0,    0,    0,    0, 
EP, 11, 2005092200, 03, CONU,  48, 153N, 1371W,   0,  139,   ,   0,    ,    0,    0,    0,    0, 
EP, 11, 2005092200, 03, CONU,  72, 159N, 1385W,   0,  232,   ,   0,    ,    0,    0,    0,    0, 
EP, 11, 2005092200, 03, CONU,  96, 160N, 1406W,   0,  348,   ,   0,    ,    0,    0,    0,    0, 
EP, 11, 2005092200, 03, CONU, 120, 164N, 1426W,   0,  535,   ,   0,    ,    0,    0,    0,    0, 
EP, 11, 2005092200, 03, GUNA,  12, 153N, 1346W,   0,   49,   ,   0,    ,    0,    0,    0,    0, 
EP, 11, 2005092200, 03, GUNA,  24, 155N, 1353W,   0,   83,   ,   0,    ,    0,    0,    0,    0, 
EP, 11, 2005092200, 03, GUNA,  36, 154N, 1360W,   0,  123,   ,   0,    ,    0,    0,    0,    0, 
EP, 11, 2005092200, 03, GUNA,  48, 153N, 1366W,   0,  157,   ,   0,    ,    0,    0,    0,    0, 
EP, 11, 2005092200, 03, GUNA,  72, 159N, 1374W,   0,  260,   ,   0,    ,    0,    0,    0,    0, 
EP, 11, 2005092200, 03, GUNA,  96, 161N, 1391W,   0,  392,   ,   0,    ,    0,    0,    0,    0, 
EP, 11, 2005092206, 03, CONU,  12, 155N, 1351W,   0,   42,   ,   0,    ,    0,    0,    0,    0, 
EP, 11, 2005092206, 03, CONU,  24, 156N, 1357W,   0,   69,   ,   0,    ,    0,    0,    0,    0, 
EP, 11, 2005092206, 03, CONU,  36, 155N, 1363W,   0,  100,   ,   0,    ,    0,    0,    0,    0, 
EP, 11, 2005092206, 03, CONU,  48, 155N, 1367W,   0,  127,   ,   0,    ,    0,    0,    0,    0, 
EP, 11, 2005092206, 03, CONU,  72, 160N, 1373W,   0,  195,   ,   0,    ,    0,    0,    0,    0, 
EP, 11, 2005092206, 03, CONU,  96, 161N, 1383W,   0,  272,   ,   0,    ,    0,    0,    0,    0, 
EP, 11, 2005092206, 03, CONU, 120, 163N, 1407W,   0,  422,   ,   0,    ,    0,    0,    0,    0, 
EP, 11, 2005092206, 03, GUNA,  12, 155N, 1350W,   0,   43,   ,   0,    ,    0,    0,    0,    0, 
EP, 11, 2005092206, 03, GUNA,  24, 156N, 1357W,   0,   74,   ,   0,    ,    0,    0,    0,    0, 
EP, 11, 2005092206, 03, GUNA,  36, 156N, 1363W,   0,  110,   ,   0,    ,    0,    0,    0,    0, 
EP, 11, 2005092206, 03, GUNA,  48, 156N, 1366W,   0,  143,   ,   0,    ,    0,    0,    0,    0, 
EP, 11, 2005092206, 03, GUNA,  72, 161N, 1371W,   0,  228,   ,   0,    ,    0,    0,    0,    0, 
EP, 11, 2005092206, 03, GUNA,  96, 161N, 1381W,   0,  308,   ,   0,    ,    0,    0,    0,    0, 
EP, 11, 2005092206, 03, GUNA, 120, 163N, 1410W,   0,  351,   ,   0,    ,    0,    0,    0,    0, 
EP, 11, 2005092212, 03, CONU,  12, 156N, 1360W,   0,   39,   ,   0,    ,    0,    0,    0,    0, 
EP, 11, 2005092212, 03, CONU,  24, 155N, 1367W,   0,   67,   ,   0,    ,    0,    0,    0,    0, 
EP, 11, 2005092212, 03, CONU,  36, 155N, 1372W,   0,  100,   ,   0,    ,    0,    0,    0,    0, 
EP, 11, 2005092212, 03, CONU,  48, 155N, 1377W,   0,  130,   ,   0,    ,    0,    0,    0,    0, 
EP, 11, 2005092212, 03, CONU,  72, 160N, 1381W,   0,  244,   ,   0,    ,    0,    0,    0,    0, 
EP, 11, 2005092212, 03, CONU,  96, 162N, 1392W,   0,  351,   ,   0,    ,    0,    0,    0,    0, 
EP, 11, 2005092212, 03, CONU, 120, 167N, 1421W,   0,  522,   ,   0,    ,    0,    0,    0,    0, 
EP, 11, 2005092212, 03, GUNA,  12, 156N, 1360W,   0,   41,   ,   0,    ,    0,    0,    0,    0, 
EP, 11, 2005092212, 03, GUNA,  24, 156N, 1367W,   0,   74,   ,   0,    ,    0,    0,    0,    0, 
EP, 11, 2005092212, 03, GUNA,  36, 156N, 1373W,   0,  111,   ,   0,    ,    0,    0,    0,    0, 
EP, 11, 2005092212, 03, GUNA,  48, 157N, 1377W,   0,  148,   ,   0,    ,    0,    0,    0,    0, 
EP, 11, 2005092212, 03, GUNA,  72, 160N, 1381W,   0,  244,   ,   0,    ,    0,    0,    0,    0, 
EP, 11, 2005092212, 03, GUNA,  96, 162N, 1392W,   0,  346,   ,   0,    ,    0,    0,    0,    0, 
EP, 11, 2005092212, 03, GUNA, 120, 167N, 1421W,   0,  441,   ,   0,    ,    0,    0,    0,    0, 
EP, 11, 2005092218, 03, CONU,  12, 160N, 1369W,   0,   47,   ,   0,    ,    0,    0,    0,    0, 
EP, 11, 2005092218, 03, CONU,  24, 160N, 1378W,   0,   81,   ,   0,    ,    0,    0,    0,    0, 
EP, 11, 2005092218, 03, CONU,  36, 161N, 1386W,   0,  119,   ,   0,    ,    0,    0,    0,    0, 
EP, 11, 2005092218, 03, CONU,  48, 163N, 1392W,   0,  144,   ,   0,    ,    0,    0,    0,    0, 
EP, 11, 2005092218, 03, CONU,  72, 163N, 1399W,   0,  240,   ,   0,    ,    0,    0,    0,    0, 
EP, 11, 2005092218, 03, CONU,  96, 160N, 1414W,   0,  337,   ,   0,    ,    0,    0,    0,    0, 
EP, 11, 2005092218, 03, CONU, 120, 180N, 1438W,   0,  532,   ,   0,    ,    0,    0,    0,    0, 
EP, 11, 2005092218, 03, GUNA,  12, 160N, 1369W,   0,   50,   ,   0,    ,    0,    0,    0,    0, 
EP, 11, 2005092218, 03, GUNA,  24, 160N, 1378W,   0,   85,   ,   0,    ,    0,    0,    0,    0, 
EP, 11, 2005092218, 03, GUNA,  36, 161N, 1385W,   0,  133,   ,   0,    ,    0,    0,    0,    0, 
EP, 11, 2005092218, 03, GUNA,  48, 163N, 1390W,   0,  170,   ,   0,    ,    0,    0,    0,    0, 
EP, 11, 2005092218, 03, GUNA,  72, 163N, 1396W,   0,  285,   ,   0,    ,    0,    0,    0,    0, 
EP, 11, 2005092218, 03, GUNA,  96, 161N, 1410W,   0,  412,   ,   0,    ,    0,    0,    0,    0, 
EP, 11, 2005092218, 03, GUNA, 120, 185N, 1436W,   0,  554,   ,   0,    ,    0,    0,    0,    0, 
EP, 11, 2005092300, 03, CONU,  12, 157N, 1371W,   0,   48,   ,   0,    ,    0,    0,    0,    0, 
EP, 11, 2005092300, 03, CONU,  24, 156N, 1379W,   0,   86,   ,   0,    ,    0,    0,    0,    0, 
EP, 11, 2005092300, 03, CONU,  36, 157N, 1387W,   0,  129,   ,   0,    ,    0,    0,    0,    0, 
EP, 11, 2005092300, 03, CONU,  48, 157N, 1391W,   0,  152,   ,   0,    ,    0,    0,    0,    0, 
EP, 11, 2005092300, 03, CONU,  72, 153N, 1399W,   0,  258,   ,   0,    ,    0,    0,    0,    0, 
EP, 11, 2005092300, 03, CONU,  96, 155N, 1420W,   0,  353,   ,   0,    ,    0,    0,    0,    0, 
EP, 11, 2005092300, 03, CONU, 120, 178N, 1446W,   0,  535,   ,   0,    ,    0,    0,    0,    0, 
EP, 11, 2005092300, 03, GUNA,  12, 156N, 1370W,   0,   50,   ,   0,    ,    0,    0,    0,    0, 
EP, 11, 2005092300, 03, GUNA,  24, 157N, 1377W,   0,   86,   ,   0,    ,    0,    0,    0,    0, 
EP, 11, 2005092300, 03, GUNA,  36, 158N, 1382W,   0,  137,   ,   0,    ,    0,    0,    0,    0, 
EP, 11, 2005092300, 03, GUNA,  48, 158N, 1385W,   0,  175,   ,   0,    ,    0,    0,    0,    0, 
EP, 11, 2005092300, 03, GUNA,  72, 154N, 1389W,   0,  290,   ,   0,    ,    0,    0,    0,    0, 
EP, 11, 2005092300, 03, GUNA,  96, 160N, 1407W,   0,  401,   ,   0,    ,    0,    0,    0,    0, 
EP, 11, 2005092300, 03, GUNA, 120, 187N, 1429W,   0,  470,   ,   0,    ,    0,    0,    0,    0, 
EP, 11, 2005092306, 03, CONU,  12, 161N, 1370W,   0,   41,   ,   0,    ,    0,    0,    0,    0, 
EP, 11, 2005092306, 03, CONU,  24, 161N, 1377W,   0,   73,   ,   0,    ,    0,    0,    0,    0, 
EP, 11, 2005092306, 03, CONU,  36, 163N, 1381W,   0,  110,   ,   0,    ,    0,    0,    0,    0, 
EP, 11, 2005092306, 03, CONU,  48, 164N, 1382W,   0,  135,   ,   0,    ,    0,    0,    0,    0, 
EP, 11, 2005092306, 03, CONU,  72, 165N, 1378W,   0,  231,   ,   0,    ,    0,    0,    0,    0, 
EP, 11, 2005092306, 03, CONU,  96, 174N, 1389W,   0,  307,   ,   0,    ,    0,    0,    0,    0, 
EP, 11, 2005092306, 03, CONU, 120, 198N, 1399W,   0,  442,   ,   0,    ,    0,    0,    0,    0, 
EP, 11, 2005092306, 03, GUNA,  12, 161N, 1369W,   0,   42,   ,   0,    ,    0,    0,    0,    0, 
EP, 11, 2005092306, 03, GUNA,  24, 162N, 1375W,   0,   75,   ,   0,    ,    0,    0,    0,    0, 
EP, 11, 2005092306, 03, GUNA,  36, 165N, 1378W,   0,  113,   ,   0,    ,    0,    0,    0,    0, 
EP, 11, 2005092306, 03, GUNA,  48, 166N, 1377W,   0,  146,   ,   0,    ,    0,    0,    0,    0, 
EP, 11, 2005092306, 03, GUNA,  72, 165N, 1378W,   0,  227,   ,   0,    ,    0,    0,    0,    0, 
EP, 11, 2005092306, 03, GUNA,  96, 174N, 1389W,   0,  285,   ,   0,    ,    0,    0,    0,    0, 
EP, 11, 2005092306, 03, GUNA, 120, 198N, 1399W,   0,  312,   ,   0,    ,    0,    0,    0,    0, 
EP, 11, 2005092312, 03, CONU,  12, 161N, 1376W,   0,   41,   ,   0,    ,    0,    0,    0,    0, 
EP, 11, 2005092312, 03, CONU,  24, 162N, 1380W,   0,   70,   ,   0,    ,    0,    0,    0,    0, 
EP, 11, 2005092312, 03, CONU,  36, 164N, 1380W,   0,  104,   ,   0,    ,    0,    0,    0,    0, 
EP, 11, 2005092312, 03, CONU,  48, 164N, 1379W,   0,  131,   ,   0,    ,    0,    0,    0,    0, 
EP, 11, 2005092312, 03, CONU,  72, 166N, 1381W,   0,  196,   ,   0,    ,    0,    0,    0,    0, 
EP, 11, 2005092312, 03, CONU,  96, 187N, 1390W,   0,  267,   ,   0,    ,    0,    0,    0,    0, 
EP, 11, 2005092312, 03, CONU, 120, 214N, 1403W,   0,  407,   ,   0,    ,    0,    0,    0,    0, 
EP, 11, 2005092312, 03, GUNA,  12, 161N, 1376W,   0,   42,   ,   0,    ,    0,    0,    0,    0, 
EP, 11, 2005092312, 03, GUNA,  24, 162N, 1379W,   0,   75,   ,   0,    ,    0,    0,    0,    0, 
EP, 11, 2005092312, 03, GUNA,  36, 164N, 1379W,   0,  114,   ,   0,    ,    0,    0,    0,    0, 
EP, 11, 2005092312, 03, GUNA,  48, 164N, 1378W,   0,  147,   ,   0,    ,    0,    0,    0,    0, 
EP, 11, 2005092312, 03, GUNA,  72, 164N, 1380W,   0,  226,   ,   0,    ,    0,    0,    0,    0, 
EP, 11, 2005092312, 03, GUNA,  96, 181N, 1392W,   0,  281,   ,   0,    ,    0,    0,    0,    0, 
EP, 11, 2005092312, 03, GUNA, 120, 206N, 1405W,   0,  314,   ,   0,    ,    0,    0,    0,    0, 
EP, 11, 2005092318, 03, CONU,  12, 160N, 1383W,   0,   46,   ,   0,    ,    0,    0,    0,    0, 
EP, 11, 2005092318, 03, CONU,  24, 162N, 1388W,   0,   78,   ,   0,    ,    0,    0,    0,    0, 
EP, 11, 2005092318, 03, CONU,  36, 161N, 1390W,   0,  111,   ,   0,    ,    0,    0,    0,    0, 
EP, 11, 2005092318, 03, CONU,  48, 157N, 1391W,   0,  136,   ,   0,    ,    0,    0,    0,    0, 
EP, 11, 2005092318, 03, CONU,  72, 158N, 1395W,   0,  217,   ,   0,    ,    0,    0,    0,    0, 
EP, 11, 2005092318, 03, CONU,  96, 185N, 1409W,   0,  296,   ,   0,    ,    0,    0,    0,    0, 
EP, 11, 2005092318, 03, CONU, 120, 213N, 1424W,   0,  438,   ,   0,    ,    0,    0,    0,    0, 
EP, 11, 2005092318, 03, GUNA,  12, 161N, 1383W,   0,   48,   ,   0,    ,    0,    0,    0,    0, 
EP, 11, 2005092318, 03, GUNA,  24, 163N, 1388W,   0,   83,   ,   0,    ,    0,    0,    0,    0, 
EP, 11, 2005092318, 03, GUNA,  36, 161N, 1391W,   0,  125,   ,   0,    ,    0,    0,    0,    0, 
EP, 11, 2005092318, 03, GUNA,  48, 155N, 1393W,   0,  157,   ,   0,    ,    0,    0,    0,    0, 
EP, 11, 2005092318, 03, GUNA,  72, 152N, 1398W,   0,  246,   ,   0,    ,    0,    0,    0,    0, 
EP, 11, 2005092318, 03, GUNA,  96, 176N, 1414W,   0,  318,   ,   0,    ,    0,    0,    0,    0, 
EP, 11, 2005092318, 03, GUNA, 120, 205N, 1430W,   0,  336,   ,   0,    ,    0,    0,    0,    0, 
EP, 11, 2005092400, 03, CONU,  12, 162N, 1389W,   0,   50,   ,   0,    ,    0,    0,    0,    0, 
EP, 11, 2005092400, 03, CONU,  24, 162N, 1396W,   0,   85,   ,   0,    ,    0,    0,    0,    0, 
EP, 11, 2005092400, 03, CONU,  36, 158N, 1402W,   0,  121,   ,   0,    ,    0,    0,    0,    0, 
EP, 11, 2005092400, 03, CONU,  48, 151N, 1406W,   0,  150,   ,   0,    ,    0,    0,    0,    0, 
EP, 11, 2005092400, 03, CONU,  72, 144N, 1418W,   0,  233,   ,   0,    ,    0,    0,    0,    0, 
EP, 11, 2005092400, 03, CONU,  96, 166N, 1435W,   0,  311,   ,   0,    ,    0,    0,    0,    0, 
EP, 11, 2005092400, 03, CONU, 120, 198N, 1453W,   0,  420,   ,   0,    ,    0,    0,    0,    0, 
EP, 11, 2005092400, 03, GUNA,  12, 162N, 1389W,   0,   46,   ,   0,    ,    0,    0,    0,    0, 
EP, 11, 2005092400, 03, GUNA,  24, 162N, 1396W,   0,   78,   ,   0,    ,    0,    0,    0,    0, 
EP, 11, 2005092400, 03, GUNA,  36, 158N, 1402W,   0,  115,   ,   0,    ,    0,    0,    0,    0, 
EP, 11, 2005092400, 03, GUNA,  48, 151N, 1406W,   0,  148,   ,   0,    ,    0,    0,    0,    0, 
EP, 11, 2005092400, 03, GUNA,  72, 144N, 1418W,   0,  231,   ,   0,    ,    0,    0,    0,    0, 
EP, 11, 2005092400, 03, GUNA,  96, 166N, 1435W,   0,  302,   ,   0,    ,    0,    0,    0,    0, 
EP, 11, 2005092400, 03, GUNA, 120, 198N, 1453W,   0,  325,   ,   0,    ,    0,    0,    0,    0, 
EP, 11, 2005092406, 03, CONU,  12, 161N, 1388W,   0,   44,   ,   0,    ,    0,    0,    0,    0, 
EP, 11, 2005092406, 03, CONU,  24, 161N, 1393W,   0,   74,   ,   0,    ,    0,    0,    0,    0, 
EP, 11, 2005092406, 03, CONU,  36, 157N, 1397W,   0,  108,   ,   0,    ,    0,    0,    0,    0, 
EP, 11, 2005092406, 03, CONU,  48, 151N, 1399W,   0,  133,   ,   0,    ,    0,    0,    0,    0, 
EP, 11, 2005092406, 03, CONU,  72, 155N, 1411W,   0,  205,   ,   0,    ,    0,    0,    0,    0, 
EP, 11, 2005092406, 03, CONU,  96, 184N, 1431W,   0,  282,   ,   0,    ,    0,    0,    0,    0, 
EP, 11, 2005092406, 03, CONU, 120, 206N, 1464W,   0,  425,   ,   0,    ,    0,    0,    0,    0, 
EP, 11, 2005092406, 03, GUNA,  12, 162N, 1387W,   0,   46,   ,   0,    ,    0,    0,    0,    0, 
EP, 11, 2005092406, 03, GUNA,  24, 162N, 1392W,   0,   80,   ,   0,    ,    0,    0,    0,    0, 
EP, 11, 2005092406, 03, GUNA,  36, 158N, 1395W,   0,  120,   ,   0,    ,    0,    0,    0,    0, 
EP, 11, 2005092406, 03, GUNA,  48, 152N, 1396W,   0,  154,   ,   0,    ,    0,    0,    0,    0, 
EP, 11, 2005092406, 03, GUNA,  72, 156N, 1407W,   0,  244,   ,   0,    ,    0,    0,    0,    0, 
EP, 11, 2005092406, 03, GUNA,  96, 180N, 1428W,   0,  315,   ,   0,    ,    0,    0,    0,    0, 
EP, 11, 2005092406, 03, GUNA, 120, 200N, 1463W,   0,  330,   ,   0,    ,    0,    0,    0,    0, 
EP, 11, 2005092412, 03, CONU,  12, 162N, 1388W,   0,   41,   ,   0,    ,    0,    0,    0,    0, 
EP, 11, 2005092412, 03, CONU,  24, 160N, 1394W,   0,   67,   ,   0,    ,    0,    0,    0,    0, 
EP, 11, 2005092412, 03, CONU,  36, 155N, 1399W,   0,   95,   ,   0,    ,    0,    0,    0,    0, 
EP, 11, 2005092412, 03, CONU,  48, 150N, 1404W,   0,  120,   ,   0,    ,    0,    0,    0,    0, 
EP, 11, 2005092412, 03, CONU,  72, 158N, 1419W,   0,  177,   ,   0,    ,    0,    0,    0,    0, 
EP, 11, 2005092412, 03, CONU,  96, 190N, 1436W,   0,  252,   ,   0,    ,    0,    0,    0,    0, 
EP, 11, 2005092412, 03, CONU, 120, 210N, 1465W,   0,  385,   ,   0,    ,    0,    0,    0,    0, 
EP, 11, 2005092412, 03, GUNA,  12, 162N, 1388W,   0,   42,   ,   0,    ,    0,    0,    0,    0, 
EP, 11, 2005092412, 03, GUNA,  24, 161N, 1394W,   0,   74,   ,   0,    ,    0,    0,    0,    0, 
EP, 11, 2005092412, 03, GUNA,  36, 156N, 1400W,   0,  105,   ,   0,    ,    0,    0,    0,    0, 
EP, 11, 2005092412, 03, GUNA,  48, 150N, 1406W,   0,  132,   ,   0,    ,    0,    0,    0,    0, 
EP, 11, 2005092412, 03, GUNA,  72, 156N, 1422W,   0,  202,   ,   0,    ,    0,    0,    0,    0, 
EP, 11, 2005092412, 03, GUNA,  96, 184N, 1439W,   0,  269,   ,   0,    ,    0,    0,    0,    0, 
EP, 11, 2005092412, 03, GUNA, 120, 204N, 1471W,   0,  299,   ,   0,    ,    0,    0,    0,    0, 
EP, 11, 2005092418, 03, CONU,  12, 163N, 1392W,   0,   36,   ,   0,    ,    0,    0,    0,    0, 
EP, 11, 2005092418, 03, CONU,  24, 161N, 1395W,   0,   64,   ,   0,    ,    0,    0,    0,    0, 
EP, 11, 2005092418, 03, CONU,  36, 156N, 1398W,   0,   94,   ,   0,    ,    0,    0,    0,    0, 
EP, 11, 2005092418, 03, CONU,  48, 154N, 1401W,   0,  121,   ,   0,    ,    0,    0,    0,    0, 
EP, 11, 2005092418, 03, CONU,  72, 174N, 1412W,   0,  179,   ,   0,    ,    0,    0,    0,    0, 
EP, 11, 2005092418, 03, CONU,  96, 207N, 1427W,   0,  228,   ,   0,    ,    0,    0,    0,    0, 
EP, 11, 2005092418, 03, CONU, 120, 209N, 1466W,   0,  374,   ,   0,    ,    0,    0,    0,    0, 
EP, 11, 2005092418, 03, GUNA,  12, 163N, 1392W,   0,   37,   ,   0,    ,    0,    0,    0,    0, 
EP, 11, 2005092418, 03, GUNA,  24, 161N, 1395W,   0,   68,   ,   0,    ,    0,    0,    0,    0, 
EP, 11, 2005092418, 03, GUNA,  36, 157N, 1397W,   0,  100,   ,   0,    ,    0,    0,    0,    0, 
EP, 11, 2005092418, 03, GUNA,  48, 155N, 1401W,   0,  129,   ,   0,    ,    0,    0,    0,    0, 
EP, 11, 2005092418, 03, GUNA,  72, 172N, 1413W,   0,  197,   ,   0,    ,    0,    0,    0,    0, 
EP, 11, 2005092418, 03, GUNA,  96, 204N, 1431W,   0,  232,   ,   0,    ,    0,    0,    0,    0, 
EP, 11, 2005092418, 03, GUNA, 120, 208N, 1475W,   0,  306,   ,   0,    ,    0,    0,    0,    0, 
EP, 11, 2005092500, 03, CONU,  12, 163N, 1399W,   0,   39,   ,   0,    ,    0,    0,    0,    0, 
EP, 11, 2005092500, 03, CONU,  24, 159N, 1405W,   0,   69,   ,   0,    ,    0,    0,    0,    0, 
EP, 11, 2005092500, 03, CONU,  36, 153N, 1412W,   0,   99,   ,   0,    ,    0,    0,    0,    0, 
EP, 11, 2005092500, 03, CONU,  48, 152N, 1418W,   0,  125,   ,   0,    ,    0,    0,    0,    0, 
EP, 11, 2005092500, 03, CONU,  72, 172N, 1432W,   0,  181,   ,   0,    ,    0,    0,    0,    0, 
EP, 11, 2005092500, 03, CONU,  96, 198N, 1456W,   0,  246,   ,   0,    ,    0,    0,    0,    0, 
EP, 11, 2005092500, 03, CONU, 120, 203N, 1497W,   0,  406,   ,   0,    ,    0,    0,    0,    0, 
EP, 11, 2005092500, 03, GUNA,  12, 164N, 1399W,   0,   40,   ,   0,    ,    0,    0,    0,    0, 
EP, 11, 2005092500, 03, GUNA,  24, 160N, 1404W,   0,   71,   ,   0,    ,    0,    0,    0,    0, 
EP, 11, 2005092500, 03, GUNA,  36, 155N, 1410W,   0,  103,   ,   0,    ,    0,    0,    0,    0, 
EP, 11, 2005092500, 03, GUNA,  48, 154N, 1416W,   0,  132,   ,   0,    ,    0,    0,    0,    0, 
EP, 11, 2005092500, 03, GUNA,  72, 171N, 1431W,   0,  202,   ,   0,    ,    0,    0,    0,    0, 
EP, 11, 2005092500, 03, GUNA,  96, 193N, 1457W,   0,  267,   ,   0,    ,    0,    0,    0,    0, 
EP, 11, 2005092500, 03, GUNA, 120, 198N, 1500W,   0,  356,   ,   0,    ,    0,    0,    0,    0, 
EP, 11, 2005092506, 03, CONU,  12, 162N, 1402W,   0,   42,   ,   0,    ,    0,    0,    0,    0, 
EP, 11, 2005092506, 03, CONU,  24, 157N, 1409W,   0,   75,   ,   0,    ,    0,    0,    0,    0, 
EP, 11, 2005092506, 03, CONU,  36, 153N, 1416W,   0,  107,   ,   0,    ,    0,    0,    0,    0, 
EP, 11, 2005092506, 03, CONU,  48, 156N, 1425W,   0,  134,   ,   0,    ,    0,    0,    0,    0, 
EP, 11, 2005092506, 03, CONU,  72, 182N, 1450W,   0,  213,   ,   0,    ,    0,    0,    0,    0, 
EP, 11, 2005092506, 03, CONU,  96, 205N, 1476W,   0,  262,   ,   0,    ,    0,    0,    0,    0, 
EP, 11, 2005092506, 03, CONU, 120, 211N, 1512W,   0,  373,   ,   0,    ,    0,    0,    0,    0, 
EP, 11, 2005092506, 03, GUNA,  12, 162N, 1402W,   0,   45,   ,   0,    ,    0,    0,    0,    0, 
EP, 11, 2005092506, 03, GUNA,  24, 158N, 1408W,   0,   77,   ,   0,    ,    0,    0,    0,    0, 
EP, 11, 2005092506, 03, GUNA,  36, 154N, 1416W,   0,  117,   ,   0,    ,    0,    0,    0,    0, 
EP, 11, 2005092506, 03, GUNA,  48, 155N, 1426W,   0,  151,   ,   0,    ,    0,    0,    0,    0, 
EP, 11, 2005092506, 03, GUNA,  72, 180N, 1454W,   0,  236,   ,   0,    ,    0,    0,    0,    0, 
EP, 11, 2005092506, 03, GUNA,  96, 203N, 1484W,   0,  290,   ,   0,    ,    0,    0,    0,    0, 
EP, 11, 2005092506, 03, GUNA, 120, 208N, 1519W,   0,  296,   ,   0,    ,    0,    0,    0,    0, 
EP, 11, 2005092512, 03, CONU,  12, 161N, 1402W,   0,   41,   ,   0,    ,    0,    0,    0,    0, 
EP, 11, 2005092512, 03, CONU,  24, 155N, 1409W,   0,   73,   ,   0,    ,    0,    0,    0,    0, 
EP, 11, 2005092512, 03, CONU,  36, 154N, 1417W,   0,  105,   ,   0,    ,    0,    0,    0,    0, 
EP, 11, 2005092512, 03, CONU,  48, 160N, 1426W,   0,  131,   ,   0,    ,    0,    0,    0,    0, 
EP, 11, 2005092512, 03, CONU,  72, 191N, 1449W,   0,  209,   ,   0,    ,    0,    0,    0,    0, 
EP, 11, 2005092512, 03, CONU,  96, 204N, 1472W,   0,  247,   ,   0,    ,    0,    0,    0,    0, 
EP, 11, 2005092512, 03, CONU, 120, 204N, 1509W,   0,  371,   ,   0,    ,    0,    0,    0,    0, 
EP, 11, 2005092512, 03, GUNA,  12, 161N, 1402W,   0,   43,   ,   0,    ,    0,    0,    0,    0, 
EP, 11, 2005092512, 03, GUNA,  24, 155N, 1408W,   0,   75,   ,   0,    ,    0,    0,    0,    0, 
EP, 11, 2005092512, 03, GUNA,  36, 154N, 1417W,   0,  114,   ,   0,    ,    0,    0,    0,    0, 
EP, 11, 2005092512, 03, GUNA,  48, 159N, 1427W,   0,  145,   ,   0,    ,    0,    0,    0,    0, 
EP, 11, 2005092512, 03, GUNA,  72, 190N, 1455W,   0,  235,   ,   0,    ,    0,    0,    0,    0, 
EP, 11, 2005092512, 03, GUNA,  96, 202N, 1479W,   0,  271,   ,   0,    ,    0,    0,    0,    0, 
EP, 11, 2005092512, 03, GUNA, 120, 202N, 1516W,   0,  284,   ,   0,    ,    0,    0,    0,    0, 
EP, 11, 2005092518, 03, CONU,  12, 155N, 1403W,   0,   38,   ,   0,    ,    0,    0,    0,    0, 
EP, 11, 2005092518, 03, CONU,  24, 152N, 1412W,   0,   67,   ,   0,    ,    0,    0,    0,    0, 
EP, 11, 2005092518, 03, CONU,  36, 154N, 1423W,   0,   96,   ,   0,    ,    0,    0,    0,    0, 
EP, 11, 2005092518, 03, CONU,  48, 161N, 1436W,   0,  124,   ,   0,    ,    0,    0,    0,    0, 
EP, 11, 2005092518, 03, CONU,  72, 186N, 1467W,   0,  208,   ,   0,    ,    0,    0,    0,    0, 
EP, 11, 2005092518, 03, CONU,  96, 195N, 1490W,   0,  238,   ,   0,    ,    0,    0,    0,    0, 
EP, 11, 2005092518, 03, CONU, 120, 197N, 1526W,   0,  370,   ,   0,    ,    0,    0,    0,    0, 
EP, 11, 2005092518, 03, GUNA,  12, 155N, 1402W,   0,   37,   ,   0,    ,    0,    0,    0,    0, 
EP, 11, 2005092518, 03, GUNA,  24, 152N, 1410W,   0,   65,   ,   0,    ,    0,    0,    0,    0, 
EP, 11, 2005092518, 03, GUNA,  36, 154N, 1421W,   0,   97,   ,   0,    ,    0,    0,    0,    0, 
EP, 11, 2005092518, 03, GUNA,  48, 163N, 1435W,   0,  131,   ,   0,    ,    0,    0,    0,    0, 
EP, 11, 2005092518, 03, GUNA,  72, 187N, 1471W,   0,  236,   ,   0,    ,    0,    0,    0,    0, 
EP, 11, 2005092518, 03, GUNA,  96, 195N, 1495W,   0,  269,   ,   0,    ,    0,    0,    0,    0, 
EP, 11, 2005092518, 03, GUNA, 120, 195N, 1536W,   0,  281,   ,   0,    ,    0,    0,    0,    0, 
EP, 11, 2005092600, 03, CONU,  12, 153N, 1405W,   0,   39,   ,   0,    ,    0,    0,    0,    0, 
EP, 11, 2005092600, 03, CONU,  24, 154N, 1413W,   0,   72,   ,   0,    ,    0,    0,    0,    0, 
EP, 11, 2005092600, 03, CONU,  36, 160N, 1424W,   0,  105,   ,   0,    ,    0,    0,    0,    0, 
EP, 11, 2005092600, 03, CONU,  48, 173N, 1437W,   0,  134,   ,   0,    ,    0,    0,    0,    0, 
EP, 11, 2005092600, 03, CONU,  72, 196N, 1464W,   0,  214,   ,   0,    ,    0,    0,    0,    0, 
EP, 11, 2005092600, 03, CONU,  96, 199N, 1486W,   0,  254,   ,   0,    ,    0,    0,    0,    0, 
EP, 11, 2005092600, 03, CONU, 120, 218N, 1512W,   0,  359,   ,   0,    ,    0,    0,    0,    0, 
EP, 11, 2005092600, 03, GUNA,  12, 153N, 1405W,   0,   41,   ,   0,    ,    0,    0,    0,    0, 
EP, 11, 2005092600, 03, GUNA,  24, 154N, 1413W,   0,   74,   ,   0,    ,    0,    0,    0,    0, 
EP, 11, 2005092600, 03, GUNA,  36, 160N, 1423W,   0,  113,   ,   0,    ,    0,    0,    0,    0, 
EP, 11, 2005092600, 03, GUNA,  48, 172N, 1439W,   0,  149,   ,   0,    ,    0,    0,    0,    0, 
EP, 11, 2005092600, 03, GUNA,  72, 193N, 1470W,   0,  239,   ,   0,    ,    0,    0,    0,    0, 
EP, 11, 2005092600, 03, GUNA,  96, 195N, 1494W,   0,  282,   ,   0,    ,    0,    0,    0,    0, 
