WP, 17, 2008091200, 71, JNGP,   0, 255N, 1446E,  15,    0,   ,  34, NEQ,    0,    0,    0,    0, 
WP, 17, 2008091200, 71, JNGP,  12, 286N, 1445E,  15,    0,   ,  34, NEQ,    0,    0,    0,    0, 
WP, 17, 2008091200, 71, JNGP,  24, 305N, 1441E,  20,    0,   ,  34, NEQ,    0,    0,    0,    0, 
WP, 17, 2008091200, 71, JNGP,  36, 352N, 1445E,  20,    0,   ,  34, NEQ,    0,    0,    0,    0, 
WP, 17, 2008091200, 71, JNGP,  48, 354N, 1459E,  25,    0,   ,  34, NEQ,    0,    0,    0,    0, 
WP, 17, 2008091200, 74, JJGS,   0, 243N, 1454E,  15,    0,   ,  34, NEQ,    0,    0,    0,    0, 
WP, 17, 2008091200, 74, JJGS,  12, 257N, 1455E,  15,    0,   ,  34, NEQ,    0,    0,    0,    0, 
WP, 17, 2008091200, 74, JJGS,  24, 285N, 1450E,  15,    0,   ,  34, NEQ,    0,    0,    0,    0, 
WP, 17, 2008091200, 74, JJGS,  36, 305N, 1443E,  15,    0,   ,  34, NEQ,    0,    0,    0,    0, 
WP, 17, 2008091200, 74, JJGS,  48, 329N, 1455E,  15,    0,   ,  34, NEQ,    0,    0,    0,    0, 
WP, 17, 2008091200, 74, JJGS,  60, 364N, 1487E,  15,    0,   ,  34, NEQ,    0,    0,    0,    0, 
WP, 17, 2008091200, 74, JJGS,  72, 395N, 1550E,  25,    0,   ,  34, NEQ,    0,    0,    0,    0, 
WP, 17, 2008091206, 03, FBAF,  12, 288N, 1437E,   0,    0,   ,   0,    ,    0,    0,    0,    0, 
WP, 17, 2008091206, 03, FBAF,  24, 301N, 1431E,   0,    0,   ,   0,    ,    0,    0,    0,    0, 
WP, 17, 2008091206, 03, FBAF,  36, 312N, 1439E,   0,    0,   ,   0,    ,    0,    0,    0,    0, 
WP, 17, 2008091206, 03, FBAF,  48, 320N, 1463E,   0,    0,   ,   0,    ,    0,    0,    0,    0, 
WP, 17, 2008091206, 03, FBAF,  72, 317N, 1503E,   0,    0,   ,   0,    ,    0,    0,    0,    0, 
WP, 17, 2008091206, 03, FBAM,  12, 287N, 1437E,   0,    0,   ,   0,    ,    0,    0,    0,    0, 
WP, 17, 2008091206, 03, FBAM,  24, 298N, 1431E,   0,    0,   ,   0,    ,    0,    0,    0,    0, 
WP, 17, 2008091206, 03, FBAM,  36, 309N, 1434E,   0,    0,   ,   0,    ,    0,    0,    0,    0, 
WP, 17, 2008091206, 03, FBAM,  48, 316N, 1451E,   0,    0,   ,   0,    ,    0,    0,    0,    0, 
WP, 17, 2008091206, 03, FBAM,  72, 318N, 1486E,   0,    0,   ,   0,    ,    0,    0,    0,    0, 
WP, 17, 2008091206, 03, MBAF,  12, 289N, 1436E,   0,    0,   ,   0,    ,    0,    0,    0,    0, 
WP, 17, 2008091206, 03, MBAF,  24, 306N, 1427E,   0,    0,   ,   0,    ,    0,    0,    0,    0, 
WP, 17, 2008091206, 03, MBAF,  36, 323N, 1435E,   0,    0,   ,   0,    ,    0,    0,    0,    0, 
WP, 17, 2008091206, 03, MBAF,  48, 342N, 1463E,   0,    0,   ,   0,    ,    0,    0,    0,    0, 
WP, 17, 2008091206, 03, MBAF,  72, 361N, 1565E,   0,    0,   ,   0,    ,    0,    0,    0,    0, 
WP, 17, 2008091206, 03, MBAM,  12, 288N, 1436E,   0,    0,   ,   0,    ,    0,    0,    0,    0, 
WP, 17, 2008091206, 03, MBAM,  24, 304N, 1427E,   0,    0,   ,   0,    ,    0,    0,    0,    0, 
WP, 17, 2008091206, 03, MBAM,  36, 321N, 1430E,   0,    0,   ,   0,    ,    0,    0,    0,    0, 
WP, 17, 2008091206, 03, MBAM,  48, 340N, 1453E,   0,    0,   ,   0,    ,    0,    0,    0,    0, 
WP, 17, 2008091206, 03, MBAM,  72, 363N, 1558E,   0,    0,   ,   0,    ,    0,    0,    0,    0, 
WP, 17, 2008091206, 03, SBAF,  12, 289N, 1435E,   0,    0,   ,   0,    ,    0,    0,    0,    0, 
WP, 17, 2008091206, 03, SBAF,  24, 306N, 1426E,   0,    0,   ,   0,    ,    0,    0,    0,    0, 
WP, 17, 2008091206, 03, SBAF,  36, 324N, 1430E,   0,    0,   ,   0,    ,    0,    0,    0,    0, 
WP, 17, 2008091206, 03, SBAF,  48, 342N, 1452E,   0,    0,   ,   0,    ,    0,    0,    0,    0, 
WP, 17, 2008091206, 03, SBAF,  72, 367N, 1536E,   0,    0,   ,   0,    ,    0,    0,    0,    0, 
WP, 17, 2008091206, 03, SBAM,  12, 289N, 1435E,   0,    0,   ,   0,    ,    0,    0,    0,    0, 
WP, 17, 2008091206, 03, SBAM,  24, 306N, 1425E,   0,    0,   ,   0,    ,    0,    0,    0,    0, 
WP, 17, 2008091206, 03, SBAM,  36, 324N, 1426E,   0,    0,   ,   0,    ,    0,    0,    0,    0, 
WP, 17, 2008091206, 03, SBAM,  48, 344N, 1445E,   0,    0,   ,   0,    ,    0,    0,    0,    0, 
WP, 17, 2008091206, 03, SBAM,  72, 369N, 1534E,   0,    0,   ,   0,    ,    0,    0,    0,    0, 
WP, 17, 2008091206, 71, JNGP,   0, 282N, 1445E,  15,    0,   ,  34, NEQ,    0,    0,    0,    0, 
WP, 17, 2008091206, 71, JNGP,  12, 305N, 1436E,  15,    0,   ,  34, NEQ,    0,    0,    0,    0, 
WP, 17, 2008091206, 71, JNGP,  24, 318N, 1436E,  20,    0,   ,  34, NEQ,    0,    0,    0,    0, 
WP, 17, 2008091206, 71, JNGP,  36, 349N, 1452E,  20,    0,   ,  34, NEQ,    0,    0,    0,    0, 
WP, 17, 2008091206, 71, JNGP,  48, 373N, 1490E,  25,    0,   ,  34, NEQ,    0,    0,    0,    0, 
WP, 17, 2008091206, 72, JAVN,   0, 266N, 1445E,  15,    0,   ,  34, NEQ,    0,    0,    0,    0, 
WP, 17, 2008091212, 03, FBAF,  12, 299N, 1475E,   0,    0,   ,   0,    ,    0,    0,    0,    0, 
WP, 17, 2008091212, 03, FBAF,  24, 317N, 1476E,   0,    0,   ,   0,    ,    0,    0,    0,    0, 
WP, 17, 2008091212, 03, FBAF,  36, 333N, 1490E,   0,    0,   ,   0,    ,    0,    0,    0,    0, 
WP, 17, 2008091212, 03, FBAF,  48, 348N, 1520E,   0,    0,   ,   0,    ,    0,    0,    0,    0, 
WP, 17, 2008091212, 03, FBAF,  72, 374N, 1622E,   0,    0,   ,   0,    ,    0,    0,    0,    0, 
WP, 17, 2008091212, 03, FBAM,  12, 298N, 1473E,   0,    0,   ,   0,    ,    0,    0,    0,    0, 
WP, 17, 2008091212, 03, FBAM,  24, 316N, 1471E,   0,    0,   ,   0,    ,    0,    0,    0,    0, 
WP, 17, 2008091212, 03, FBAM,  36, 334N, 1483E,   0,    0,   ,   0,    ,    0,    0,    0,    0, 
WP, 17, 2008091212, 03, FBAM,  48, 352N, 1515E,   0,    0,   ,   0,    ,    0,    0,    0,    0, 
WP, 17, 2008091212, 03, FBAM,  72, 383N, 1625E,   0,    0,   ,   0,    ,    0,    0,    0,    0, 
WP, 17, 2008091212, 03, MBAF,  12, 300N, 1474E,   0,    0,   ,   0,    ,    0,    0,    0,    0, 
WP, 17, 2008091212, 03, MBAF,  24, 322N, 1473E,   0,    0,   ,   0,    ,    0,    0,    0,    0, 
WP, 17, 2008091212, 03, MBAF,  36, 345N, 1488E,   0,    0,   ,   0,    ,    0,    0,    0,    0, 
WP, 17, 2008091212, 03, MBAF,  48, 366N, 1522E,   0,    0,   ,   0,    ,    0,    0,    0,    0, 
WP, 17, 2008091212, 03, MBAF,  72, 400N, 1633E,   0,    0,   ,   0,    ,    0,    0,    0,    0, 
WP, 17, 2008091212, 03, MBAM,  12, 300N, 1473E,   0,    0,   ,   0,    ,    0,    0,    0,    0, 
WP, 17, 2008091212, 03, MBAM,  24, 325N, 1469E,   0,    0,   ,   0,    ,    0,    0,    0,    0, 
WP, 17, 2008091212, 03, MBAM,  36, 351N, 1485E,   0,    0,   ,   0,    ,    0,    0,    0,    0, 
WP, 17, 2008091212, 03, MBAM,  48, 376N, 1524E,   0,    0,   ,   0,    ,    0,    0,    0,    0, 
WP, 17, 2008091212, 03, MBAM,  72, 413N, 1648E,   0,    0,   ,   0,    ,    0,    0,    0,    0, 
WP, 17, 2008091212, 03, SBAF,  12, 300N, 1474E,   0,    0,   ,   0,    ,    0,    0,    0,    0, 
WP, 17, 2008091212, 03, SBAF,  24, 322N, 1472E,   0,    0,   ,   0,    ,    0,    0,    0,    0, 
WP, 17, 2008091212, 03, SBAF,  36, 346N, 1486E,   0,    0,   ,   0,    ,    0,    0,    0,    0, 
WP, 17, 2008091212, 03, SBAF,  48, 367N, 1516E,   0,    0,   ,   0,    ,    0,    0,    0,    0, 
WP, 17, 2008091212, 03, SBAF,  72, 392N, 1609E,   0,    0,   ,   0,    ,    0,    0,    0,    0, 
WP, 17, 2008091212, 03, SBAM,  12, 301N, 1472E,   0,    0,   ,   0,    ,    0,    0,    0,    0, 
WP, 17, 2008091212, 03, SBAM,  24, 328N, 1467E,   0,    0,   ,   0,    ,    0,    0,    0,    0, 
WP, 17, 2008091212, 03, SBAM,  36, 355N, 1483E,   0,    0,   ,   0,    ,    0,    0,    0,    0, 
WP, 17, 2008091212, 03, SBAM,  48, 378N, 1518E,   0,    0,   ,   0,    ,    0,    0,    0,    0, 
WP, 17, 2008091212, 03, SBAM,  72, 403N, 1620E,   0,    0,   ,   0,    ,    0,    0,    0,    0, 
WP, 17, 2008091212, 71, JNGP,   0, 285N, 1445E,  15,    0,   ,  34, NEQ,    0,    0,    0,    0, 
WP, 17, 2008091212, 71, JNGP,  12, 295N, 1445E,  20,    0,   ,  34, NEQ,    0,    0,    0,    0, 
WP, 17, 2008091212, 71, JNGP,  24, 315N, 1448E,  20,    0,   ,  34, NEQ,    0,    0,    0,    0, 
WP, 17, 2008091212, 71, JNGP,  36, 348N, 1465E,  20,    0,   ,  34, NEQ,    0,    0,    0,    0, 
WP, 17, 2008091212, 71, JNGP,  48, 357N, 1501E,  25,    0,   ,  34, NEQ,    0,    0,    0,    0, 
WP, 17, 2008091212, 71, JNGP,  60, 362N, 1538E,  20,    0,   ,  34, NEQ,    0,    0,    0,    0, 
WP, 17, 2008091212, 72, JAVN,   0, 264N, 1443E,  15,    0,   ,  34, NEQ,    0,    0,    0,    0, 
WP, 17, 2008091212, 72, JAVN,  12, 285N, 1457E,  20,    0,   ,  34, NEQ,    0,    0,    0,    0, 
WP, 17, 2008091212, 72, JAVN,  24, 315N, 1464E,  15,    0,   ,  34, NEQ,    0,    0,    0,    0, 
WP, 17, 2008091212, 72, JAVN,  36, 328N, 1491E,  20,    0,   ,  34, NEQ,    0,    0,    0,    0, 
WP, 17, 2008091212, 72, JAVN,  48, 351N, 1519E,  20,    0,   ,  34, NEQ,    0,    0,    0,    0, 
WP, 17, 2008091212, 74, JJGS,   0, 258N, 1455E,  15,    0,   ,  34, NEQ,    0,    0,    0,    0, 
WP, 17, 2008091212, 74, JJGS,  12, 283N, 1454E,  20,    0,   ,  34, NEQ,    0,    0,    0,    0, 
WP, 17, 2008091212, 74, JJGS,  24, 300N, 1455E,  20,    0,   ,  34, NEQ,    0,    0,    0,    0, 
WP, 17, 2008091212, 74, JJGS,  36, 324N, 1457E,  15,    0,   ,  34, NEQ,    0,    0,    0,    0, 
WP, 17, 2008091212, 74, JJGS,  48, 338N, 1484E,  20,    0,   ,  34, NEQ,    0,    0,    0,    0, 
WP, 17, 2008091212, 74, JJGS,  60, 348N, 1524E,  25,    0,   ,  34, NEQ,    0,    0,    0,    0, 
WP, 17, 2008091212, 74, JJGS,  72, 362N, 1575E,  25,    0,   ,  34, NEQ,    0,    0,    0,    0, 
WP, 17, 2008091218, 71, JNGP,   0, 292N, 1445E,  15,    0,   ,  34, NEQ,    0,    0,    0,    0, 
WP, 17, 2008091218, 71, JNGP,  12, 305N, 1447E,  15,    0,   ,  34, NEQ,    0,    0,    0,    0, 
WP, 17, 2008091218, 71, JNGP,  24, 339N, 1465E,  20,    0,   ,  34, NEQ,    0,    0,    0,    0, 
WP, 17, 2008091218, 71, JNGP,  36, 359N, 1492E,  25,    0,   ,  34, NEQ,    0,    0,    0,    0, 
WP, 17, 2008091218, 71, JNGP,  48, 371N, 1532E,  30,    0,   ,  34, NEQ,    0,    0,    0,    0, 
WP, 17, 2008091218, 72, JAVN,   0, 294N, 1444E,  15,    0,   ,  34, NEQ,    0,    0,    0,    0, 
WP, 17, 2008091218, 72, JAVN,  12, 285N, 1460E,  15,    0,   ,  34, NEQ,    0,    0,    0,    0, 
WP, 17, 2008091218, 72, JAVN,  24, 316N, 1484E,  15,    0,   ,  34, NEQ,    0,    0,    0,    0, 
WP, 17, 2008091218, 72, JAVN,  36, 344N, 1500E,  20,    0,   ,  34, NEQ,    0,    0,    0,    0, 
WP, 17, 2008091300, 03, FBAF,  12, 313N, 1483E,   0,    0,   ,   0,    ,    0,    0,    0,    0, 
WP, 17, 2008091300, 03, FBAF,  24, 329N, 1498E,   0,    0,   ,   0,    ,    0,    0,    0,    0, 
WP, 17, 2008091300, 03, FBAF,  36, 343N, 1529E,   0,    0,   ,   0,    ,    0,    0,    0,    0, 
WP, 17, 2008091300, 03, FBAF,  48, 353N, 1577E,   0,    0,   ,   0,    ,    0,    0,    0,    0, 
WP, 17, 2008091300, 03, FBAF,  72, 390N, 1707E,   0,    0,   ,   0,    ,    0,    0,    0,    0, 
WP, 17, 2008091300, 03, FBAM,  12, 313N, 1482E,   0,    0,   ,   0,    ,    0,    0,    0,    0, 
WP, 17, 2008091300, 03, FBAM,  24, 332N, 1495E,   0,    0,   ,   0,    ,    0,    0,    0,    0, 
WP, 17, 2008091300, 03, FBAM,  36, 349N, 1528E,   0,    0,   ,   0,    ,    0,    0,    0,    0, 
WP, 17, 2008091300, 03, FBAM,  48, 366N, 1579E,   0,    0,   ,   0,    ,    0,    0,    0,    0, 
WP, 17, 2008091300, 03, FBAM,  72, 437N, 1736E,   0,    0,   ,   0,    ,    0,    0,    0,    0, 
WP, 17, 2008091300, 03, MBAF,  12, 315N, 1483E,   0,    0,   ,   0,    ,    0,    0,    0,    0, 
WP, 17, 2008091300, 03, MBAF,  24, 339N, 1499E,   0,    0,   ,   0,    ,    0,    0,    0,    0, 
WP, 17, 2008091300, 03, MBAF,  36, 359N, 1534E,   0,    0,   ,   0,    ,    0,    0,    0,    0, 
WP, 17, 2008091300, 03, MBAF,  48, 377N, 1588E,   0,    0,   ,   0,    ,    0,    0,    0,    0, 
WP, 17, 2008091300, 03, MBAF,  72, 437N, 1743E,   0,    0,   ,   0,    ,    0,    0,    0,    0, 
WP, 17, 2008091300, 03, MBAM,  12, 316N, 1481E,   0,    0,   ,   0,    ,    0,    0,    0,    0, 
WP, 17, 2008091300, 03, MBAM,  24, 344N, 1497E,   0,    0,   ,   0,    ,    0,    0,    0,    0, 
WP, 17, 2008091300, 03, MBAM,  36, 370N, 1537E,   0,    0,   ,   0,    ,    0,    0,    0,    0, 
WP, 17, 2008091300, 03, MBAM,  48, 394N, 1594E,   0,    0,   ,   0,    ,    0,    0,    0,    0, 
WP, 17, 2008091300, 03, MBAM,  72, 469N, 1751E,   0,    0,   ,   0,    ,    0,    0,    0,    0, 
WP, 17, 2008091300, 03, SBAF,  12, 316N, 1482E,   0,    0,   ,   0,    ,    0,    0,    0,    0, 
WP, 17, 2008091300, 03, SBAF,  24, 341N, 1498E,   0,    0,   ,   0,    ,    0,    0,    0,    0, 
WP, 17, 2008091300, 03, SBAF,  36, 362N, 1532E,   0,    0,   ,   0,    ,    0,    0,    0,    0, 
WP, 17, 2008091300, 03, SBAF,  48, 378N, 1584E,   0,    0,   ,   0,    ,    0,    0,    0,    0, 
WP, 17, 2008091300, 03, SBAF,  72, 420N, 1726E,   0,    0,   ,   0,    ,    0,    0,    0,    0, 
WP, 17, 2008091300, 03, SBAM,  12, 317N, 1481E,   0,    0,   ,   0,    ,    0,    0,    0,    0, 
WP, 17, 2008091300, 03, SBAM,  24, 347N, 1496E,   0,    0,   ,   0,    ,    0,    0,    0,    0, 
WP, 17, 2008091300, 03, SBAM,  36, 372N, 1535E,   0,    0,   ,   0,    ,    0,    0,    0,    0, 
WP, 17, 2008091300, 03, SBAM,  48, 393N, 1592E,   0,    0,   ,   0,    ,    0,    0,    0,    0, 
WP, 17, 2008091300, 03, SBAM,  72, 454N, 1744E,   0,    0,   ,   0,    ,    0,    0,    0,    0, 
WP, 17, 2008091300, 71, JNGP,   0, 295N, 1450E,  15,    0,   ,  34, NEQ,    0,    0,    0,    0, 
WP, 17, 2008091300, 71, JNGP,  12, 320N, 1455E,  15,    0,   ,  34, NEQ,    0,    0,    0,    0, 
WP, 17, 2008091300, 71, JNGP,  24, 355N, 1477E,  15,    0,   ,  34, NEQ,    0,    0,    0,    0, 
WP, 17, 2008091300, 72, JAVN,   0, 284N, 1455E,  15,    0,   ,  34, NEQ,    0,    0,    0,    0, 
WP, 17, 2008091300, 72, JAVN,  12, 312N, 1478E,  10,    0,   ,  34, NEQ,    0,    0,    0,    0, 
WP, 17, 2008091300, 74, JJGS,   0, 285N, 1455E,  15,    0,   ,  34, NEQ,    0,    0,    0,    0, 
WP, 17, 2008091300, 74, JJGS,  12, 303N, 1455E,  15,    0,   ,  34, NEQ,    0,    0,    0,    0, 
WP, 17, 2008091300, 74, JJGS,  24, 326N, 1465E,  15,    0,   ,  34, NEQ,    0,    0,    0,    0, 
WP, 17, 2008091300, 74, JJGS,  36, 349N, 1495E,  15,    0,   ,  34, NEQ,    0,    0,    0,    0, 
WP, 17, 2008091300, 74, JJGS,  48, 357N, 1544E,  25,    0,   ,  34, NEQ,    0,    0,    0,    0, 
WP, 17, 2008091306, 71, JNGP,   0, 305N, 1453E,  15,    0,   ,  34, NEQ,    0,    0,    0,    0, 
WP, 17, 2008091306, 71, JNGP,  12, 319N, 1464E,  15,    0,   ,  34, NEQ,    0,    0,    0,    0, 
WP, 17, 2008091306, 71, JNGP,  24, 357N, 1493E,  20,    0,   ,  34, NEQ,    0,    0,    0,    0, 
WP, 17, 2008091306, 71, JNGP,  36, 372N, 1537E,  30,    0,   ,  34, NEQ,    0,    0,    0,    0, 
WP, 17, 2008091306, 72, JAVN,   0, 295N, 1453E,  15,    0,   ,  34, NEQ,    0,    0,    0,    0, 
WP, 17, 2008091306, 72, JAVN,  12, 325N, 1481E,  15,    0,   ,  34, NEQ,    0,    0,    0,    0, 
WP, 17, 2008091312, 03, FBAF,  12, 344N, 1490E,   0,    0,   ,   0,    ,    0,    0,    0,    0, 
WP, 17, 2008091312, 03, FBAF,  24, 373N, 1537E,   0,    0,   ,   0,    ,    0,    0,    0,    0, 
WP, 17, 2008091312, 03, FBAF,  36, 412N, 1605E,   0,    0,   ,   0,    ,    0,    0,    0,    0, 
WP, 17, 2008091312, 03, FBAF,  48, 459N, 1680E,   0,    0,   ,   0,    ,    0,    0,    0,    0, 
WP, 17, 2008091312, 03, FBAF,  72, 546N, 1784W,   0,    0,   ,   0,    ,    0,    0,    0,    0, 
WP, 17, 2008091312, 03, FBAM,  12, 344N, 1490E,   0,    0,   ,   0,    ,    0,    0,    0,    0, 
WP, 17, 2008091312, 03, FBAM,  24, 372N, 1534E,   0,    0,   ,   0,    ,    0,    0,    0,    0, 
WP, 17, 2008091312, 03, FBAM,  36, 408N, 1599E,   0,    0,   ,   0,    ,    0,    0,    0,    0, 
WP, 17, 2008091312, 03, FBAM,  48, 455N, 1676E,   0,    0,   ,   0,    ,    0,    0,    0,    0, 
WP, 17, 2008091312, 03, FBAM,  72, 546N, 1760W,   0,    0,   ,   0,    ,    0,    0,    0,    0, 
WP, 17, 2008091312, 03, MBAF,  12, 344N, 1489E,   0,    0,   ,   0,    ,    0,    0,    0,    0, 
WP, 17, 2008091312, 03, MBAF,  24, 369N, 1530E,   0,    0,   ,   0,    ,    0,    0,    0,    0, 
WP, 17, 2008091312, 03, MBAF,  36, 394N, 1593E,   0,    0,   ,   0,    ,    0,    0,    0,    0, 
WP, 17, 2008091312, 03, MBAF,  48, 424N, 1669E,   0,    0,   ,   0,    ,    0,    0,    0,    0, 
WP, 17, 2008091312, 03, MBAF,  72, 519N, 1783W,   0,    0,   ,   0,    ,    0,    0,    0,    0, 
WP, 17, 2008091312, 03, MBAM,  12, 345N, 1490E,   0,    0,   ,   0,    ,    0,    0,    0,    0, 
WP, 17, 2008091312, 03, MBAM,  24, 371N, 1530E,   0,    0,   ,   0,    ,    0,    0,    0,    0, 
WP, 17, 2008091312, 03, MBAM,  36, 396N, 1590E,   0,    0,   ,   0,    ,    0,    0,    0,    0, 
WP, 17, 2008091312, 03, MBAM,  48, 428N, 1664E,   0,    0,   ,   0,    ,    0,    0,    0,    0, 
WP, 17, 2008091312, 03, MBAM,  72, 519N, 1783W,   0,    0,   ,   0,    ,    0,    0,    0,    0, 
WP, 17, 2008091312, 03, SBAF,  12, 344N, 1489E,   0,    0,   ,   0,    ,    0,    0,    0,    0, 
WP, 17, 2008091312, 03, SBAF,  24, 367N, 1526E,   0,    0,   ,   0,    ,    0,    0,    0,    0, 
WP, 17, 2008091312, 03, SBAF,  36, 386N, 1583E,   0,    0,   ,   0,    ,    0,    0,    0,    0, 
WP, 17, 2008091312, 03, SBAF,  48, 406N, 1655E,   0,    0,   ,   0,    ,    0,    0,    0,    0, 
WP, 17, 2008091312, 03, SBAF,  72, 497N, 1769W,   0,    0,   ,   0,    ,    0,    0,    0,    0, 
WP, 17, 2008091312, 03, SBAM,  12, 345N, 1490E,   0,    0,   ,   0,    ,    0,    0,    0,    0, 
WP, 17, 2008091312, 03, SBAM,  24, 369N, 1528E,   0,    0,   ,   0,    ,    0,    0,    0,    0, 
WP, 17, 2008091312, 03, SBAM,  36, 388N, 1583E,   0,    0,   ,   0,    ,    0,    0,    0,    0, 
WP, 17, 2008091312, 03, SBAM,  48, 410N, 1652E,   0,    0,   ,   0,    ,    0,    0,    0,    0, 
WP, 17, 2008091312, 03, SBAM,  72, 494N, 1778W,   0,    0,   ,   0,    ,    0,    0,    0,    0, 
WP, 17, 2008091312, 71, JNGP,   0, 315N, 1462E,  15,    0,   ,  34, NEQ,    0,    0,    0,    0, 
WP, 17, 2008091312, 71, JNGP,  12, 350N, 1479E,  20,    0,   ,  34, NEQ,    0,    0,    0,    0, 
WP, 17, 2008091312, 71, JNGP,  24, 366N, 1520E,  25,    0,   ,  34, NEQ,    0,    0,    0,    0, 
WP, 17, 2008091312, 72, JAVN,   0, 317N, 1481E,  15,    0,   ,  34, NEQ,    0,    0,    0,    0, 
WP, 17, 2008091312, 72, JAVN,  12, 336N, 1493E,  20,    0,   ,  34, NEQ,    0,    0,    0,    0, 
WP, 17, 2008091318, 01, CARQ, -24, 283N, 1475E,  15,    0,   ,   0,    ,    0,    0,    0,    0, 
WP, 17, 2008091318, 01, CARQ, -18, 294N, 1478E,  15,    0,   ,   0,    ,    0,    0,    0,    0, 
WP, 17, 2008091318, 01, CARQ, -12, 307N, 1479E,  15,    0,   ,   0,    ,    0,    0,    0,    0, 
WP, 17, 2008091318, 01, CARQ,  -6, 317N, 1479E,  15,    0,   ,   0,    ,    0,    0,    0,    0, 
WP, 17, 2008091318, 01, CARQ,   0, 323N, 1480E,  15,    0,   ,   0,    ,    0,    0,    0,    0, 
WP, 17, 2008091318, 03, C120,  12, 337N, 1481E,   0,    0,   ,   0,    ,    0,    0,    0,    0, 
WP, 17, 2008091318, 03, C120,  24, 350N, 1483E,   0,    0,   ,   0,    ,    0,    0,    0,    0, 
WP, 17, 2008091318, 03, C120,  36, 358N, 1489E,   0,    0,   ,   0,    ,    0,    0,    0,    0, 
WP, 17, 2008091318, 03, C120,  48, 364N, 1497E,   0,    0,   ,   0,    ,    0,    0,    0,    0, 
WP, 17, 2008091318, 03, C120,  60, 370N, 1504E,   0,    0,   ,   0,    ,    0,    0,    0,    0, 
WP, 17, 2008091318, 03, C120,  72, 380N, 1511E,   0,    0,   ,   0,    ,    0,    0,    0,    0, 
WP, 17, 2008091318, 03, C120,  84, 390N, 1519E,   0,    0,   ,   0,    ,    0,    0,    0,    0, 
WP, 17, 2008091318, 03, C120,  96, 400N, 1527E,   0,    0,   ,   0,    ,    0,    0,    0,    0, 
WP, 17, 2008091318, 03, C120, 108, 411N, 1536E,   0,    0,   ,   0,    ,    0,    0,    0,    0, 
WP, 17, 2008091318, 03, C120, 120, 421N, 1546E,   0,    0,   ,   0,    ,    0,    0,    0,    0, 
WP, 17, 2008091318, 03, CLIM,  12, 349N, 1504E,   9,    0,   ,   0,    ,    0,    0,    0,    0, 
WP, 17, 2008091318, 03, CLIM,  24, 376N, 1536E,   0,    0,   ,   0,    ,    0,    0,    0,    0, 
WP, 17, 2008091318, 03, CLIM,  36, 397N, 1576E,   0,    0,   ,   0,    ,    0,    0,    0,    0, 
WP, 17, 2008091318, 03, CLIM,  48, 399N, 1637E,   8,    0,   ,   0,    ,    0,    0,    0,    0, 
WP, 17, 2008091318, 03, CLIM,  72, 374N, 1635E,  20,    0,   ,   0,    ,    0,    0,    0,    0, 
WP, 17, 2008091318, 03, CLIP,  12, 338N, 1489E,  17,    0,   ,   0,    ,    0,    0,    0,    0, 
WP, 17, 2008091318, 03, CLIP,  24, 353N, 1501E,  20,    0,   ,   0,    ,    0,    0,    0,    0, 
WP, 17, 2008091318, 03, CLIP,  36, 371N, 1516E,  23,    0,   ,   0,    ,    0,    0,    0,    0, 
WP, 17, 2008091318, 03, CLIP,  48, 388N, 1539E,  24,    0,   ,   0,    ,    0,    0,    0,    0, 
WP, 17, 2008091318, 03, CLIP,  72, 412N, 1574E,  20,    0,   ,   0,    ,    0,    0,    0,    0, 
WP, 17, 2008091318, 03, FBAF,  12, 341N, 1493E,   0,    0,   ,   0,    ,    0,    0,    0,    0, 
WP, 17, 2008091318, 03, FBAF,  24, 361N, 1544E,   0,    0,   ,   0,    ,    0,    0,    0,    0, 
WP, 17, 2008091318, 03, FBAF,  36, 384N, 1611E,   0,    0,   ,   0,    ,    0,    0,    0,    0, 
WP, 17, 2008091318, 03, FBAF,  48, 421N, 1694E,   0,    0,   ,   0,    ,    0,    0,    0,    0, 
WP, 17, 2008091318, 03, FBAF,  72, 523N, 1731W,   0,    0,   ,   0,    ,    0,    0,    0,    0, 
WP, 17, 2008091318, 03, FBAM,  12, 341N, 1492E,   0,    0,   ,   0,    ,    0,    0,    0,    0, 
WP, 17, 2008091318, 03, FBAM,  24, 360N, 1539E,   0,    0,   ,   0,    ,    0,    0,    0,    0, 
WP, 17, 2008091318, 03, FBAM,  36, 381N, 1602E,   0,    0,   ,   0,    ,    0,    0,    0,    0, 
WP, 17, 2008091318, 03, FBAM,  48, 417N, 1683E,   0,    0,   ,   0,    ,    0,    0,    0,    0, 
WP, 17, 2008091318, 03, FBAM,  72, 521N, 1733W,   0,    0,   ,   0,    ,    0,    0,    0,    0, 
WP, 17, 2008091318, 03, HPAC,  12, 344N, 1493E,   0,    0,   ,   0,    ,    0,    0,    0,    0, 
WP, 17, 2008091318, 03, HPAC,  24, 365N, 1509E,   0,    0,   ,   0,    ,    0,    0,    0,    0, 
WP, 17, 2008091318, 03, HPAC,  36, 384N, 1530E,   0,    0,   ,   0,    ,    0,    0,    0,    0, 
WP, 17, 2008091318, 03, HPAC,  48, 393N, 1561E,   0,    0,   ,   0,    ,    0,    0,    0,    0, 
WP, 17, 2008091318, 03, HPAC,  72, 397N, 1561E,   0,    0,   ,   0,    ,    0,    0,    0,    0, 
WP, 17, 2008091318, 03, MBAF,  12, 341N, 1491E,   0,    0,   ,   0,    ,    0,    0,    0,    0, 
WP, 17, 2008091318, 03, MBAF,  24, 357N, 1533E,   0,    0,   ,   0,    ,    0,    0,    0,    0, 
WP, 17, 2008091318, 03, MBAF,  36, 367N, 1588E,   0,    0,   ,   0,    ,    0,    0,    0,    0, 
WP, 17, 2008091318, 03, MBAF,  48, 376N, 1650E,   0,    0,   ,   0,    ,    0,    0,    0,    0, 
WP, 17, 2008091318, 03, MBAF,  72, 435N, 1757W,   0,    0,   ,   0,    ,    0,    0,    0,    0, 
WP, 17, 2008091318, 03, MBAM,  12, 342N, 1491E,   0,    0,   ,   0,    ,    0,    0,    0,    0, 
WP, 17, 2008091318, 03, MBAM,  24, 361N, 1533E,   0,    0,   ,   0,    ,    0,    0,    0,    0, 
WP, 17, 2008091318, 03, MBAM,  36, 376N, 1589E,   0,    0,   ,   0,    ,    0,    0,    0,    0, 
WP, 17, 2008091318, 03, MBAM,  48, 395N, 1661E,   0,    0,   ,   0,    ,    0,    0,    0,    0, 
WP, 17, 2008091318, 03, MBAM,  72, 483N, 1741W,   0,    0,   ,   0,    ,    0,    0,    0,    0, 
WP, 17, 2008091318, 03, PEST,   0, 323N, 1480E,  15,    0,   ,   0,    ,    0,    0,    0,    0, 
WP, 17, 2008091318, 03, PEST,  12,   0N,    0E,   0,    0,   ,   0,    ,    0,    0,    0,    0, 
WP, 17, 2008091318, 03, PEST,  24,   0N,    0E,   0,    0,   ,   0,    ,    0,    0,    0,    0, 
WP, 17, 2008091318, 03, PEST,  36,   0N,    0E,   0,    0,   ,   0,    ,    0,    0,    0,    0, 
WP, 17, 2008091318, 03, PEST,  48,   0N,    0E,   0,    0,   ,   0,    ,    0,    0,    0,    0, 
WP, 17, 2008091318, 03, PEST,  60,   0N,    0E,   0,    0,   ,   0,    ,    0,    0,    0,    0, 
WP, 17, 2008091318, 03, PEST,  72,   0N,    0E,   0,    0,   ,   0,    ,    0,    0,    0,    0, 
WP, 17, 2008091318, 03, PEST,  84,   0N,    0E,   0,    0,   ,   0,    ,    0,    0,    0,    0, 
WP, 17, 2008091318, 03, PEST,  96,   0N,    0E,   0,    0,   ,   0,    ,    0,    0,    0,    0, 
WP, 17, 2008091318, 03, PEST, 108,   0N,    0E,   0,    0,   ,   0,    ,    0,    0,    0,    0, 
WP, 17, 2008091318, 03, PEST, 120,   0N,    0E,   0,    0,   ,   0,    ,    0,    0,    0,    0, 
WP, 17, 2008091318, 03, PEST, 132,   0N,    0E,   0,    0,   ,   0,    ,    0,    0,    0,    0, 
WP, 17, 2008091318, 03, PEST, 144,   0N,    0E,   0,    0,   ,   0,    ,    0,    0,    0,    0, 
WP, 17, 2008091318, 03, RECR,  12, 336N, 1492E,  20,    0,   ,   0,    ,    0,    0,    0,    0, 
WP, 17, 2008091318, 03, RECR,  24, 350N, 1501E,  20,    0,   ,   0,    ,    0,    0,    0,    0, 
WP, 17, 2008091318, 03, RECR,  36, 362N, 1513E,  20,    0,   ,   0,    ,    0,    0,    0,    0, 
WP, 17, 2008091318, 03, RECR,  48, 380N, 1515E,  25,    0,   ,   0,    ,    0,    0,    0,    0, 
WP, 17, 2008091318, 03, RECR,  72, 402N, 1547E,  30,    0,   ,   0,    ,    0,    0,    0,    0, 
WP, 17, 2008091318, 03, SBAF,  12, 341N, 1490E,   0,    0,   ,   0,    ,    0,    0,    0,    0, 
WP, 17, 2008091318, 03, SBAF,  24, 355N, 1527E,   0,    0,   ,   0,    ,    0,    0,    0,    0, 
WP, 17, 2008091318, 03, SBAF,  36, 361N, 1575E,   0,    0,   ,   0,    ,    0,    0,    0,    0, 
WP, 17, 2008091318, 03, SBAF,  48, 363N, 1624E,   0,    0,   ,   0,    ,    0,    0,    0,    0, 
WP, 17, 2008091318, 03, SBAF,  72, 372N, 1726E,   0,    0,   ,   0,    ,    0,    0,    0,    0, 
WP, 17, 2008091318, 03, SBAM,  12, 343N, 1489E,   0,    0,   ,   0,    ,    0,    0,    0,    0, 
WP, 17, 2008091318, 03, SBAM,  24, 361N, 1528E,   0,    0,   ,   0,    ,    0,    0,    0,    0, 
WP, 17, 2008091318, 03, SBAM,  36, 373N, 1580E,   0,    0,   ,   0,    ,    0,    0,    0,    0, 
WP, 17, 2008091318, 03, SBAM,  48, 384N, 1643E,   0,    0,   ,   0,    ,    0,    0,    0,    0, 
WP, 17, 2008091318, 03, SBAM,  72, 442N, 1769W,   0,    0,   ,   0,    ,    0,    0,    0,    0, 
WP, 17, 2008091318, 03, ST5D,  12,   0N,    0E,  17,    0,   ,   0,    ,    0,    0,    0,    0, 
WP, 17, 2008091318, 03, ST5D,  24,   0N,    0E,  20,    0,   ,   0,    ,    0,    0,    0,    0, 
WP, 17, 2008091318, 03, ST5D,  36,   0N,    0E,  19,    0,   ,   0,    ,    0,    0,    0,    0, 
WP, 17, 2008091318, 03, ST5D,  48,   0N,    0E,  21,    0,   ,   0,    ,    0,    0,    0,    0, 
WP, 17, 2008091318, 03, ST5D,  60,   0N,    0E,  24,    0,   ,   0,    ,    0,    0,    0,    0, 
WP, 17, 2008091318, 03, ST5D,  72,   0N,    0E,  27,    0,   ,   0,    ,    0,    0,    0,    0, 
WP, 17, 2008091318, 03, ST5D,  84,   0N,    0E,  33,    0,   ,   0,    ,    0,    0,    0,    0, 
WP, 17, 2008091318, 03, ST5D,  96,   0N,    0E,  36,    0,   ,   0,    ,    0,    0,    0,    0, 
WP, 17, 2008091318, 03, ST5D, 108,   0N,    0E,  39,    0,   ,   0,    ,    0,    0,    0,    0, 
WP, 17, 2008091318, 03, ST5D, 120,   0N,    0E,  41,    0,   ,   0,    ,    0,    0,    0,    0, 
WP, 17, 2008091318, 03, STRT,  12, 342N, 1475E,  10,    0,   ,   0,    ,    0,    0,    0,    0, 
WP, 17, 2008091318, 03, STRT,  24, 358N, 1466E,  10,    0,   ,   0,    ,    0,    0,    0,    0, 
WP, 17, 2008091318, 03, STRT,  36, 375N, 1458E,   5,    0,   ,   0,    ,    0,    0,    0,    0, 
WP, 17, 2008091318, 03, STRT,  48, 392N, 1451E,   0,    0,   ,   0,    ,    0,    0,    0,    0, 
WP, 17, 2008091318, 03, STRT,  72, 422N, 1447E,   0,    0,   ,   0,    ,    0,    0,    0,    0, 
WP, 17, 2008091318, 03, XTRP,  12, 339N, 1481E,  15,    0,   ,   0,    ,    0,    0,    0,    0, 
WP, 17, 2008091318, 03, XTRP,  24, 355N, 1482E,  15,    0,   ,   0,    ,    0,    0,    0,    0, 
WP, 17, 2008091318, 03, XTRP,  36, 371N, 1483E,  15,    0,   ,   0,    ,    0,    0,    0,    0, 
WP, 17, 2008091318, 03, XTRP,  48, 387N, 1484E,  15,    0,   ,   0,    ,    0,    0,    0,    0, 
WP, 17, 2008091318, 03, XTRP,  60, 403N, 1485E,  15,    0,   ,   0,    ,    0,    0,    0,    0, 
WP, 17, 2008091318, 03, XTRP,  72, 419N, 1486E,  15,    0,   ,   0,    ,    0,    0,    0,    0, 
WP, 17, 2008091318, 03, XTRP,  84, 435N, 1487E,  15,    0,   ,   0,    ,    0,    0,    0,    0, 
WP, 17, 2008091318, 03, XTRP,  96, 451N, 1489E,  15,    0,   ,   0,    ,    0,    0,    0,    0, 
WP, 17, 2008091318, 03, XTRP, 108, 467N, 1490E,  15,    0,   ,   0,    ,    0,    0,    0,    0, 
WP, 17, 2008091318, 03, XTRP, 120, 483N, 1491E,  15,    0,   ,   0,    ,    0,    0,    0,    0, 
WP, 17, 2008091318, 71, JNGP,   0, 329N, 1476E,  15,    0,   ,  34, NEQ,    0,    0,    0,    0, 
WP, 17, 2008091318, 71, JNGP,  12, 354N, 1491E,  20,    0,   ,  34, NEQ,    0,    0,    0,    0, 
WP, 17, 2008091400, 01, CARQ, -24, 294N, 1478E,  15,    0, TD,  34, AAA,    0,    0,    0,    0, 
WP, 17, 2008091400, 01, CARQ, -18, 305N, 1479E,  15,    0, TD,  34, AAA,    0,    0,    0,    0, 
WP, 17, 2008091400, 01, CARQ, -12, 315N, 1480E,  15,    0, TD,  34, AAA,    0,    0,    0,    0,    0,    0,   0,   0,   0,   W,   0,   X,  11,  11, 
WP, 17, 2008091400, 01, CARQ,  -6, 326N, 1484E,  20,    0, TD,  34, AAA,    0,    0,    0,    0, 
WP, 17, 2008091400, 01, CARQ,   0, 337N, 1492E,  30, 1000, TD,  34, NEQ,    0,    0,    0,    0, 1008,  150,  30,   0,   0,   W,   0,   X,  20,  11,  SEVENTEEN, S, 
WP, 17, 2008091400, 01, CARQ,   0, 337N, 1492E,  30, 1000, TD,  50, NEQ,    0,    0,    0,    0, 1008,  150,  30,   0,   0,   W,   0,   X,  20,  11,  SEVENTEEN, S, 
WP, 17, 2008091400, 01, CARQ,   0, 337N, 1492E,  30, 1000, TD,  64, NEQ,    0,    0,    0,    0, 1008,  150,  30,   0,   0,   W,   0,   X,  20,  11,  SEVENTEEN, S, 
WP, 17, 2008091400, 02, WRNG, -24, 294N, 1478E,  15,    0,   ,   0,    ,    0,    0,    0,    0,    0,    0,   0,   0,   0,    ,   0, SJB,  30,  13, 
WP, 17, 2008091400, 02, WRNG, -18, 305N, 1479E,  15,    0,   ,   0,    ,    0,    0,    0,    0,    0,    0,   0,   0,   0,    ,   0, SJB,  30,  13, 
WP, 17, 2008091400, 02, WRNG, -12, 315N, 1480E,  15,    0,   ,   0,    ,    0,    0,    0,    0,    0,    0,   0,   0,   0,    ,   0, SJB,  30,  13, 
WP, 17, 2008091400, 02, WRNG,  -6, 326N, 1484E,  20,    0,   ,   0,    ,    0,    0,    0,    0,    0,    0,   0,   0,   0,    ,   0, SJB,  30,  13, 
WP, 17, 2008091400, 02, WRNG,   0, 337N, 1492E,  30,    0,   ,   0,    ,    0,    0,    0,    0,    0,    0,   0,   0,   0,    ,   0, SJB,  30,  13, 
WP, 17, 2008091400, 03, C120,  12, 357N, 1504E,   0,    0,   ,   0,    ,    0,    0,    0,    0, 
WP, 17, 2008091400, 03, C120,  24, 375N, 1517E,   0,    0,   ,   0,    ,    0,    0,    0,    0, 
WP, 17, 2008091400, 03, C120,  36, 389N, 1534E,   0,    0,   ,   0,    ,    0,    0,    0,    0, 
WP, 17, 2008091400, 03, C120,  48, 399N, 1553E,   0,    0,   ,   0,    ,    0,    0,    0,    0, 
WP, 17, 2008091400, 03, C120,  60, 408N, 1568E,   0,    0,   ,   0,    ,    0,    0,    0,    0, 
WP, 17, 2008091400, 03, C120,  72, 420N, 1584E,   0,    0,   ,   0,    ,    0,    0,    0,    0, 
WP, 17, 2008091400, 03, C120,  84, 433N, 1601E,   0,    0,   ,   0,    ,    0,    0,    0,    0, 
WP, 17, 2008091400, 03, C120,  96, 446N, 1618E,   0,    0,   ,   0,    ,    0,    0,    0,    0, 
WP, 17, 2008091400, 03, C120, 108, 459N, 1633E,   0,    0,   ,   0,    ,    0,    0,    0,    0, 
WP, 17, 2008091400, 03, C120, 120, 470N, 1650E,   0,    0,   ,   0,    ,    0,    0,    0,    0, 
WP, 17, 2008091400, 03, CLIM,  12, 366N, 1522E,  21,    0,   ,   0,    ,    0,    0,    0,    0, 
WP, 17, 2008091400, 03, CLIM,  24, 392N, 1564E,  12,    0,   ,   0,    ,    0,    0,    0,    0, 
WP, 17, 2008091400, 03, CLIM,  36, 411N, 1621E,  17,    0,   ,   0,    ,    0,    0,    0,    0, 
WP, 17, 2008091400, 03, CLIM,  48, 415N, 1680E,  20,    0,   ,   0,    ,    0,    0,    0,    0, 
WP, 17, 2008091400, 03, CLIM,  72, 414N, 1650E,  23,    0,   ,   0,    ,    0,    0,    0,    0, 
WP, 17, 2008091400, 03, CLIP,  12, 361N, 1514E,  37,    0,   ,   0,    ,    0,    0,    0,    0, 
WP, 17, 2008091400, 03, CLIP,  24, 384N, 1541E,  40,    0,   ,   0,    ,    0,    0,    0,    0, 
WP, 17, 2008091400, 03, CLIP,  36, 405N, 1568E,  41,    0,   ,   0,    ,    0,    0,    0,    0, 
WP, 17, 2008091400, 03, CLIP,  48, 420N, 1600E,  39,    0,   ,   0,    ,    0,    0,    0,    0, 
WP, 17, 2008091400, 03, CLIP,  72, 438N, 1682E,  25,    0,   ,   0,    ,    0,    0,    0,    0, 
WP, 17, 2008091400, 03, DRCL,   0, 337N, 1492E,  30,    0, TD,  34, NEQ,    0,    0,    0,    0, 
WP, 17, 2008091400, 03, DRCL,  12, 356N, 1521E,  30,    0, TD,  34, NEQ,    0,    0,    0,    0, 
WP, 17, 2008091400, 03, DRCL,  24, 371N, 1566E,  30,    0, TD,  34, NEQ,    0,    0,    0,    0, 
WP, 17, 2008091400, 03, FBAF,  12, 361N, 1520E,   0,    0,   ,   0,    ,    0,    0,    0,    0, 
WP, 17, 2008091400, 03, FBAF,  24, 393N, 1588E,   0,    0,   ,   0,    ,    0,    0,    0,    0, 
WP, 17, 2008091400, 03, FBAF,  36, 436N, 1666E,   0,    0,   ,   0,    ,    0,    0,    0,    0, 
WP, 17, 2008091400, 03, FBAF,  48, 483N, 1734E,   0,    0,   ,   0,    ,    0,    0,    0,    0, 
WP, 17, 2008091400, 03, FBAF,  72, 566N, 1719W,   0,    0,   ,   0,    ,    0,    0,    0,    0, 
WP, 17, 2008091400, 03, HPAC,  12, 363N, 1513E,   0,    0,   ,   0,    ,    0,    0,    0,    0, 
WP, 17, 2008091400, 03, HPAC,  24, 387N, 1541E,   0,    0,   ,   0,    ,    0,    0,    0,    0, 
WP, 17, 2008091400, 03, HPAC,  36, 407N, 1576E,   0,    0,   ,   0,    ,    0,    0,    0,    0, 
WP, 17, 2008091400, 03, HPAC,  48, 420N, 1611E,   0,    0,   ,   0,    ,    0,    0,    0,    0, 
WP, 17, 2008091400, 03, HPAC,  72, 441N, 1611E,   0,    0,   ,   0,    ,    0,    0,    0,    0, 
WP, 17, 2008091400, 03, HUNT,   0, 337N, 1492E,  30,    0,   ,  34, NEQ,    0,    0,    0,    0, 
WP, 17, 2008091400, 03, JTWC,   0, 337N, 1492E,  30,    0, TD,  34, NEQ,    0,    0,    0,    0,    0,    0,   0,   0,   0,    ,   0, SJB,   0,   0, 
WP, 17, 2008091400, 03, JTWC,   3, 342N, 1499E,  30,    0, TD,  34, NEQ,    0,    0,    0,    0,    0,    0,   0,   0,   0,    ,   0, SJB,   0,   0, 
WP, 17, 2008091400, 03, JTWC,  12, 356N, 1521E,  30,    0, TD,  34, NEQ,    0,    0,    0,    0,    0,    0,   0,  40,   0,    ,   0, SJB,   0,   0, 
WP, 17, 2008091400, 03, JTWC,  24, 371N, 1566E,  30,    0, TD,  34, NEQ,    0,    0,    0,    0,    0,    0,   0,  40,   0,    ,   0, SJB,   0,   0, 
WP, 17, 2008091400, 03, MBAF,  12, 359N, 1516E,   0,    0,   ,   0,    ,    0,    0,    0,    0, 
WP, 17, 2008091400, 03, MBAF,  24, 378N, 1569E,   0,    0,   ,   0,    ,    0,    0,    0,    0, 
WP, 17, 2008091400, 03, MBAF,  36, 396N, 1636E,   0,    0,   ,   0,    ,    0,    0,    0,    0, 
WP, 17, 2008091400, 03, MBAF,  48, 427N, 1723E,   0,    0,   ,   0,    ,    0,    0,    0,    0, 
WP, 17, 2008091400, 03, MBAF,  72, 526N, 1722W,   0,    0,   ,   0,    ,    0,    0,    0,    0, 
WP, 17, 2008091400, 03, PEST,   0, 337N, 1492E,  30,    0,   ,   0,    ,    0,    0,    0,    0, 
WP, 17, 2008091400, 03, PEST,  12,   0N,    0E,   0,    0,   ,   0,    ,    0,    0,    0,    0, 
WP, 17, 2008091400, 03, PEST,  24,   0N,    0E,   0,    0,   ,   0,    ,    0,    0,    0,    0, 
WP, 17, 2008091400, 03, PEST,  36,   0N,    0E,   0,    0,   ,   0,    ,    0,    0,    0,    0, 
WP, 17, 2008091400, 03, PEST,  48,   0N,    0E,   0,    0,   ,   0,    ,    0,    0,    0,    0, 
WP, 17, 2008091400, 03, PEST,  60,   0N,    0E,   0,    0,   ,   0,    ,    0,    0,    0,    0, 
WP, 17, 2008091400, 03, PEST,  72,   0N,    0E,   0,    0,   ,   0,    ,    0,    0,    0,    0, 
WP, 17, 2008091400, 03, PEST,  84,   0N,    0E,   0,    0,   ,   0,    ,    0,    0,    0,    0, 
WP, 17, 2008091400, 03, PEST,  96,   0N,    0E,   0,    0,   ,   0,    ,    0,    0,    0,    0, 
WP, 17, 2008091400, 03, PEST, 108,   0N,    0E,   0,    0,   ,   0,    ,    0,    0,    0,    0, 
WP, 17, 2008091400, 03, PEST, 120,   0N,    0E,   0,    0,   ,   0,    ,    0,    0,    0,    0, 
WP, 17, 2008091400, 03, PEST, 132,   0N,    0E,   0,    0,   ,   0,    ,    0,    0,    0,    0, 
WP, 17, 2008091400, 03, PEST, 144,   0N,    0E,   0,    0,   ,   0,    ,    0,    0,    0,    0, 
WP, 17, 2008091400, 03, RECR,  12, 351N, 1505E,  40,    0,   ,   0,    ,    0,    0,    0,    0, 
WP, 17, 2008091400, 03, RECR,  24, 374N, 1533E,  35,    0,   ,   0,    ,    0,    0,    0,    0, 
WP, 17, 2008091400, 03, RECR,  36, 387N, 1538E,  35,    0,   ,   0,    ,    0,    0,    0,    0, 
WP, 17, 2008091400, 03, RECR,  48, 414N, 1571E,  25,    0,   ,   0,    ,    0,    0,    0,    0, 
WP, 17, 2008091400, 03, RECR,  72, 434N, 1608E,  20,    0,   ,   0,    ,    0,    0,    0,    0, 
WP, 17, 2008091400, 03, SBAF,  12, 359N, 1513E,   0,    0,   ,   0,    ,    0,    0,    0,    0, 
WP, 17, 2008091400, 03, SBAF,  24, 372N, 1560E,   0,    0,   ,   0,    ,    0,    0,    0,    0, 
WP, 17, 2008091400, 03, SBAF,  36, 380N, 1615E,   0,    0,   ,   0,    ,    0,    0,    0,    0, 
WP, 17, 2008091400, 03, SBAF,  48, 391N, 1683E,   0,    0,   ,   0,    ,    0,    0,    0,    0, 
WP, 17, 2008091400, 03, SBAF,  72, 465N, 1715W,   0,    0,   ,   0,    ,    0,    0,    0,    0, 
WP, 17, 2008091400, 03, ST5D,  12,   0N,    0E,  38,    0,   ,   0,    ,    0,    0,    0,    0, 
WP, 17, 2008091400, 03, ST5D,  24,   0N,    0E,  42,    0,   ,   0,    ,    0,    0,    0,    0, 
WP, 17, 2008091400, 03, ST5D,  36,   0N,    0E,  36,    0,   ,   0,    ,    0,    0,    0,    0, 
WP, 17, 2008091400, 03, ST5D,  48,   0N,    0E,  31,    0,   ,   0,    ,    0,    0,    0,    0, 
WP, 17, 2008091400, 03, ST5D,  60,   0N,    0E,  29,    0,   ,   0,    ,    0,    0,    0,    0, 
WP, 17, 2008091400, 03, ST5D,  72,   0N,    0E,  27,    0,   ,   0,    ,    0,    0,    0,    0, 
WP, 17, 2008091400, 03, ST5D,  84,   0N,    0E,  27,    0,   ,   0,    ,    0,    0,    0,    0, 
WP, 17, 2008091400, 03, ST5D,  96,   0N,    0E,  27,    0,   ,   0,    ,    0,    0,    0,    0, 
WP, 17, 2008091400, 03, ST5D, 108,   0N,    0E,  35,    0,   ,   0,    ,    0,    0,    0,    0, 
WP, 17, 2008091400, 03, ST5D, 120,   0N,    0E,  40,    0,   ,   0,    ,    0,    0,    0,    0, 
WP, 17, 2008091400, 03, STRT,  12, 354N, 1488E,  30,    0,   ,   0,    ,    0,    0,    0,    0, 
WP, 17, 2008091400, 03, STRT,  24, 372N, 1485E,  25,    0,   ,   0,    ,    0,    0,    0,    0, 
WP, 17, 2008091400, 03, STRT,  36, 387N, 1480E,  25,    0,   ,   0,    ,    0,    0,    0,    0, 
WP, 17, 2008091400, 03, STRT,  48, 404N, 1477E,  25,    0,   ,   0,    ,    0,    0,    0,    0, 
WP, 17, 2008091400, 03, WBAR,   0, 337N, 1492E,   0,    0,   ,   0,    ,    0,    0,    0,    0, 
WP, 17, 2008091400, 03, WBAR,   6, 345N, 1503E,   0,    0,   ,   0,    ,    0,    0,    0,    0, 
WP, 17, 2008091400, 03, WBAR,  12, 351N, 1519E,   0,    0,   ,   0,    ,    0,    0,    0,    0, 
WP, 17, 2008091400, 03, WBAR,  18, 358N, 1538E,   0,    0,   ,   0,    ,    0,    0,    0,    0, 
WP, 17, 2008091400, 03, WBAR,  24, 366N, 1562E,   0,    0,   ,   0,    ,    0,    0,    0,    0, 
WP, 17, 2008091400, 03, WBAR,  30, 375N, 1589E,   0,    0,   ,   0,    ,    0,    0,    0,    0, 
WP, 17, 2008091400, 03, WBAR,  36, 388N, 1618E,   0,    0,   ,   0,    ,    0,    0,    0,    0, 
WP, 17, 2008091400, 03, WBAR,  42, 406N, 1651E,   0,    0,   ,   0,    ,    0,    0,    0,    0, 
WP, 17, 2008091400, 03, WBAR,  48, 431N, 1689E,   0,    0,   ,   0,    ,    0,    0,    0,    0, 
WP, 17, 2008091400, 03, WBAR,  54, 451N, 1734E,   0,    0,   ,   0,    ,    0,    0,    0,    0, 
WP, 17, 2008091400, 03, WBAR,  60, 463N, 1780E,   0,    0,   ,   0,    ,    0,    0,    0,    0, 
WP, 17, 2008091400, 03, WBAR,  66, 473N, 1769W,   0,    0,   ,   0,    ,    0,    0,    0,    0, 
WP, 17, 2008091400, 03, WBAR,  72, 481N, 1712W,   0,    0,   ,   0,    ,    0,    0,    0,    0, 
WP, 17, 2008091400, 03, XTRP,  12, 359N, 1504E,  45,    0,   ,   0,    ,    0,    0,    0,    0, 
WP, 17, 2008091400, 03, XTRP,  24, 381N, 1517E,  60,    0,   ,   0,    ,    0,    0,    0,    0, 
WP, 17, 2008091400, 03, XTRP,  36, 403N, 1530E,  75,    0,   ,   0,    ,    0,    0,    0,    0, 
WP, 17, 2008091400, 03, XTRP,  48, 425N, 1544E,  90,    0,   ,   0,    ,    0,    0,    0,    0, 
WP, 17, 2008091400, 03, XTRP,  60, 447N, 1558E, 105,    0,   ,   0,    ,    0,    0,    0,    0, 
WP, 17, 2008091400, 03, XTRP,  72, 469N, 1573E, 120,    0,   ,   0,    ,    0,    0,    0,    0, 
WP, 17, 2008091400, 03, XTRP,  84, 491N, 1588E, 135,    0,   ,   0,    ,    0,    0,    0,    0, 
WP, 17, 2008091400, 03, XTRP,  96, 513N, 1604E, 150,    0,   ,   0,    ,    0,    0,    0,    0, 
WP, 17, 2008091400, 03, XTRP, 108, 535N, 1621E, 165,    0,   ,   0,    ,    0,    0,    0,    0, 
WP, 17, 2008091400, 03, XTRP, 120, 556N, 1639E, 180,    0,   ,   0,    ,    0,    0,    0,    0, 
WP, 17, 2008091400, 44, EGRR,   0, 345N, 1488E,   0,    0,   ,   0,    ,    0,    0,    0,    0, 
WP, 17, 2008091400, 44, EGRR,  12, 375N, 1522E,   0,    0,   ,   0,    ,    0,    0,    0,    0, 
WP, 17, 2008091400, 44, EGRR,  24, 389N, 1578E,   0,    0,   ,   0,    ,    0,    0,    0,    0, 
WP, 17, 2008091400, 44, EGRR,  36, 424N, 1646E,   0,    0,   ,   0,    ,    0,    0,    0,    0, 
WP, 17, 2008091400, 44, EGRR,  48, 489N, 1766E,   0,    0,   ,   0,    ,    0,    0,    0,    0, 
WP, 17, 2008091400, 44, EGRR,  60, 504N, 1766W,   0,    0,   ,   0,    ,    0,    0,    0,    0, 
WP, 17, 2008091400, 44, EGRR,  72, 505N, 1669W,   0,    0,   ,   0,    ,    0,    0,    0,    0, 
WP, 17, 2008091400, 44, EGRR,  84, 519N, 1621W,   0,    0,   ,   0,    ,    0,    0,    0,    0, 
WP, 17, 2008091400, 44, EGRR,  96, 538N, 1549W,   0,    0,   ,   0,    ,    0,    0,    0,    0, 
WP, 17, 2008091400, 71, JNGP,   0, 354N, 1485E,  30,    0,   ,  34, NEQ,    0,    0,    0,    0, 
WP, 17, 2008091400, 71, JNGP,  12, 364N, 1516E,  25,    0,   ,  34, NEQ,    0,    0,    0,    0, 
WP, 17, 2008091400, 72, JAVN,   0, 340N, 1493E,  30,    0,   ,  34, NEQ,    0,    0,    0,    0, 
WP, 17, 2008091400, 74, JJGS,   0, 337N, 1475E,  30,    0,   ,  34, NEQ,    0,    0,    0,    0, 
WP, 17, 2008091400, 74, JJGS,  12, 350N, 1508E,  30,    0,   ,  34, NEQ,    0,    0,    0,    0, 
WP, 17, 2008091406, 01, CARQ, -24, 305N, 1479E,  15,    0, TD,  34, AAA,    0,    0,    0,    0, 
WP, 17, 2008091406, 01, CARQ, -18, 315N, 1480E,  15,    0, TD,  34, AAA,    0,    0,    0,    0, 
WP, 17, 2008091406, 01, CARQ, -12, 326N, 1484E,  20,    0, TD,  34, AAA,    0,    0,    0,    0,    0,    0,   0,   0,   0,   W,   0,   X,  24,  12, 
WP, 17, 2008091406, 01, CARQ,  -6, 337N, 1492E,  30,    0, TD,  34, AAA,    0,    0,    0,    0, 
WP, 17, 2008091406, 01, CARQ,   0, 353N, 1507E,  30, 1000, TD,  34, NEQ,    0,    0,    0,    0, 1008,  150,  30,   0,   0,   W,   0,   X,  30,  15,  SEVENTEEN, S, 
WP, 17, 2008091406, 01, CARQ,   0, 353N, 1507E,  30, 1000, TD,  50, NEQ,    0,    0,    0,    0, 1008,  150,  30,   0,   0,   W,   0,   X,  30,  15,  SEVENTEEN, S, 
WP, 17, 2008091406, 01, CARQ,   0, 353N, 1507E,  30, 1000, TD,  64, NEQ,    0,    0,    0,    0, 1008,  150,  30,   0,   0,   W,   0,   X,  30,  15,  SEVENTEEN, S, 
WP, 17, 2008091406, 03, FBAF,  12, 378N, 1549E,   0,    0,   ,   0,    ,    0,    0,    0,    0, 
WP, 17, 2008091406, 03, FBAF,  24, 407N, 1627E,   0,    0,   ,   0,    ,    0,    0,    0,    0, 
WP, 17, 2008091406, 03, FBAF,  36, 445N, 1705E,   0,    0,   ,   0,    ,    0,    0,    0,    0, 
WP, 17, 2008091406, 03, FBAF,  48, 482N, 1780E,   0,    0,   ,   0,    ,    0,    0,    0,    0, 
WP, 17, 2008091406, 03, FBAF,  72, 540N, 1626W,   0,    0,   ,   0,    ,    0,    0,    0,    0, 
WP, 17, 2008091406, 03, FBAM,  12, 378N, 1548E,   0,    0,   ,   0,    ,    0,    0,    0,    0, 
WP, 17, 2008091406, 03, FBAM,  24, 409N, 1625E,   0,    0,   ,   0,    ,    0,    0,    0,    0, 
WP, 17, 2008091406, 03, FBAM,  36, 452N, 1706E,   0,    0,   ,   0,    ,    0,    0,    0,    0, 
WP, 17, 2008091406, 03, FBAM,  48, 494N, 1786E,   0,    0,   ,   0,    ,    0,    0,    0,    0, 
WP, 17, 2008091406, 03, FBAM,  72, 553N, 1593W,   0,    0,   ,   0,    ,    0,    0,    0,    0, 
WP, 17, 2008091406, 03, MBAF,  12, 379N, 1548E,   0,    0,   ,   0,    ,    0,    0,    0,    0, 
WP, 17, 2008091406, 03, MBAF,  24, 405N, 1626E,   0,    0,   ,   0,    ,    0,    0,    0,    0, 
WP, 17, 2008091406, 03, MBAF,  36, 437N, 1702E,   0,    0,   ,   0,    ,    0,    0,    0,    0, 
WP, 17, 2008091406, 03, MBAF,  48, 469N, 1771E,   0,    0,   ,   0,    ,    0,    0,    0,    0, 
WP, 17, 2008091406, 03, MBAF,  72, 507N, 1677W,   0,    0,   ,   0,    ,    0,    0,    0,    0, 
WP, 17, 2008091406, 03, MBAM,  12, 379N, 1546E,   0,    0,   ,   0,    ,    0,    0,    0,    0, 
WP, 17, 2008091406, 03, MBAM,  24, 405N, 1621E,   0,    0,   ,   0,    ,    0,    0,    0,    0, 
WP, 17, 2008091406, 03, MBAM,  36, 441N, 1699E,   0,    0,   ,   0,    ,    0,    0,    0,    0, 
WP, 17, 2008091406, 03, MBAM,  48, 477N, 1764E,   0,    0,   ,   0,    ,    0,    0,    0,    0, 
WP, 17, 2008091406, 03, MBAM,  72, 511N, 1691W,   0,    0,   ,   0,    ,    0,    0,    0,    0, 
WP, 17, 2008091406, 03, SBAF,  12, 378N, 1545E,   0,    0,   ,   0,    ,    0,    0,    0,    0, 
WP, 17, 2008091406, 03, SBAF,  24, 396N, 1618E,   0,    0,   ,   0,    ,    0,    0,    0,    0, 
WP, 17, 2008091406, 03, SBAF,  36, 419N, 1697E,   0,    0,   ,   0,    ,    0,    0,    0,    0, 
WP, 17, 2008091406, 03, SBAF,  48, 456N, 1778E,   0,    0,   ,   0,    ,    0,    0,    0,    0, 
WP, 17, 2008091406, 03, SBAF,  72, 497N, 1679W,   0,    0,   ,   0,    ,    0,    0,    0,    0, 
WP, 17, 2008091406, 03, SBAM,  12, 378N, 1544E,   0,    0,   ,   0,    ,    0,    0,    0,    0, 
WP, 17, 2008091406, 03, SBAM,  24, 398N, 1614E,   0,    0,   ,   0,    ,    0,    0,    0,    0, 
WP, 17, 2008091406, 03, SBAM,  36, 427N, 1695E,   0,    0,   ,   0,    ,    0,    0,    0,    0, 
WP, 17, 2008091406, 03, SBAM,  48, 464N, 1770E,   0,    0,   ,   0,    ,    0,    0,    0,    0, 
WP, 17, 2008091406, 03, SBAM,  72, 498N, 1693W,   0,    0,   ,   0,    ,    0,    0,    0,    0, 
WP, 17, 2008091406, 03, ST11,   0,   0N,    0W,  30,    0,   ,   0,    ,    0,    0,    0,    0, 
WP, 17, 2008091406, 03, ST11,  12,   0N,    0W,  33,    0,   ,   0,    ,    0,    0,    0,    0, 
WP, 17, 2008091406, 03, ST11,  24,   0N,    0W,  34,    0,   ,   0,    ,    0,    0,    0,    0, 
WP, 17, 2008091406, 03, ST11,  36,   0N,    0W,  32,    0,   ,   0,    ,    0,    0,    0,    0, 
WP, 17, 2008091406, 03, ST11,  48,   0N,    0W,  27,    0,   ,   0,    ,    0,    0,    0,    0, 
WP, 17, 2008091406, 03, ST11,  60,   0N,    0W,  23,    0,   ,   0,    ,    0,    0,    0,    0, 
WP, 17, 2008091406, 03, WBAF,   0, 352N, 1507E,   0,    0,   ,   0,    ,    0,    0,    0,    0, 
WP, 17, 2008091406, 03, WBAF,   6, 362N, 1524E,   0,    0,   ,   0,    ,    0,    0,    0,    0, 
WP, 17, 2008091406, 03, WBAF,  12, 372N, 1546E,   0,    0,   ,   0,    ,    0,    0,    0,    0, 
WP, 17, 2008091406, 03, WBAF,  18, 383N, 1571E,   0,    0,   ,   0,    ,    0,    0,    0,    0, 
WP, 17, 2008091406, 03, WBAF,  24, 396N, 1598E,   0,    0,   ,   0,    ,    0,    0,    0,    0, 
WP, 17, 2008091406, 03, WBAF,  30, 411N, 1628E,   0,    0,   ,   0,    ,    0,    0,    0,    0, 
WP, 17, 2008091406, 03, WBAF,  36, 429N, 1663E,   0,    0,   ,   0,    ,    0,    0,    0,    0, 
WP, 17, 2008091406, 03, WBAF,  42, 447N, 1704E,   0,    0,   ,   0,    ,    0,    0,    0,    0, 
WP, 17, 2008091406, 03, WBAF,  48, 464N, 1753E,   0,    0,   ,   0,    ,    0,    0,    0,    0, 
WP, 17, 2008091406, 03, WBAR,   0, 353N, 1507E,   0,    0,   ,   0,    ,    0,    0,    0,    0, 
WP, 17, 2008091406, 03, WBAR,   6, 363N, 1524E,   0,    0,   ,   0,    ,    0,    0,    0,    0, 
WP, 17, 2008091406, 03, WBAR,  12, 373N, 1546E,   0,    0,   ,   0,    ,    0,    0,    0,    0, 
WP, 17, 2008091406, 03, WBAR,  18, 386N, 1571E,   0,    0,   ,   0,    ,    0,    0,    0,    0, 
WP, 17, 2008091406, 03, WBAR,  24, 402N, 1598E,   0,    0,   ,   0,    ,    0,    0,    0,    0, 
WP, 17, 2008091406, 03, WBAR,  30, 420N, 1630E,   0,    0,   ,   0,    ,    0,    0,    0,    0, 
WP, 17, 2008091406, 03, WBAR,  36, 439N, 1667E,   0,    0,   ,   0,    ,    0,    0,    0,    0, 
WP, 17, 2008091406, 03, WBAR,  42, 457N, 1711E,   0,    0,   ,   0,    ,    0,    0,    0,    0, 
WP, 17, 2008091406, 03, WBAR,  48, 471N, 1762E,   0,    0,   ,   0,    ,    0,    0,    0,    0, 
WP, 17, 2008091406, 71, JNGP,   0, 353N, 1491E,  30,    0,   ,  34, NEQ,    0,    0,    0,    0, 
WP, 17, 2008091406, 72, JAVN,   0, 363N, 1507E,  30,    0,   ,  34, NEQ,    0,    0,    0,    0, 
WP, 17, 2008091406, 72, JAVN,  12, 330N, 1499E,  30,    0,   ,  34, NEQ,    0,    0,    0,    0, 
WP, 17, 2008091412, 01, CARQ, -24, 315N, 1480E,  15,    0, TD,  34, AAA,    0,    0,    0,    0, 
WP, 17, 2008091412, 01, CARQ, -18, 326N, 1484E,  20,    0, TD,  34, AAA,    0,    0,    0,    0, 
WP, 17, 2008091412, 01, CARQ, -12, 339N, 1491E,  30,    0, TD,  34, AAA,    0,    0,    0,    0,    0,    0,   0,   0,   0,   W,   0,   X,  35,  17, 
WP, 17, 2008091412, 01, CARQ,  -6, 353N, 1507E,  30,    0, TD,  34, AAA,    0,    0,    0,    0, 
WP, 17, 2008091412, 01, CARQ,   0, 368N, 1534E,  30, 1000, TD,  34, NEQ,    0,    0,    0,    0, 1008,  150,  30,   0,   0,   W,   0,   X,  45,  20,  SEVENTEEN, S, 
WP, 17, 2008091412, 01, CARQ,   0, 368N, 1534E,  30, 1000, TD,  50, NEQ,    0,    0,    0,    0, 1008,  150,  30,   0,   0,   W,   0,   X,  45,  20,  SEVENTEEN, S, 
WP, 17, 2008091412, 01, CARQ,   0, 368N, 1534E,  30, 1000, TD,  64, NEQ,    0,    0,    0,    0, 1008,  150,  30,   0,   0,   W,   0,   X,  45,  20,  SEVENTEEN, S, 
WP, 17, 2008091412, 03, C120,  12, 396N, 1575E,   0,    0,   ,   0,    ,    0,    0,    0,    0, 
WP, 17, 2008091412, 03, C120,  24, 418N, 1616E,   0,    0,   ,   0,    ,    0,    0,    0,    0, 
WP, 17, 2008091412, 03, C120,  36, 435N, 1659E,   0,    0,   ,   0,    ,    0,    0,    0,    0, 
WP, 17, 2008091412, 03, C120,  48, 448N, 1697E,   0,    0,   ,   0,    ,    0,    0,    0,    0, 
WP, 17, 2008091412, 03, C120,  60, 458N, 1723E,   0,    0,   ,   0,    ,    0,    0,    0,    0, 
WP, 17, 2008091412, 03, C120,  72, 469N, 1751E,   0,    0,   ,   0,    ,    0,    0,    0,    0, 
WP, 17, 2008091412, 03, C120,  84, 484N, 1780E,   0,    0,   ,   0,    ,    0,    0,    0,    0, 
WP, 17, 2008091412, 03, C120,  96, 501N, 1793W,   0,    0,   ,   0,    ,    0,    0,    0,    0, 
WP, 17, 2008091412, 03, C120, 108, 518N, 1778W,   0,    0,   ,   0,    ,    0,    0,    0,    0, 
WP, 17, 2008091412, 03, C120, 120, 531N, 1759W,   0,    0,   ,   0,    ,    0,    0,    0,    0, 
WP, 17, 2008091412, 03, CCON,   0, 368N, 1534E,   0,    0,   ,   0,    ,    0,    0,    0,    0, 
WP, 17, 2008091412, 03, CCON,  12, 394N, 1590E, 207,    0,   ,   0,    ,    0,    0,    0,    0, 
WP, 17, 2008091412, 03, CCON,  24, 431N, 1667E, 201,    0,   ,   0,    ,    0,    0,    0,    0, 
WP, 17, 2008091412, 03, CCON,  36, 474N, 1768E, 193,    0,   ,   0,    ,    0,    0,    0,    0, 
WP, 17, 2008091412, 03, CCON,  48, 505N, 1723W, 183,    0,   ,   0,    ,    0,    0,    0,    0, 
WP, 17, 2008091412, 03, CCON,  60,   0N,    0W, 172,    0,   ,   0,    ,    0,    0,    0,    0, 
WP, 17, 2008091412, 03, CLIM,  12, 399N, 1574E,  24,    0,   ,   0,    ,    0,    0,    0,    0, 
WP, 17, 2008091412, 03, CLIM,  24, 421N, 1620E,  16,    0,   ,   0,    ,    0,    0,    0,    0, 
WP, 17, 2008091412, 03, CLIM,  36, 406N, 1681E,  17,    0,   ,   0,    ,    0,    0,    0,    0, 
WP, 17, 2008091412, 03, CLIM,  48, 413N, 1727E,   9,    0,   ,   0,    ,    0,    0,    0,    0, 
WP, 17, 2008091412, 03, CLIM,  72, 412N, 1620E,   0,    0,   ,   0,    ,    0,    0,    0,    0, 
WP, 17, 2008091412, 03, CLIP,  12, 399N, 1587E,  29,    0,   ,   0,    ,    0,    0,    0,    0, 
WP, 17, 2008091412, 03, CLIP,  24, 427N, 1643E,  27,    0,   ,   0,    ,    0,    0,    0,    0, 
WP, 17, 2008091412, 03, CLIP,  36, 445N, 1688E,  24,    0,   ,   0,    ,    0,    0,    0,    0, 
WP, 17, 2008091412, 03, CLIP,  48, 454N, 1724E,  18,    0,   ,   0,    ,    0,    0,    0,    0, 
WP, 17, 2008091412, 03, CONJ,   0, 368N, 1534E,   0,    0,   ,   0,    ,    0,    0,    0,    0, 
WP, 17, 2008091412, 03, CONJ,  12, 391N, 1584E,   0,    0,   ,   0,    ,    0,    0,    0,    0, 
WP, 17, 2008091412, 03, CONJ,  24, 426N, 1653E,   0,    0,   ,   0,    ,    0,    0,    0,    0, 
WP, 17, 2008091412, 03, CONJ,  36, 467N, 1742E,   0,    0,   ,   0,    ,    0,    0,    0,    0, 
WP, 17, 2008091412, 03, CONJ,  48, 497N, 1765W,   0,    0,   ,   0,    ,    0,    0,    0,    0, 
WP, 17, 2008091412, 03, CONW,   0, 368N, 1534E,  30,    0,   ,   0,    ,    0,    0,    0,    0, 
WP, 17, 2008091412, 03, CONW,  12, 391N, 1584E,   0,    0,   ,   0,    ,    0,    0,    0,    0, 
WP, 17, 2008091412, 03, CONW,  24, 426N, 1653E,   0,    0,   ,   0,    ,    0,    0,    0,    0, 
WP, 17, 2008091412, 03, CONW,  36, 467N, 1742E,   0,    0,   ,   0,    ,    0,    0,    0,    0, 
WP, 17, 2008091412, 03, CONW,  48, 497N, 1765W,   0,    0,   ,   0,    ,    0,    0,    0,    0, 
WP, 17, 2008091412, 03, EGR2,   0, 368N, 1534E,   0,    0,   ,  34, NEQ,    0,    0,    0,    0, 
WP, 17, 2008091412, 03, EGR2,  12, 390N, 1588E,   0,    0,   ,  34, NEQ,    0,    0,    0,    0, 
WP, 17, 2008091412, 03, EGR2,  24, 427N, 1664E,   0,    0,   ,  34, NEQ,    0,    0,    0,    0, 
WP, 17, 2008091412, 03, EGR2,  36, 474N, 1762E,   0,    0,   ,  34, NEQ,    0,    0,    0,    0, 
WP, 17, 2008091412, 03, EGR2,  48, 497N, 1753W,   0,    0,   ,  34, NEQ,    0,    0,    0,    0, 
WP, 17, 2008091412, 03, EGR2,  60, 504N, 1672W,   0,    0,   ,  34, NEQ,    0,    0,    0,    0, 
WP, 17, 2008091412, 03, EGR2,  72, 517N, 1609W,   0,    0,   ,  34, NEQ,    0,    0,    0,    0, 
WP, 17, 2008091412, 03, EGR2,  84, 534N, 1542W,   0,    0,   ,  34, NEQ,    0,    0,    0,    0, 
WP, 17, 2008091412, 03, EGR2,  96, 558N, 1471W,   0,    0,   ,  34, NEQ,    0,    0,    0,    0, 
WP, 17, 2008091412, 03, FBAF,  12, 398N, 1590E,   0,    0,   ,   0,    ,    0,    0,    0,    0, 
WP, 17, 2008091412, 03, FBAF,  24, 434N, 1668E,   0,    0,   ,   0,    ,    0,    0,    0,    0, 
WP, 17, 2008091412, 03, FBAF,  36, 472N, 1740E,   0,    0,   ,   0,    ,    0,    0,    0,    0, 
WP, 17, 2008091412, 03, FBAF,  48, 504N, 1786W,   0,    0,   ,   0,    ,    0,    0,    0,    0, 
WP, 17, 2008091412, 03, FBAF,  72, 560N, 1578W,   0,    0,   ,   0,    ,    0,    0,    0,    0, 
WP, 17, 2008091412, 03, FBAM,  12, 397N, 1588E,   0,    0,   ,   0,    ,    0,    0,    0,    0, 
WP, 17, 2008091412, 03, FBAM,  24, 435N, 1666E,   0,    0,   ,   0,    ,    0,    0,    0,    0, 
WP, 17, 2008091412, 03, FBAM,  36, 477N, 1741E,   0,    0,   ,   0,    ,    0,    0,    0,    0, 
WP, 17, 2008091412, 03, FBAM,  48, 512N, 1777W,   0,    0,   ,   0,    ,    0,    0,    0,    0, 
WP, 17, 2008091412, 03, FBAM,  72, 565N, 1554W,   0,    0,   ,   0,    ,    0,    0,    0,    0, 
WP, 17, 2008091412, 03, HPAC,  12, 398N, 1576E,   0,    0,   ,   0,    ,    0,    0,    0,    0, 
WP, 17, 2008091412, 03, HPAC,  24, 423N, 1623E,   0,    0,   ,   0,    ,    0,    0,    0,    0, 
WP, 17, 2008091412, 03, HPAC,  36, 430N, 1677E,   0,    0,   ,   0,    ,    0,    0,    0,    0, 
WP, 17, 2008091412, 03, HPAC,  48, 448N, 1726E,   0,    0,   ,   0,    ,    0,    0,    0,    0, 
WP, 17, 2008091412, 03, HPAC,  72, 477N, 1729E,   0,    0,   ,   0,    ,    0,    0,    0,    0, 
WP, 17, 2008091412, 03, JJG2,   0, 368N, 1534E,  30,    0,   ,  34, NEQ,    0,    0,    0,    0, 
WP, 17, 2008091412, 03, JNG2,   0, 368N, 1534E,  30,    0,   ,  34, NEQ,    0,    0,    0,    0, 
WP, 17, 2008091412, 03, JTW2,   0, 368N, 1534E,  30,    0,   ,  34, NEQ,    0,    0,    0,    0, 
WP, 17, 2008091412, 03, JTW2,  12, 384N, 1575E,  30,    0,   ,  34, NEQ,    0,    0,    0,    0, 
WP, 17, 2008091412, 03, JUK2,   0, 368N, 1534E,  30,    0,   ,  34, NEQ,    0,    0,    0,    0, 
WP, 17, 2008091412, 03, MBAF,  12, 394N, 1586E,   0,    0,   ,   0,    ,    0,    0,    0,    0, 
WP, 17, 2008091412, 03, MBAF,  24, 416N, 1657E,   0,    0,   ,   0,    ,    0,    0,    0,    0, 
WP, 17, 2008091412, 03, MBAF,  36, 444N, 1729E,   0,    0,   ,   0,    ,    0,    0,    0,    0, 
WP, 17, 2008091412, 03, MBAF,  48, 473N, 1799W,   0,    0,   ,   0,    ,    0,    0,    0,    0, 
WP, 17, 2008091412, 03, MBAF,  72, 508N, 1650W,   0,    0,   ,   0,    ,    0,    0,    0,    0, 
WP, 17, 2008091412, 03, MBAM,  12, 395N, 1586E,   0,    0,   ,   0,    ,    0,    0,    0,    0, 
WP, 17, 2008091412, 03, MBAM,  24, 423N, 1657E,   0,    0,   ,   0,    ,    0,    0,    0,    0, 
WP, 17, 2008091412, 03, MBAM,  36, 458N, 1729E,   0,    0,   ,   0,    ,    0,    0,    0,    0, 
WP, 17, 2008091412, 03, MBAM,  48, 486N, 1789E,   0,    0,   ,   0,    ,    0,    0,    0,    0, 
WP, 17, 2008091412, 03, MBAM,  72, 511N, 1667W,   0,    0,   ,   0,    ,    0,    0,    0,    0, 
WP, 17, 2008091412, 03, PEST,   0, 368N, 1534E,  30,    0,   ,   0,    ,    0,    0,    0,    0, 
WP, 17, 2008091412, 03, PEST,  12,   0N,    0E,   0,    0,   ,   0,    ,    0,    0,    0,    0, 
WP, 17, 2008091412, 03, PEST,  24,   0N,    0E,   0,    0,   ,   0,    ,    0,    0,    0,    0, 
WP, 17, 2008091412, 03, PEST,  36,   0N,    0E,   0,    0,   ,   0,    ,    0,    0,    0,    0, 
WP, 17, 2008091412, 03, PEST,  48,   0N,    0E,   0,    0,   ,   0,    ,    0,    0,    0,    0, 
WP, 17, 2008091412, 03, PEST,  60,   0N,    0E,   0,    0,   ,   0,    ,    0,    0,    0,    0, 
WP, 17, 2008091412, 03, PEST,  72,   0N,    0E,   0,    0,   ,   0,    ,    0,    0,    0,    0, 
WP, 17, 2008091412, 03, PEST,  84,   0N,    0E,   0,    0,   ,   0,    ,    0,    0,    0,    0, 
WP, 17, 2008091412, 03, PEST,  96,   0N,    0E,   0,    0,   ,   0,    ,    0,    0,    0,    0, 
WP, 17, 2008091412, 03, PEST, 108,   0N,    0E,   0,    0,   ,   0,    ,    0,    0,    0,    0, 
WP, 17, 2008091412, 03, PEST, 120,   0N,    0E,   0,    0,   ,   0,    ,    0,    0,    0,    0, 
WP, 17, 2008091412, 03, PEST, 132,   0N,    0E,   0,    0,   ,   0,    ,    0,    0,    0,    0, 
WP, 17, 2008091412, 03, PEST, 144,   0N,    0E,   0,    0,   ,   0,    ,    0,    0,    0,    0, 
WP, 17, 2008091412, 03, RECR,  12, 386N, 1575E,  25,    0,   ,   0,    ,    0,    0,    0,    0, 
WP, 17, 2008091412, 03, RECR,  24, 404N, 1619E,  25,    0,   ,   0,    ,    0,    0,    0,    0, 
WP, 17, 2008091412, 03, RECR,  36, 419N, 1632E,  25,    0,   ,   0,    ,    0,    0,    0,    0, 
WP, 17, 2008091412, 03, RECR,  48, 428N, 1655E,  25,    0,   ,   0,    ,    0,    0,    0,    0, 
WP, 17, 2008091412, 03, RECR,  72, 447N, 1701E,  25,    0,   ,   0,    ,    0,    0,    0,    0, 
WP, 17, 2008091412, 03, SBAF,  12, 393N, 1584E,   0,    0,   ,   0,    ,    0,    0,    0,    0, 
WP, 17, 2008091412, 03, SBAF,  24, 407N, 1651E,   0,    0,   ,   0,    ,    0,    0,    0,    0, 
WP, 17, 2008091412, 03, SBAF,  36, 431N, 1726E,   0,    0,   ,   0,    ,    0,    0,    0,    0, 
WP, 17, 2008091412, 03, SBAF,  48, 462N, 1796W,   0,    0,   ,   0,    ,    0,    0,    0,    0, 
WP, 17, 2008091412, 03, SBAF,  72, 497N, 1650W,   0,    0,   ,   0,    ,    0,    0,    0,    0, 
WP, 17, 2008091412, 03, SBAM,  12, 393N, 1584E,   0,    0,   ,   0,    ,    0,    0,    0,    0, 
WP, 17, 2008091412, 03, SBAM,  24, 414N, 1651E,   0,    0,   ,   0,    ,    0,    0,    0,    0, 
WP, 17, 2008091412, 03, SBAM,  36, 443N, 1726E,   0,    0,   ,   0,    ,    0,    0,    0,    0, 
WP, 17, 2008091412, 03, SBAM,  48, 473N, 1792E,   0,    0,   ,   0,    ,    0,    0,    0,    0, 
WP, 17, 2008091412, 03, SBAM,  72, 495N, 1672W,   0,    0,   ,   0,    ,    0,    0,    0,    0, 
WP, 17, 2008091412, 03, ST10,   0,   0N,    0W,  30,    0,   ,   0,    ,    0,    0,    0,    0, 
WP, 17, 2008091412, 03, ST10,  12,   0N,    0W,  29,    0,   ,   0,    ,    0,    0,    0,    0, 
WP, 17, 2008091412, 03, ST10,  24,   0N,    0W,  29,    0,   ,   0,    ,    0,    0,    0,    0, 
WP, 17, 2008091412, 03, ST10,  36,   0N,    0W,  29,    0,   ,   0,    ,    0,    0,    0,    0, 
WP, 17, 2008091412, 03, ST10,  48,   0N,    0W,  25,    0,   ,   0,    ,    0,    0,    0,    0, 
WP, 17, 2008091412, 03, ST10,  60,   0N,    0W,  21,    0,   ,   0,    ,    0,    0,    0,    0, 
WP, 17, 2008091412, 03, ST11,   0,   0N,    0W,  30,    0,   ,   0,    ,    0,    0,    0,    0, 
WP, 17, 2008091412, 03, ST11,  12,   0N,    0W,  29,    0,   ,   0,    ,    0,    0,    0,    0, 
WP, 17, 2008091412, 03, ST11,  24,   0N,    0W,  29,    0,   ,   0,    ,    0,    0,    0,    0, 
WP, 17, 2008091412, 03, ST11,  36,   0N,    0W,  29,    0,   ,   0,    ,    0,    0,    0,    0, 
WP, 17, 2008091412, 03, ST11,  48,   0N,    0W,  25,    0,   ,   0,    ,    0,    0,    0,    0, 
WP, 17, 2008091412, 03, ST11,  60,   0N,    0W,  21,    0,   ,   0,    ,    0,    0,    0,    0, 
WP, 17, 2008091412, 03, ST5D,  12,   0N,    0E,  30,    0,   ,   0,    ,    0,    0,    0,    0, 
WP, 17, 2008091412, 03, ST5D,  24,   0N,    0E,  31,    0,   ,   0,    ,    0,    0,    0,    0, 
WP, 17, 2008091412, 03, ST5D,  36,   0N,    0E,  27,    0,   ,   0,    ,    0,    0,    0,    0, 
WP, 17, 2008091412, 03, ST5D,  48,   0N,    0E,  25,    0,   ,   0,    ,    0,    0,    0,    0, 
WP, 17, 2008091412, 03, ST5D,  60,   0N,    0E,  24,    0,   ,   0,    ,    0,    0,    0,    0, 
WP, 17, 2008091412, 03, ST5D,  72,   0N,    0E,  24,    0,   ,   0,    ,    0,    0,    0,    0, 
WP, 17, 2008091412, 03, ST5D,  84,   0N,    0E,  23,    0,   ,   0,    ,    0,    0,    0,    0, 
WP, 17, 2008091412, 03, ST5D,  96,   0N,    0E,  24,    0,   ,   0,    ,    0,    0,    0,    0, 
WP, 17, 2008091412, 03, ST5D, 108,   0N,    0E,  32,    0,   ,   0,    ,    0,    0,    0,    0, 
WP, 17, 2008091412, 03, ST5D, 120,   0N,    0E,  33,    0,   ,   0,    ,    0,    0,    0,    0, 
WP, 17, 2008091412, 03, WBAI,   0, 368N, 1534E,   0,    0,   ,  34, NEQ,    0,    0,    0,    0, 
WP, 17, 2008091412, 03, WBAI,  12, 393N, 1580E,   0,    0,   ,  34, NEQ,    0,    0,    0,    0, 
WP, 17, 2008091412, 03, WBAI,  24, 425N, 1641E,   0,    0,   ,  34, NEQ,    0,    0,    0,    0, 
WP, 17, 2008091412, 03, WBAI,  36, 460N, 1722E,   0,    0,   ,  34, NEQ,    0,    0,    0,    0, 
WP, 17, 2008091412, 03, WBAI,  48, 497N, 1776W,   0,    0,   ,  34, NEQ,    0,    0,    0,    0, 
WP, 17, 2008091412, 03, XTRP,  12, 397N, 1578E,  30,    0,   ,   0,    ,    0,    0,    0,    0, 
WP, 17, 2008091412, 03, XTRP,  24, 426N, 1625E,  30,    0,   ,   0,    ,    0,    0,    0,    0, 
WP, 17, 2008091412, 03, XTRP,  36, 456N, 1673E,  30,    0,   ,   0,    ,    0,    0,    0,    0, 
WP, 17, 2008091412, 03, XTRP,  48, 485N, 1724E,  30,    0,   ,   0,    ,    0,    0,    0,    0, 
WP, 17, 2008091412, 03, XTRP,  60, 514N, 1779E,  30,    0,   ,   0,    ,    0,    0,    0,    0, 
WP, 17, 2008091412, 03, XTRP,  72, 543N, 1764W,  30,    0,   ,   0,    ,    0,    0,    0,    0, 
WP, 17, 2008091412, 03, XTRP,  84, 573N, 1701W,  30,    0,   ,   0,    ,    0,    0,    0,    0, 
WP, 17, 2008091412, 03, XTRP,  96, 602N, 1634W,  30,    0,   ,   0,    ,    0,    0,    0,    0, 
WP, 17, 2008091412, 03, XTRP, 108, 631N, 1561W,  30,    0,   ,   0,    ,    0,    0,    0,    0, 
WP, 17, 2008091412, 03, XTRP, 120, 660N, 1479W,  30,    0,   ,   0,    ,    0,    0,    0,    0, 
WP, 17, 2008091412, 65, AFW1,   0, 365N, 1523E,  32, 1008,   ,   0,    ,    0,    0,    0,    0, 
WP, 17, 2008091412, 65, AFW1,   6, 382N, 1556E,  38, 1003,   ,   0,    ,    0,    0,    0,    0, 
WP, 17, 2008091412, 65, AFW1,  12, 395N, 1587E,  42,  999,   ,   0,    ,    0,    0,    0,    0, 
WP, 17, 2008091412, 65, AFW1,  18, 407N, 1616E,  42,  995,   ,   0,    ,    0,    0,    0,    0, 
WP, 17, 2008091412, 65, AFW1,  24, 423N, 1644E,  42,  995,   ,   0,    ,    0,    0,    0,    0, 
WP, 17, 2008091412, 65, AFW1,  30, 439N, 1679E,  37,  995,   ,   0,    ,    0,    0,    0,    0, 
WP, 17, 2008091412, 65, AFW1,  36, 446N, 1699E,  38,  996,   ,   0,    ,    0,    0,    0,    0, 
WP, 17, 2008091412, 65, AFW1,  42, 451N, 1710E,  42,  996,   ,   0,    ,    0,    0,    0,    0, 
WP, 17, 2008091412, 65, AFW1,  48, 445N, 1731E,  45,  998,   ,   0,    ,    0,    0,    0,    0, 
WP, 17, 2008091412, 65, AFW1,  54, 446N, 1765E,  41, 1000,   ,   0,    ,    0,    0,    0,    0, 
WP, 17, 2008091412, 65, AFW1,  60, 446N, 1793E,  34, 1004,   ,   0,    ,    0,    0,    0,    0, 
WP, 17, 2008091500, 01, CARQ, -24, 339N, 1491E,  30,    0, TD,  34, AAA,    0,    0,    0,    0, 
WP, 17, 2008091500, 01, CARQ, -18, 353N, 1507E,  30,    0, TD,  34, AAA,    0,    0,    0,    0, 
WP, 17, 2008091500, 01, CARQ, -12, 369N, 1530E,  30,    0, TD,  34, AAA,    0,    0,    0,    0,    0,    0,   0,   0,   0,   W,   0,   X,  54,  30, 
WP, 17, 2008091500, 01, CARQ,  -6, 387N, 1569E,  30,    0, TD,  34, AAA,    0,    0,    0,    0, 
WP, 17, 2008091500, 01, CARQ,   0, 412N, 1596E,  30, 1000, TD,  34, NEQ,    0,    0,    0,    0, 1008,  150,  30,   0,   0,   W,   0,   X,  45,  30,  SEVENTEEN, S, 
WP, 17, 2008091500, 01, CARQ,   0, 412N, 1596E,  30, 1000, TD,  50, NEQ,    0,    0,    0,    0, 1008,  150,  30,   0,   0,   W,   0,   X,  45,  30,  SEVENTEEN, S, 
WP, 17, 2008091500, 01, CARQ,   0, 412N, 1596E,  30, 1000, TD,  64, NEQ,    0,    0,    0,    0, 1008,  150,  30,   0,   0,   W,   0,   X,  45,  30,  SEVENTEEN, S, 
