WP, 96, 2020090800, 71, JNVG,   0, 166N, 1665E,  15,    0,   ,  34, NEQ,    0,    0,    0,    0, 
WP, 96, 2020090800, 72, JAVN,   0, 174N, 1661E,  15,    0,   ,  34, NEQ,    0,    0,    0,    0, 
WP, 96, 2020090800, 72, JAVN,  12, 173N, 1639E,  15,    0,   ,  34, NEQ,    0,    0,    0,    0, 
WP, 96, 2020090800, 72, JAVN,  24, 174N, 1622E,  15,    0,   ,  34, NEQ,    0,    0,    0,    0, 
WP, 96, 2020090800, 72, JAVN,  36, 173N, 1608E,  15,    0,   ,  34, NEQ,    0,    0,    0,    0, 
WP, 96, 2020090800, 72, JAVN,  48, 174N, 1592E,  15,    0,   ,  34, NEQ,    0,    0,    0,    0, 
WP, 96, 2020090800, 72, JAVN,  60, 176N, 1577E,  15,    0,   ,  34, NEQ,    0,    0,    0,    0, 
WP, 96, 2020090800, 74, JJGS,   0, 169N, 1657E,  15,    0,   ,  34, NEQ,    0,    0,    0,    0, 
WP, 96, 2020090800, 74, JJGS,  12, 167N, 1642E,  15,    0,   ,  34, NEQ,    0,    0,    0,    0, 
WP, 96, 2020090800, 74, JJGS,  24, 169N, 1626E,  15,    0,   ,  34, NEQ,    0,    0,    0,    0, 
WP, 96, 2020090800, 74, JJGS,  36, 168N, 1611E,  15,    0,   ,  34, NEQ,    0,    0,    0,    0, 
WP, 96, 2020090800, 74, JJGS,  48, 171N, 1593E,  15,    0,   ,  34, NEQ,    0,    0,    0,    0, 
WP, 96, 2020090800, 74, JJGS,  60, 176N, 1572E,  15,    0,   ,  34, NEQ,    0,    0,    0,    0, 
WP, 96, 2020090800, 74, JJGS,  72, 184N, 1548E,  15,    0,   ,  34, NEQ,    0,    0,    0,    0, 
WP, 96, 2020090800, 74, JJGS,  84, 189N, 1522E,  15,    0,   ,  34, NEQ,    0,    0,    0,    0, 
WP, 96, 2020090806, 01, CARQ, -18, 166N, 1679E,  15,    0,   ,   0,    ,    0,    0,    0,    0, 
WP, 96, 2020090806, 01, CARQ, -12, 168N, 1669E,  15,    0,   ,   0,    ,    0,    0,    0,    0, 
WP, 96, 2020090806, 01, CARQ,  -6, 170N, 1660E,  15,    0,   ,   0,    ,    0,    0,    0,    0, 
WP, 96, 2020090806, 01, CARQ,   0, 173N, 1652E,  15,    0,   ,   0,    ,    0,    0,    0,    0, 
WP, 96, 2020090806, 03, C120,  12, 177N, 1633E,   0,    0,   ,   0,    ,    0,    0,    0,    0, 
WP, 96, 2020090806, 03, C120,  24, 183N, 1617E,   0,    0,   ,   0,    ,    0,    0,    0,    0, 
WP, 96, 2020090806, 03, C120,  36, 189N, 1601E,   0,    0,   ,   0,    ,    0,    0,    0,    0, 
WP, 96, 2020090806, 03, C120,  48, 196N, 1586E,   0,    0,   ,   0,    ,    0,    0,    0,    0, 
WP, 96, 2020090806, 03, C120,  60, 204N, 1572E,   0,    0,   ,   0,    ,    0,    0,    0,    0, 
WP, 96, 2020090806, 03, C120,  72, 212N, 1559E,   0,    0,   ,   0,    ,    0,    0,    0,    0, 
WP, 96, 2020090806, 03, C120,  84, 220N, 1546E,   0,    0,   ,   0,    ,    0,    0,    0,    0, 
WP, 96, 2020090806, 03, C120,  96, 229N, 1534E,   0,    0,   ,   0,    ,    0,    0,    0,    0, 
WP, 96, 2020090806, 03, C120, 108, 238N, 1524E,   0,    0,   ,   0,    ,    0,    0,    0,    0, 
WP, 96, 2020090806, 03, C120, 120, 247N, 1516E,   0,    0,   ,   0,    ,    0,    0,    0,    0, 
WP, 96, 2020090806, 03, CLIM,  12, 174N, 1631E,  21,    0,   ,   0,    ,    0,    0,    0,    0, 
WP, 96, 2020090806, 03, CLIM,  24, 178N, 1610E,  31,    0,   ,   0,    ,    0,    0,    0,    0, 
WP, 96, 2020090806, 03, CLIM,  36, 180N, 1590E,  42,    0,   ,   0,    ,    0,    0,    0,    0, 
WP, 96, 2020090806, 03, CLIM,  48, 184N, 1570E,  48,    0,   ,   0,    ,    0,    0,    0,    0, 
WP, 96, 2020090806, 03, CLIM,  72, 204N, 1531E,  48,    0,   ,   0,    ,    0,    0,    0,    0, 
WP, 96, 2020090806, 03, CLIP,  12, 177N, 1630E,  21,    0,   ,   0,    ,    0,    0,    0,    0, 
WP, 96, 2020090806, 03, CLIP,  24, 182N, 1610E,  30,    0,   ,   0,    ,    0,    0,    0,    0, 
WP, 96, 2020090806, 03, CLIP,  36, 187N, 1591E,  40,    0,   ,   0,    ,    0,    0,    0,    0, 
WP, 96, 2020090806, 03, CLIP,  48, 195N, 1573E,  48,    0,   ,   0,    ,    0,    0,    0,    0, 
WP, 96, 2020090806, 03, CLIP,  72, 215N, 1546E,  61,    0,   ,   0,    ,    0,    0,    0,    0, 
WP, 96, 2020090806, 03, FBAM,  12, 172N, 1631E,   0,    0,   ,   0,    ,    0,    0,    0,    0, 
WP, 96, 2020090806, 03, FBAM,  24, 168N, 1611E,   0,    0,   ,   0,    ,    0,    0,    0,    0, 
WP, 96, 2020090806, 03, FBAM,  36, 166N, 1589E,   0,    0,   ,   0,    ,    0,    0,    0,    0, 
WP, 96, 2020090806, 03, FBAM,  48, 165N, 1566E,   0,    0,   ,   0,    ,    0,    0,    0,    0, 
WP, 96, 2020090806, 03, FBAM,  72, 169N, 1516E,   0,    0,   ,   0,    ,    0,    0,    0,    0, 
WP, 96, 2020090806, 03, HPAC,  12, 175N, 1631E,   0,    0,   ,   0,    ,    0,    0,    0,    0, 
WP, 96, 2020090806, 03, HPAC,  24, 179N, 1611E,   0,    0,   ,   0,    ,    0,    0,    0,    0, 
WP, 96, 2020090806, 03, HPAC,  36, 182N, 1591E,   0,    0,   ,   0,    ,    0,    0,    0,    0, 
WP, 96, 2020090806, 03, HPAC,  48, 186N, 1572E,   0,    0,   ,   0,    ,    0,    0,    0,    0, 
WP, 96, 2020090806, 03, HPAC,  72, 200N, 1533E,   0,    0,   ,   0,    ,    0,    0,    0,    0, 
WP, 96, 2020090806, 03, MBAM,  12, 174N, 1631E,   0,    0,   ,   0,    ,    0,    0,    0,    0, 
WP, 96, 2020090806, 03, MBAM,  24, 173N, 1613E,   0,    0,   ,   0,    ,    0,    0,    0,    0, 
WP, 96, 2020090806, 03, MBAM,  36, 173N, 1594E,   0,    0,   ,   0,    ,    0,    0,    0,    0, 
WP, 96, 2020090806, 03, MBAM,  48, 174N, 1573E,   0,    0,   ,   0,    ,    0,    0,    0,    0, 
WP, 96, 2020090806, 03, MBAM,  72, 181N, 1529E,   0,    0,   ,   0,    ,    0,    0,    0,    0, 
WP, 96, 2020090806, 03, RECR,  12, 183N, 1633E,  20,    0,   ,   0,    ,    0,    0,    0,    0, 
WP, 96, 2020090806, 03, RECR,  24, 189N, 1613E,  25,    0,   ,   0,    ,    0,    0,    0,    0, 
WP, 96, 2020090806, 03, RECR,  36, 197N, 1599E,  35,    0,   ,   0,    ,    0,    0,    0,    0, 
WP, 96, 2020090806, 03, RECR,  48, 209N, 1583E,  35,    0,   ,   0,    ,    0,    0,    0,    0, 
WP, 96, 2020090806, 03, RECR,  72, 233N, 1558E,  55,    0,   ,   0,    ,    0,    0,    0,    0, 
WP, 96, 2020090806, 03, SBAM,  12, 175N, 1632E,   0,    0,   ,   0,    ,    0,    0,    0,    0, 
WP, 96, 2020090806, 03, SBAM,  24, 175N, 1615E,   0,    0,   ,   0,    ,    0,    0,    0,    0, 
WP, 96, 2020090806, 03, SBAM,  36, 176N, 1598E,   0,    0,   ,   0,    ,    0,    0,    0,    0, 
WP, 96, 2020090806, 03, SBAM,  48, 179N, 1579E,   0,    0,   ,   0,    ,    0,    0,    0,    0, 
WP, 96, 2020090806, 03, SBAM,  72, 190N, 1538E,   0,    0,   ,   0,    ,    0,    0,    0,    0, 
WP, 96, 2020090806, 03, ST5D,  12,   0N,    0E,  15,    0,   ,   0,    ,    0,    0,    0,    0, 
WP, 96, 2020090806, 03, ST5D,  24,   0N,    0E,  17,    0,   ,   0,    ,    0,    0,    0,    0, 
WP, 96, 2020090806, 03, ST5D,  36,   0N,    0E,  25,    0,   ,   0,    ,    0,    0,    0,    0, 
WP, 96, 2020090806, 03, ST5D,  48,   0N,    0E,  33,    0,   ,   0,    ,    0,    0,    0,    0, 
WP, 96, 2020090806, 03, ST5D,  60,   0N,    0E,  39,    0,   ,   0,    ,    0,    0,    0,    0, 
WP, 96, 2020090806, 03, ST5D,  72,   0N,    0E,  44,    0,   ,   0,    ,    0,    0,    0,    0, 
WP, 96, 2020090806, 03, ST5D,  84,   0N,    0E,  50,    0,   ,   0,    ,    0,    0,    0,    0, 
WP, 96, 2020090806, 03, ST5D,  96,   0N,    0E,  56,    0,   ,   0,    ,    0,    0,    0,    0, 
WP, 96, 2020090806, 03, ST5D, 108,   0N,    0E,  64,    0,   ,   0,    ,    0,    0,    0,    0, 
WP, 96, 2020090806, 03, ST5D, 120,   0N,    0E,  70,    0,   ,   0,    ,    0,    0,    0,    0, 
WP, 96, 2020090806, 03, STRT,  12, 173N, 1634E,  20,    0,   ,   0,    ,    0,    0,    0,    0, 
WP, 96, 2020090806, 03, STRT,  24, 175N, 1619E,  20,    0,   ,   0,    ,    0,    0,    0,    0, 
WP, 96, 2020090806, 03, STRT,  36, 178N, 1604E,  20,    0,   ,   0,    ,    0,    0,    0,    0, 
WP, 96, 2020090806, 03, STRT,  48, 179N, 1589E,  20,    0,   ,   0,    ,    0,    0,    0,    0, 
WP, 96, 2020090806, 03, STRT,  72, 181N, 1559E,  20,    0,   ,   0,    ,    0,    0,    0,    0, 
WP, 96, 2020090806, 03, TCLP,   0, 172N, 1650E,  15,    0,   ,   0,    ,    0,    0,    0,    0, 
WP, 96, 2020090806, 03, TCLP,  12, 177N, 1632E,  16,    0,   ,   0,    ,    0,    0,    0,    0, 
WP, 96, 2020090806, 03, TCLP,  24, 184N, 1615E,  17,    0,   ,   0,    ,    0,    0,    0,    0, 
WP, 96, 2020090806, 03, TCLP,  36, 192N, 1599E,  20,    0,   ,   0,    ,    0,    0,    0,    0, 
WP, 96, 2020090806, 03, TCLP,  48, 201N, 1584E,  23,    0,   ,   0,    ,    0,    0,    0,    0, 
WP, 96, 2020090806, 03, TCLP,  60, 212N, 1571E,  28,    0,   ,   0,    ,    0,    0,    0,    0, 
WP, 96, 2020090806, 03, TCLP,  72, 223N, 1559E,  32,    0,   ,   0,    ,    0,    0,    0,    0, 
WP, 96, 2020090806, 03, TCLP,  84, 236N, 1548E,  37,    0,   ,   0,    ,    0,    0,    0,    0, 
WP, 96, 2020090806, 03, TCLP,  96, 250N, 1538E,  41,    0,   ,   0,    ,    0,    0,    0,    0, 
WP, 96, 2020090806, 03, TCLP, 108, 265N, 1529E,  43,    0,   ,   0,    ,    0,    0,    0,    0, 
WP, 96, 2020090806, 03, TCLP, 120, 281N, 1524E,  45,    0,   ,   0,    ,    0,    0,    0,    0, 
WP, 96, 2020090806, 03, TCLP, 132, 298N, 1521E,  45,    0,   ,   0,    ,    0,    0,    0,    0, 
WP, 96, 2020090806, 03, TCLP, 144, 318N, 1523E,  44,    0,   ,   0,    ,    0,    0,    0,    0, 
WP, 96, 2020090806, 03, TCLP, 156, 340N, 1531E,  42,    0,   ,   0,    ,    0,    0,    0,    0, 
WP, 96, 2020090806, 03, TCLP, 168, 366N, 1547E,  39,    0,   ,   0,    ,    0,    0,    0,    0, 
WP, 96, 2020090806, 03, TMMN,   0, 166N, 1653E,  17,    0,   ,   0,    ,    0,    0,    0,    0, 
WP, 96, 2020090806, 03, TMMN,   6, 164N, 1646E,  17,    0,   ,   0,    ,    0,    0,    0,    0, 
WP, 96, 2020090806, 03, TMMN,  12, 163N, 1638E,  16,    0,   ,   0,    ,    0,    0,    0,    0, 
WP, 96, 2020090806, 03, TMMN,  18, 162N, 1632E,  15,    0,   ,   0,    ,    0,    0,    0,    0, 
WP, 96, 2020090806, 03, TMMN,  24, 161N, 1625E,  16,    0,   ,   0,    ,    0,    0,    0,    0, 
WP, 96, 2020090806, 03, TMMN,  30, 160N, 1616E,  17,    0,   ,   0,    ,    0,    0,    0,    0, 
WP, 96, 2020090806, 03, TMMN,  36, 160N, 1607E,  18,    0,   ,   0,    ,    0,    0,    0,    0, 
WP, 96, 2020090806, 03, TMMN,  42, 160N, 1599E,  18,    0,   ,   0,    ,    0,    0,    0,    0, 
WP, 96, 2020090806, 03, TMMN,  48, 159N, 1592E,  18,    0,   ,   0,    ,    0,    0,    0,    0, 
WP, 96, 2020090806, 03, TMMN,  54, 155N, 1583E,  19,    0,   ,   0,    ,    0,    0,    0,    0, 
WP, 96, 2020090806, 03, TMMN,  60, 153N, 1572E,  19,    0,   ,   0,    ,    0,    0,    0,    0, 
WP, 96, 2020090806, 03, TMMN,  66, 152N, 1561E,  20,    0,   ,   0,    ,    0,    0,    0,    0, 
WP, 96, 2020090806, 03, TMMN,  72, 153N, 1550E,  21,    0,   ,   0,    ,    0,    0,    0,    0, 
WP, 96, 2020090806, 03, TMMN,  78, 154N, 1540E,  22,    0,   ,   0,    ,    0,    0,    0,    0, 
WP, 96, 2020090806, 03, TMMN,  84, 155N, 1529E,  24,    0,   ,   0,    ,    0,    0,    0,    0, 
WP, 96, 2020090806, 03, TMMN,  90, 157N, 1517E,  25,    0,   ,   0,    ,    0,    0,    0,    0, 
WP, 96, 2020090806, 03, TMMN,  96, 160N, 1506E,  25,    0,   ,   0,    ,    0,    0,    0,    0, 
WP, 96, 2020090806, 03, TMMN, 102, 162N, 1497E,  25,    0,   ,   0,    ,    0,    0,    0,    0, 
WP, 96, 2020090806, 03, TMMN, 108, 164N, 1488E,  27,    0,   ,   0,    ,    0,    0,    0,    0, 
WP, 96, 2020090806, 03, TMMN, 114, 167N, 1481E,  28,    0,   ,   0,    ,    0,    0,    0,    0, 
WP, 96, 2020090806, 03, TMMN, 120, 168N, 1475E,  27,    0,   ,   0,    ,    0,    0,    0,    0, 
WP, 96, 2020090806, 03, TMMN, 126, 169N, 1471E,  27,    0,   ,   0,    ,    0,    0,    0,    0, 
WP, 96, 2020090806, 03, TMMN, 132, 169N, 1467E,  28,    0,   ,   0,    ,    0,    0,    0,    0, 
WP, 96, 2020090806, 03, TMMN, 138, 170N, 1463E,  28,    0,   ,   0,    ,    0,    0,    0,    0, 
WP, 96, 2020090806, 03, WBAR,   0, 173N, 1652E,   0,    0,   ,   0,    ,    0,    0,    0,    0, 
WP, 96, 2020090806, 03, WBAR,   6, 189N, 1635E,   0,    0,   ,   0,    ,    0,    0,    0,    0, 
WP, 96, 2020090806, 03, WBAR,  12, 183N, 1623E,   0,    0,   ,   0,    ,    0,    0,    0,    0, 
WP, 96, 2020090806, 03, WBAR,  18, 168N, 1614E,   0,    0,   ,   0,    ,    0,    0,    0,    0, 
WP, 96, 2020090806, 03, WBAR,  24, 164N, 1606E,   0,    0,   ,   0,    ,    0,    0,    0,    0, 
WP, 96, 2020090806, 03, WBAR,  30, 162N, 1597E,   0,    0,   ,   0,    ,    0,    0,    0,    0, 
WP, 96, 2020090806, 03, WBAR,  36, 161N, 1587E,   0,    0,   ,   0,    ,    0,    0,    0,    0, 
WP, 96, 2020090806, 03, WBAR,  42, 161N, 1576E,   0,    0,   ,   0,    ,    0,    0,    0,    0, 
WP, 96, 2020090806, 03, WBAR,  48, 162N, 1565E,   0,    0,   ,   0,    ,    0,    0,    0,    0, 
WP, 96, 2020090806, 03, WBAR,  54, 162N, 1552E,   0,    0,   ,   0,    ,    0,    0,    0,    0, 
WP, 96, 2020090806, 03, WBAR,  60, 163N, 1538E,   0,    0,   ,   0,    ,    0,    0,    0,    0, 
WP, 96, 2020090806, 03, WBAR,  66, 164N, 1524E,   0,    0,   ,   0,    ,    0,    0,    0,    0, 
WP, 96, 2020090806, 03, WBAR,  72, 165N, 1509E,   0,    0,   ,   0,    ,    0,    0,    0,    0, 
WP, 96, 2020090806, 03, XTRP,  12, 176N, 1631E,  15,    0,   ,   0,    ,    0,    0,    0,    0, 
WP, 96, 2020090806, 03, XTRP,  24, 180N, 1612E,  15,    0,   ,   0,    ,    0,    0,    0,    0, 
WP, 96, 2020090806, 03, XTRP,  36, 184N, 1593E,  15,    0,   ,   0,    ,    0,    0,    0,    0, 
WP, 96, 2020090806, 03, XTRP,  48, 187N, 1573E,  15,    0,   ,   0,    ,    0,    0,    0,    0, 
WP, 96, 2020090806, 03, XTRP,  60, 191N, 1554E,  15,    0,   ,   0,    ,    0,    0,    0,    0, 
WP, 96, 2020090806, 03, XTRP,  72, 195N, 1535E,  15,    0,   ,   0,    ,    0,    0,    0,    0, 
WP, 96, 2020090806, 03, XTRP,  84, 199N, 1516E,  15,    0,   ,   0,    ,    0,    0,    0,    0, 
WP, 96, 2020090806, 03, XTRP,  96, 203N, 1496E,  15,    0,   ,   0,    ,    0,    0,    0,    0, 
WP, 96, 2020090806, 03, XTRP, 108, 207N, 1477E,  15,    0,   ,   0,    ,    0,    0,    0,    0, 
WP, 96, 2020090806, 03, XTRP, 120, 211N, 1457E,  15,    0,   ,   0,    ,    0,    0,    0,    0, 
WP, 96, 2020090806, 71, JNVG,   0, 171N, 1651E,  15,    0,   ,  34, NEQ,    0,    0,    0,    0, 
WP, 96, 2020090806, 72, JAVN,   0, 175N, 1650E,  15,    0,   ,  34, NEQ,    0,    0,    0,    0, 
WP, 96, 2020090806, 72, JAVN,  12, 177N, 1631E,  15,    0,   ,  34, NEQ,    0,    0,    0,    0, 
WP, 96, 2020090806, 72, JAVN,  24, 178N, 1618E,  15,    0,   ,  34, NEQ,    0,    0,    0,    0, 
WP, 96, 2020090806, 72, JAVN,  36, 175N, 1600E,  15,    0,   ,  34, NEQ,    0,    0,    0,    0, 
WP, 96, 2020090806, 72, JAVN,  48, 178N, 1584E,  15,    0,   ,  34, NEQ,    0,    0,    0,    0, 
WP, 96, 2020090806, 72, JAVN,  60, 178N, 1566E,  10,    0,   ,  34, NEQ,    0,    0,    0,    0, 
WP, 96, 2020090812, 01, CARQ, -24, 166N, 1679E,  15,    0,   ,   0,    ,    0,    0,    0,    0, 
WP, 96, 2020090812, 01, CARQ, -18, 168N, 1669E,  15,    0,   ,   0,    ,    0,    0,    0,    0, 
WP, 96, 2020090812, 01, CARQ, -12, 170N, 1660E,  15,    0,   ,   0,    ,    0,    0,    0,    0, 
WP, 96, 2020090812, 01, CARQ,  -6, 171N, 1648E,  15,    0,   ,   0,    ,    0,    0,    0,    0, 
WP, 96, 2020090812, 01, CARQ,   0, 173N, 1636E,  15,    0,   ,   0,    ,    0,    0,    0,    0, 
WP, 96, 2020090812, 03, C120,  12, 168N, 1613E,   0,    0,   ,   0,    ,    0,    0,    0,    0, 
WP, 96, 2020090812, 03, C120,  24, 170N, 1593E,   0,    0,   ,   0,    ,    0,    0,    0,    0, 
WP, 96, 2020090812, 03, C120,  36, 174N, 1574E,   0,    0,   ,   0,    ,    0,    0,    0,    0, 
WP, 96, 2020090812, 03, C120,  48, 179N, 1556E,   0,    0,   ,   0,    ,    0,    0,    0,    0, 
WP, 96, 2020090812, 03, C120,  60, 185N, 1539E,   0,    0,   ,   0,    ,    0,    0,    0,    0, 
WP, 96, 2020090812, 03, C120,  72, 192N, 1524E,   0,    0,   ,   0,    ,    0,    0,    0,    0, 
WP, 96, 2020090812, 03, C120,  84, 200N, 1509E,   0,    0,   ,   0,    ,    0,    0,    0,    0, 
WP, 96, 2020090812, 03, C120,  96, 208N, 1496E,   0,    0,   ,   0,    ,    0,    0,    0,    0, 
WP, 96, 2020090812, 03, C120, 108, 217N, 1485E,   0,    0,   ,   0,    ,    0,    0,    0,    0, 
WP, 96, 2020090812, 03, C120, 120, 226N, 1475E,   0,    0,   ,   0,    ,    0,    0,    0,    0, 
WP, 96, 2020090812, 03, CLIM,  12, 169N, 1614E,  23,    0,   ,   0,    ,    0,    0,    0,    0, 
WP, 96, 2020090812, 03, CLIM,  24, 171N, 1595E,  30,    0,   ,   0,    ,    0,    0,    0,    0, 
WP, 96, 2020090812, 03, CLIM,  36, 174N, 1574E,  37,    0,   ,   0,    ,    0,    0,    0,    0, 
WP, 96, 2020090812, 03, CLIM,  48, 179N, 1554E,  42,    0,   ,   0,    ,    0,    0,    0,    0, 
WP, 96, 2020090812, 03, CLIM,  72, 198N, 1508E,  52,    0,   ,   0,    ,    0,    0,    0,    0, 
WP, 96, 2020090812, 03, CLIP,  12, 166N, 1609E,  21,    0,   ,   0,    ,    0,    0,    0,    0, 
WP, 96, 2020090812, 03, CLIP,  24, 166N, 1584E,  31,    0,   ,   0,    ,    0,    0,    0,    0, 
WP, 96, 2020090812, 03, CLIP,  36, 168N, 1559E,  41,    0,   ,   0,    ,    0,    0,    0,    0, 
WP, 96, 2020090812, 03, CLIP,  48, 171N, 1536E,  51,    0,   ,   0,    ,    0,    0,    0,    0, 
WP, 96, 2020090812, 03, CLIP,  72, 189N, 1491E,  70,    0,   ,   0,    ,    0,    0,    0,    0, 
WP, 96, 2020090812, 03, FBAM,  12, 165N, 1612E,   0,    0,   ,   0,    ,    0,    0,    0,    0, 
WP, 96, 2020090812, 03, FBAM,  24, 162N, 1590E,   0,    0,   ,   0,    ,    0,    0,    0,    0, 
WP, 96, 2020090812, 03, FBAM,  36, 161N, 1567E,   0,    0,   ,   0,    ,    0,    0,    0,    0, 
WP, 96, 2020090812, 03, FBAM,  48, 162N, 1542E,   0,    0,   ,   0,    ,    0,    0,    0,    0, 
WP, 96, 2020090812, 03, FBAM,  72, 166N, 1489E,   0,    0,   ,   0,    ,    0,    0,    0,    0, 
WP, 96, 2020090812, 03, HPAC,  12, 168N, 1612E,   0,    0,   ,   0,    ,    0,    0,    0,    0, 
WP, 96, 2020090812, 03, HPAC,  24, 168N, 1590E,   0,    0,   ,   0,    ,    0,    0,    0,    0, 
WP, 96, 2020090812, 03, HPAC,  36, 168N, 1567E,   0,    0,   ,   0,    ,    0,    0,    0,    0, 
WP, 96, 2020090812, 03, HPAC,  48, 170N, 1544E,   0,    0,   ,   0,    ,    0,    0,    0,    0, 
WP, 96, 2020090812, 03, HPAC,  72, 177N, 1497E,   0,    0,   ,   0,    ,    0,    0,    0,    0, 
WP, 96, 2020090812, 03, JAVI,   0, 173N, 1636E,  15,    0,   ,  34, NEQ,    0,    0,    0,    0, 
WP, 96, 2020090812, 03, JAVI,  12, 174N, 1620E,  15,    0,   ,  34, NEQ,    0,    0,    0,    0, 
WP, 96, 2020090812, 03, JAVI,  24, 174N, 1604E,  14,    0,   ,  34, NEQ,    0,    0,    0,    0, 
WP, 96, 2020090812, 03, JAVI,  36, 174N, 1587E,  14,    0,   ,  34, NEQ,    0,    0,    0,    0, 
WP, 96, 2020090812, 03, JAVI,  48, 175N, 1570E,  12,    0,   ,  34, NEQ,    0,    0,    0,    0, 
WP, 96, 2020090812, 03, JAVI,  60, 176N, 1553E,   9,    0,   ,  34, NEQ,    0,    0,    0,    0, 
WP, 96, 2020090812, 03, LGEW,   0, 173N, 1636E,  15,    0, TD,   0,    ,    0,    0,    0,    0, 
WP, 96, 2020090812, 03, LGEW,  12, 166N, 1613E,  16,    0, TD,   0,    ,    0,    0,    0,    0, 
WP, 96, 2020090812, 03, LGEW,  24, 157N, 1595E,  17,    0, TD,   0,    ,    0,    0,    0,    0, 
WP, 96, 2020090812, 03, LGEW,  36, 156N, 1574E,  20,    0, TD,   0,    ,    0,    0,    0,    0, 
WP, 96, 2020090812, 03, LGEW,  48, 157N, 1550E,  23,    0, TD,   0,    ,    0,    0,    0,    0, 
WP, 96, 2020090812, 03, LGEW,  60, 158N, 1522E,  26,    0, TD,   0,    ,    0,    0,    0,    0, 
WP, 96, 2020090812, 03, LGEW,  72, 160N, 1494E,  30,    0, TD,   0,    ,    0,    0,    0,    0, 
WP, 96, 2020090812, 03, MBAM,  12, 166N, 1612E,   0,    0,   ,   0,    ,    0,    0,    0,    0, 
WP, 96, 2020090812, 03, MBAM,  24, 165N, 1593E,   0,    0,   ,   0,    ,    0,    0,    0,    0, 
WP, 96, 2020090812, 03, MBAM,  36, 165N, 1572E,   0,    0,   ,   0,    ,    0,    0,    0,    0, 
WP, 96, 2020090812, 03, MBAM,  48, 167N, 1550E,   0,    0,   ,   0,    ,    0,    0,    0,    0, 
WP, 96, 2020090812, 03, MBAM,  72, 173N, 1502E,   0,    0,   ,   0,    ,    0,    0,    0,    0, 
WP, 96, 2020090812, 03, RECR,  12, 177N, 1617E,  20,    0,   ,   0,    ,    0,    0,    0,    0, 
WP, 96, 2020090812, 03, RECR,  24, 183N, 1602E,  20,    0,   ,   0,    ,    0,    0,    0,    0, 
WP, 96, 2020090812, 03, RECR,  36, 192N, 1581E,  25,    0,   ,   0,    ,    0,    0,    0,    0, 
WP, 96, 2020090812, 03, RECR,  48, 202N, 1558E,  30,    0,   ,   0,    ,    0,    0,    0,    0, 
WP, 96, 2020090812, 03, RECR,  72, 216N, 1519E,  45,    0,   ,   0,    ,    0,    0,    0,    0, 
WP, 96, 2020090812, 03, SBAM,  12, 167N, 1613E,   0,    0,   ,   0,    ,    0,    0,    0,    0, 
WP, 96, 2020090812, 03, SBAM,  24, 166N, 1594E,   0,    0,   ,   0,    ,    0,    0,    0,    0, 
WP, 96, 2020090812, 03, SBAM,  36, 167N, 1575E,   0,    0,   ,   0,    ,    0,    0,    0,    0, 
WP, 96, 2020090812, 03, SBAM,  48, 169N, 1554E,   0,    0,   ,   0,    ,    0,    0,    0,    0, 
WP, 96, 2020090812, 03, SBAM,  72, 175N, 1510E,   0,    0,   ,   0,    ,    0,    0,    0,    0, 
WP, 96, 2020090812, 03, SHIW,   0, 173N, 1636E,  15,    0, TD,   0,    ,    0,    0,    0,    0, 
WP, 96, 2020090812, 03, ST5D,  12,   0N,    0E,  16,    0,   ,   0,    ,    0,    0,    0,    0, 
WP, 96, 2020090812, 03, ST5D,  24,   0N,    0E,  17,    0,   ,   0,    ,    0,    0,    0,    0, 
WP, 96, 2020090812, 03, ST5D,  36,   0N,    0E,  25,    0,   ,   0,    ,    0,    0,    0,    0, 
WP, 96, 2020090812, 03, ST5D,  48,   0N,    0E,  33,    0,   ,   0,    ,    0,    0,    0,    0, 
WP, 96, 2020090812, 03, ST5D,  60,   0N,    0E,  39,    0,   ,   0,    ,    0,    0,    0,    0, 
WP, 96, 2020090812, 03, ST5D,  72,   0N,    0E,  44,    0,   ,   0,    ,    0,    0,    0,    0, 
WP, 96, 2020090812, 03, ST5D,  84,   0N,    0E,  50,    0,   ,   0,    ,    0,    0,    0,    0, 
WP, 96, 2020090812, 03, ST5D,  96,   0N,    0E,  57,    0,   ,   0,    ,    0,    0,    0,    0, 
WP, 96, 2020090812, 03, ST5D, 108,   0N,    0E,  65,    0,   ,   0,    ,    0,    0,    0,    0, 
WP, 96, 2020090812, 03, ST5D, 120,   0N,    0E,  71,    0,   ,   0,    ,    0,    0,    0,    0, 
WP, 96, 2020090812, 03, STRT,  12, 171N, 1618E,  15,    0,   ,   0,    ,    0,    0,    0,    0, 
WP, 96, 2020090812, 03, STRT,  24, 177N, 1607E,  15,    0,   ,   0,    ,    0,    0,    0,    0, 
WP, 96, 2020090812, 03, STRT,  36, 183N, 1595E,  15,    0,   ,   0,    ,    0,    0,    0,    0, 
WP, 96, 2020090812, 03, STRT,  48, 189N, 1583E,  15,    0,   ,   0,    ,    0,    0,    0,    0, 
WP, 96, 2020090812, 03, STRT,  72, 189N, 1555E,  15,    0,   ,   0,    ,    0,    0,    0,    0, 
WP, 96, 2020090812, 03, TCLP,   0, 168N, 1635E,  15,    0,   ,   0,    ,    0,    0,    0,    0, 
WP, 96, 2020090812, 03, TCLP,  12, 168N, 1611E,  16,    0,   ,   0,    ,    0,    0,    0,    0, 
WP, 96, 2020090812, 03, TCLP,  24, 170N, 1589E,  17,    0,   ,   0,    ,    0,    0,    0,    0, 
WP, 96, 2020090812, 03, TCLP,  36, 175N, 1569E,  20,    0,   ,   0,    ,    0,    0,    0,    0, 
WP, 96, 2020090812, 03, TCLP,  48, 181N, 1551E,  23,    0,   ,   0,    ,    0,    0,    0,    0, 
WP, 96, 2020090812, 03, TCLP,  60, 189N, 1534E,  28,    0,   ,   0,    ,    0,    0,    0,    0, 
WP, 96, 2020090812, 03, TCLP,  72, 197N, 1518E,  33,    0,   ,   0,    ,    0,    0,    0,    0, 
WP, 96, 2020090812, 03, TCLP,  84, 206N, 1504E,  40,    0,   ,   0,    ,    0,    0,    0,    0, 
WP, 96, 2020090812, 03, TCLP,  96, 216N, 1490E,  47,    0,   ,   0,    ,    0,    0,    0,    0, 
WP, 96, 2020090812, 03, TCLP, 108, 227N, 1478E,  53,    0,   ,   0,    ,    0,    0,    0,    0, 
WP, 96, 2020090812, 03, TCLP, 120, 238N, 1467E,  60,    0,   ,   0,    ,    0,    0,    0,    0, 
WP, 96, 2020090812, 03, TCLP, 132, 251N, 1458E,  65,    0,   ,   0,    ,    0,    0,    0,    0, 
WP, 96, 2020090812, 03, TCLP, 144, 265N, 1451E,  69,    0,   ,   0,    ,    0,    0,    0,    0, 
WP, 96, 2020090812, 03, TCLP, 156, 279N, 1446E,  71,    0,   ,   0,    ,    0,    0,    0,    0, 
WP, 96, 2020090812, 03, TCLP, 168, 296N, 1445E,  71,    0,   ,   0,    ,    0,    0,    0,    0, 
WP, 96, 2020090812, 03, WBAI,   0, 173N, 1636E,   0,    0,   ,  34, NEQ,    0,    0,    0,    0, 
WP, 96, 2020090812, 03, WBAI,  12, 166N, 1613E,   0,    0,   ,  34, NEQ,    0,    0,    0,    0, 
WP, 96, 2020090812, 03, WBAI,  24, 157N, 1595E,   0,    0,   ,  34, NEQ,    0,    0,    0,    0, 
WP, 96, 2020090812, 03, WBAI,  36, 156N, 1574E,   0,    0,   ,  34, NEQ,    0,    0,    0,    0, 
WP, 96, 2020090812, 03, WBAI,  48, 157N, 1550E,   0,    0,   ,  34, NEQ,    0,    0,    0,    0, 
WP, 96, 2020090812, 03, WBAI,  60, 158N, 1522E,   0,    0,   ,  34, NEQ,    0,    0,    0,    0, 
WP, 96, 2020090812, 03, WBAI,  72, 160N, 1494E,   0,    0,   ,  34, NEQ,    0,    0,    0,    0, 
WP, 96, 2020090812, 03, WBAR,   0, 173N, 1637E,   0,    0,   ,   0,    ,    0,    0,    0,    0, 
WP, 96, 2020090812, 03, WBAR,   6, 162N, 1613E,   0,    0,   ,   0,    ,    0,    0,    0,    0, 
WP, 96, 2020090812, 03, WBAR,  12, 160N, 1606E,   0,    0,   ,   0,    ,    0,    0,    0,    0, 
WP, 96, 2020090812, 03, WBAR,  18, 156N, 1601E,   0,    0,   ,   0,    ,    0,    0,    0,    0, 
WP, 96, 2020090812, 03, WBAR,  24, 154N, 1594E,   0,    0,   ,   0,    ,    0,    0,    0,    0, 
WP, 96, 2020090812, 03, WBAR,  30, 154N, 1586E,   0,    0,   ,   0,    ,    0,    0,    0,    0, 
WP, 96, 2020090812, 03, WBAR,  36, 155N, 1576E,   0,    0,   ,   0,    ,    0,    0,    0,    0, 
WP, 96, 2020090812, 03, WBAR,  42, 157N, 1565E,   0,    0,   ,   0,    ,    0,    0,    0,    0, 
WP, 96, 2020090812, 03, WBAR,  48, 159N, 1551E,   0,    0,   ,   0,    ,    0,    0,    0,    0, 
WP, 96, 2020090812, 03, WBAR,  54, 161N, 1535E,   0,    0,   ,   0,    ,    0,    0,    0,    0, 
WP, 96, 2020090812, 03, WBAR,  60, 162N, 1519E,   0,    0,   ,   0,    ,    0,    0,    0,    0, 
WP, 96, 2020090812, 03, WBAR,  66, 164N, 1504E,   0,    0,   ,   0,    ,    0,    0,    0,    0, 
WP, 96, 2020090812, 03, WBAR,  72, 166N, 1489E,   0,    0,   ,   0,    ,    0,    0,    0,    0, 
WP, 96, 2020090812, 03, XTRP,  12, 166N, 1610E,  15,    0,   ,   0,    ,    0,    0,    0,    0, 
WP, 96, 2020090812, 03, XTRP,  24, 164N, 1585E,  15,    0,   ,   0,    ,    0,    0,    0,    0, 
WP, 96, 2020090812, 03, XTRP,  36, 162N, 1560E,  15,    0,   ,   0,    ,    0,    0,    0,    0, 
WP, 96, 2020090812, 03, XTRP,  48, 160N, 1535E,  15,    0,   ,   0,    ,    0,    0,    0,    0, 
WP, 96, 2020090812, 03, XTRP,  60, 158N, 1510E,  15,    0,   ,   0,    ,    0,    0,    0,    0, 
WP, 96, 2020090812, 03, XTRP,  72, 155N, 1486E,  15,    0,   ,   0,    ,    0,    0,    0,    0, 
WP, 96, 2020090812, 03, XTRP,  84, 153N, 1461E,  15,    0,   ,   0,    ,    0,    0,    0,    0, 
WP, 96, 2020090812, 03, XTRP,  96, 151N, 1436E,  15,    0,   ,   0,    ,    0,    0,    0,    0, 
WP, 96, 2020090812, 03, XTRP, 108, 149N, 1411E,  15,    0,   ,   0,    ,    0,    0,    0,    0, 
WP, 96, 2020090812, 03, XTRP, 120, 147N, 1387E,  15,    0,   ,   0,    ,    0,    0,    0,    0, 
WP, 96, 2020090812, 71, JNVG,   0, 173N, 1636E,  15,    0,   ,  34, NEQ,    0,    0,    0,    0, 
WP, 96, 2020090812, 72, JAVN,   0, 175N, 1637E,  15,    0,   ,  34, NEQ,    0,    0,    0,    0, 
WP, 96, 2020090812, 72, JAVN,  12, 178N, 1623E,  10,    0,   ,  34, NEQ,    0,    0,    0,    0, 
WP, 96, 2020090812, 72, JAVN,  24, 172N, 1604E,  15,    0,   ,  34, NEQ,    0,    0,    0,    0, 
WP, 96, 2020090818, 01, CARQ, -24, 170N, 1685E,  15,    0, DB,  34, AAA,    0,    0,    0,    0,    0,    0,   0,   0,   0,   W,   0,   X,   0,   0,     INVEST,  , 
WP, 96, 2020090818, 01, CARQ, -18, 170N, 1660E,  15,    0, DB,  34, AAA,    0,    0,    0,    0,    0,    0,   0,   0,   0,   W,   0,   X,   0,   0,     INVEST,  , 
WP, 96, 2020090818, 01, CARQ, -12, 171N, 1648E,  15,    0, DB,  34, AAA,    0,    0,    0,    0,    0,    0,   0,   0,   0,   W,   0,   X, 273,  11,     INVEST,  , 
WP, 96, 2020090818, 01, CARQ,  -6, 171N, 1637E,  15,    0, DB,  34, AAA,    0,    0,    0,    0,    0,    0,   0,   0,   0,   W,   0,   X,   0,   0,     INVEST,  , 
WP, 96, 2020090818, 01, CARQ,   0, 171N, 1623E,  15, 1006, DB,  34, NEQ,    0,    0,    0,    0, 1008,  120,  40,   0,   0,   W,   0,   X, 270,  12,     INVEST, S, 
WP, 96, 2020090818, 01, CARQ,   0, 171N, 1623E,  15, 1006, DB,  50, NEQ,    0,    0,    0,    0, 1008,  120,  40,   0,   0,   W,   0,   X, 270,  12,     INVEST, S, 
WP, 96, 2020090818, 01, CARQ,   0, 171N, 1623E,  15, 1006, DB,  64, NEQ,    0,    0,    0,    0, 1008,  120,  40,   0,   0,   W,   0,   X, 270,  12,     INVEST, S, 
WP, 96, 2020090818, 03, AFUM,   0, 167N, 1628E,  14, 1009, XX,  34, NEQ,    0,    0,    0,    0,    0,    0, 115,   0,   0, 
WP, 96, 2020090818, 03, AFUM,   6, 168N, 1623E,  14, 1009, XX,  34, NEQ,    0,    0,    0,    0,    0,    0, 117,   0,   0, 
WP, 96, 2020090818, 03, AFUM,  12, 167N, 1619E,  14, 1007, XX,  34, NEQ,    0,    0,    0,    0,    0,    0,  92,   0,   0, 
WP, 96, 2020090818, 03, AFUM,  18, 162N, 1611E,  14, 1008, XX,  34, NEQ,    0,    0,    0,    0,    0,    0, 121,   0,   0, 
WP, 96, 2020090818, 03, AFUM,  24, 163N, 1597E,  15, 1007, XX,  34, NEQ,    0,    0,    0,    0,    0,    0, 135,   0,   0, 
WP, 96, 2020090818, 03, AFUM,  30, 158N, 1589E,  14, 1008, XX,  34, NEQ,    0,    0,    0,    0,    0,    0, 165,   0,   0, 
WP, 96, 2020090818, 03, AFUM,  36, 154N, 1577E,  15, 1006, XX,  34, NEQ,    0,    0,    0,    0,    0,    0, 183,   0,   0, 
WP, 96, 2020090818, 03, AFUM,  42, 158N, 1565E,  14, 1009, XX,  34, NEQ,    0,    0,    0,    0,    0,    0, 156,   0,   0, 
WP, 96, 2020090818, 03, AFUM,  48, 153N, 1546E,  14, 1008, XX,  34, NEQ,    0,    0,    0,    0,    0,    0, 185,   0,   0, 
WP, 96, 2020090818, 03, AFUM,  54, 151N, 1539E,  12, 1010, XX,  34, NEQ,    0,    0,    0,    0,    0,    0, 178,   0,   0, 
WP, 96, 2020090818, 03, AFUM,  60, 149N, 1526E,  13, 1008, XX,  34, NEQ,    0,    0,    0,    0,    0,    0, 198,   0,   0, 
WP, 96, 2020090818, 03, AFUM,  66, 162N, 1510E,  13, 1011, XX,  34, NEQ,    0,    0,    0,    0,    0,    0, 125,   0,   0, 
WP, 96, 2020090818, 03, C120,  12, 172N, 1602E,   0,    0,   ,   0,    ,    0,    0,    0,    0, 
WP, 96, 2020090818, 03, C120,  24, 175N, 1583E,   0,    0,   ,   0,    ,    0,    0,    0,    0, 
WP, 96, 2020090818, 03, C120,  36, 179N, 1565E,   0,    0,   ,   0,    ,    0,    0,    0,    0, 
WP, 96, 2020090818, 03, C120,  48, 184N, 1548E,   0,    0,   ,   0,    ,    0,    0,    0,    0, 
WP, 96, 2020090818, 03, C120,  60, 191N, 1532E,   0,    0,   ,   0,    ,    0,    0,    0,    0, 
WP, 96, 2020090818, 03, C120,  72, 198N, 1517E,   0,    0,   ,   0,    ,    0,    0,    0,    0, 
WP, 96, 2020090818, 03, C120,  84, 206N, 1503E,   0,    0,   ,   0,    ,    0,    0,    0,    0, 
WP, 96, 2020090818, 03, C120,  96, 214N, 1491E,   0,    0,   ,   0,    ,    0,    0,    0,    0, 
WP, 96, 2020090818, 03, C120, 108, 223N, 1480E,   0,    0,   ,   0,    ,    0,    0,    0,    0, 
WP, 96, 2020090818, 03, C120, 120, 232N, 1471E,   0,    0,   ,   0,    ,    0,    0,    0,    0, 
WP, 96, 2020090818, 03, CLIM,  12, 174N, 1603E,  23,    0,   ,   0,    ,    0,    0,    0,    0, 
WP, 96, 2020090818, 03, CLIM,  24, 176N, 1582E,  29,    0,   ,   0,    ,    0,    0,    0,    0, 
WP, 96, 2020090818, 03, CLIM,  36, 181N, 1561E,  35,    0,   ,   0,    ,    0,    0,    0,    0, 
WP, 96, 2020090818, 03, CLIM,  48, 187N, 1540E,  35,    0,   ,   0,    ,    0,    0,    0,    0, 
WP, 96, 2020090818, 03, CLIM,  72, 209N, 1492E,  47,    0,   ,   0,    ,    0,    0,    0,    0, 
WP, 96, 2020090818, 03, CLIP,  12, 173N, 1597E,  21,    0,   ,   0,    ,    0,    0,    0,    0, 
WP, 96, 2020090818, 03, CLIP,  24, 178N, 1572E,  30,    0,   ,   0,    ,    0,    0,    0,    0, 
WP, 96, 2020090818, 03, CLIP,  36, 182N, 1549E,  41,    0,   ,   0,    ,    0,    0,    0,    0, 
WP, 96, 2020090818, 03, CLIP,  48, 190N, 1527E,  50,    0,   ,   0,    ,    0,    0,    0,    0, 
WP, 96, 2020090818, 03, CLIP,  72, 213N, 1492E,  67,    0,   ,   0,    ,    0,    0,    0,    0, 
WP, 96, 2020090818, 03, COTC,   0, 170N, 1627E,  18, 1008, XX,  34, NEQ,    0,    0,    0,    0,    0,    0,  79,   0,   0, 
WP, 96, 2020090818, 03, COTC,   6, 169N, 1615E,  30, 1001, XX,  34, NEQ,    0,    0,    0,    0,    0,    0,  99,   0,   0, 
WP, 96, 2020090818, 03, CTCX,   0, 172N, 1628E,  14, 1008, XX,  34, NEQ,    0,    0,    0,    0,    0,    0,  97,   0,   0, 
WP, 96, 2020090818, 03, DSHW,   0, 171N, 1623E,  15, 1011, TD,  34, NEQ,    0,    0,    0,    0, 
WP, 96, 2020090818, 03, DSHW,   6, 167N, 1613E,  16, 1012, TD,  34, NEQ,    0,    0,    0,    0, 
WP, 96, 2020090818, 03, DSHW,  12, 162N, 1603E,  16, 1010, TD,  34, NEQ,    0,    0,    0,    0, 
WP, 96, 2020090818, 03, DSHW,  18, 161N, 1595E,  18, 1009, TD,  34, NEQ,    0,    0,    0,    0, 
WP, 96, 2020090818, 03, DSHW,  24, 160N, 1587E,  20, 1007, TD,  34, NEQ,    0,    0,    0,    0, 
WP, 96, 2020090818, 03, DSHW,  30, 161N, 1577E,  22, 1008, TD,  34, NEQ,    0,    0,    0,    0, 
WP, 96, 2020090818, 03, DSHW,  36, 162N, 1566E,  23, 1006, TD,  34, NEQ,    0,    0,    0,    0, 
WP, 96, 2020090818, 03, DSHW,  42, 164N, 1552E,  26, 1009, TD,  34, NEQ,    0,    0,    0,    0, 
WP, 96, 2020090818, 03, DSHW,  48, 166N, 1537E,  28, 1007, TD,  34, NEQ,    0,    0,    0,    0, 
WP, 96, 2020090818, 03, DSHW,  54, 168N, 1522E,  33, 1007, TD,  34, NEQ,    0,    0,    0,    0, 
WP, 96, 2020090818, 03, DSHW,  60, 169N, 1507E,  37, 1004, TS,  34, NEQ,   40,    0,    0,   40, 
WP, 96, 2020090818, 03, DSHW,  66, 171N, 1492E,  41, 1004, TS,  34, NEQ,   45,   35,   30,   45, 
WP, 96, 2020090818, 03, DSHW,  72, 173N, 1476E,  44, 1002, TS,  34, NEQ,   50,   40,   40,   50, 
WP, 96, 2020090818, 03, DSHW,  78,  87N,  738E,  47,    0, TS,  34, NEQ,    0,    0,    0,    0, 
WP, 96, 2020090818, 03, DSHW,  84,   0N,    0E,  49,    0, TS,  34, NEQ,    0,    0,    0,    0, 
WP, 96, 2020090818, 03, DSHW,  90,   0N,    0E,  52,    0, TS,  34, NEQ,    0,    0,    0,    0, 
WP, 96, 2020090818, 03, DSHW,  96,   0N,    0E,  54,    0, TS,  34, NEQ,    0,    0,    0,    0, 
WP, 96, 2020090818, 03, DSHW, 102,   0N,    0E,  56,    0, TS,  34, NEQ,    0,    0,    0,    0, 
WP, 96, 2020090818, 03, DSHW, 108,   0N,    0E,  58,    0, TS,  34, NEQ,    0,    0,    0,    0, 
WP, 96, 2020090818, 03, DSHW, 114,   0N,    0E,  60,    0, TS,  34, NEQ,    0,    0,    0,    0, 
WP, 96, 2020090818, 03, DSHW, 120,   0N,    0E,  61,    0, TS,  34, NEQ,    0,    0,    0,    0, 
WP, 96, 2020090818, 03, FBAM,  12, 169N, 1599E,   0,    0,   ,   0,    ,    0,    0,    0,    0, 
WP, 96, 2020090818, 03, FBAM,  24, 165N, 1576E,   0,    0,   ,   0,    ,    0,    0,    0,    0, 
WP, 96, 2020090818, 03, FBAM,  36, 163N, 1552E,   0,    0,   ,   0,    ,    0,    0,    0,    0, 
WP, 96, 2020090818, 03, FBAM,  48, 163N, 1527E,   0,    0,   ,   0,    ,    0,    0,    0,    0, 
WP, 96, 2020090818, 03, FBAM,  72, 167N, 1472E,   0,    0,   ,   0,    ,    0,    0,    0,    0, 
WP, 96, 2020090818, 03, HPAC,  12, 172N, 1600E,   0,    0,   ,   0,    ,    0,    0,    0,    0, 
WP, 96, 2020090818, 03, HPAC,  24, 174N, 1578E,   0,    0,   ,   0,    ,    0,    0,    0,    0, 
WP, 96, 2020090818, 03, HPAC,  36, 176N, 1554E,   0,    0,   ,   0,    ,    0,    0,    0,    0, 
WP, 96, 2020090818, 03, HPAC,  48, 179N, 1531E,   0,    0,   ,   0,    ,    0,    0,    0,    0, 
WP, 96, 2020090818, 03, HPAC,  72, 190N, 1482E,   0,    0,   ,   0,    ,    0,    0,    0,    0, 
WP, 96, 2020090818, 03, JAVI,   0, 171N, 1623E,  15,    0,   ,  34, NEQ,    0,    0,    0,    0, 
WP, 96, 2020090818, 03, JAVI,  12, 170N, 1607E,  15,    0,   ,  34, NEQ,    0,    0,    0,    0, 
WP, 96, 2020090818, 03, LGEW,   0, 171N, 1623E,  15,    0, TD,   0,    ,    0,    0,    0,    0, 
WP, 96, 2020090818, 03, LGEW,  12, 162N, 1603E,  16,    0, TD,   0,    ,    0,    0,    0,    0, 
WP, 96, 2020090818, 03, LGEW,  24, 160N, 1587E,  18,    0, TD,   0,    ,    0,    0,    0,    0, 
WP, 96, 2020090818, 03, LGEW,  36, 162N, 1566E,  21,    0, TD,   0,    ,    0,    0,    0,    0, 
WP, 96, 2020090818, 03, LGEW,  48, 166N, 1537E,  24,    0, TD,   0,    ,    0,    0,    0,    0, 
WP, 96, 2020090818, 03, LGEW,  60, 169N, 1507E,  27,    0, TD,   0,    ,    0,    0,    0,    0, 
WP, 96, 2020090818, 03, LGEW,  72, 173N, 1476E,  30,    0, TD,   0,    ,    0,    0,    0,    0, 
WP, 96, 2020090818, 03, MBAM,  12, 170N, 1601E,   0,    0,   ,   0,    ,    0,    0,    0,    0, 
WP, 96, 2020090818, 03, MBAM,  24, 169N, 1582E,   0,    0,   ,   0,    ,    0,    0,    0,    0, 
WP, 96, 2020090818, 03, MBAM,  36, 169N, 1560E,   0,    0,   ,   0,    ,    0,    0,    0,    0, 
WP, 96, 2020090818, 03, MBAM,  48, 170N, 1538E,   0,    0,   ,   0,    ,    0,    0,    0,    0, 
WP, 96, 2020090818, 03, MBAM,  72, 175N, 1489E,   0,    0,   ,   0,    ,    0,    0,    0,    0, 
WP, 96, 2020090818, 03, NVGM,   0, 166N, 1626E,  16, 1009, XX,  34, NEQ,    0,    0,    0,    0,    0,    0, 114,   0,   0, 
WP, 96, 2020090818, 03, NVGM,   6, 169N, 1619E,  15, 1010, XX,  34, NEQ,    0,    0,    0,    0,    0,    0, 113,   0,   0, 
WP, 96, 2020090818, 03, NVGM,  12, 166N, 1611E,  15, 1007, XX,  34, NEQ,    0,    0,    0,    0,    0,    0, 149,   0,   0, 
WP, 96, 2020090818, 03, NVGM,  18, 166N, 1602E,  17, 1009, XX,  34, NEQ,    0,    0,    0,    0,    0,    0, 149,   0,   0, 
WP, 96, 2020090818, 03, NVGM,  24, 164N, 1592E,  15, 1007, XX,  34, NEQ,    0,    0,    0,    0,    0,    0, 154,   0,   0, 
WP, 96, 2020090818, 03, NVGM,  30, 165N, 1584E,  14, 1009, XX,  34, NEQ,    0,    0,    0,    0,    0,    0, 135,   0,   0, 
WP, 96, 2020090818, 03, NVGM,  36, 161N, 1574E,  12, 1007, XX,  34, NEQ,    0,    0,    0,    0,    0,    0, 152,   0,   0, 
WP, 96, 2020090818, 03, NVGM,  42, 163N, 1564E,  16, 1009, XX,  34, NEQ,    0,    0,    0,    0,    0,    0, 161,   0,   0, 
WP, 96, 2020090818, 03, RECR,  12, 180N, 1606E,  15,    0,   ,   0,    ,    0,    0,    0,    0, 
WP, 96, 2020090818, 03, RECR,  24, 183N, 1589E,  15,    0,   ,   0,    ,    0,    0,    0,    0, 
WP, 96, 2020090818, 03, RECR,  36, 189N, 1574E,  20,    0,   ,   0,    ,    0,    0,    0,    0, 
WP, 96, 2020090818, 03, RECR,  48, 194N, 1564E,  25,    0,   ,   0,    ,    0,    0,    0,    0, 
WP, 96, 2020090818, 03, RECR,  72, 211N, 1535E,  35,    0,   ,   0,    ,    0,    0,    0,    0, 
WP, 96, 2020090818, 03, SBAM,  12, 171N, 1601E,   0,    0,   ,   0,    ,    0,    0,    0,    0, 
WP, 96, 2020090818, 03, SBAM,  24, 170N, 1584E,   0,    0,   ,   0,    ,    0,    0,    0,    0, 
WP, 96, 2020090818, 03, SBAM,  36, 170N, 1563E,   0,    0,   ,   0,    ,    0,    0,    0,    0, 
WP, 96, 2020090818, 03, SBAM,  48, 171N, 1542E,   0,    0,   ,   0,    ,    0,    0,    0,    0, 
WP, 96, 2020090818, 03, SBAM,  72, 177N, 1496E,   0,    0,   ,   0,    ,    0,    0,    0,    0, 
WP, 96, 2020090818, 03, SHIW,   0, 171N, 1623E,  15,    0, TD,   0,    ,    0,    0,    0,    0, 
WP, 96, 2020090818, 03, SHIW,  12, 162N, 1603E,  16,    0, TD,   0,    ,    0,    0,    0,    0, 
WP, 96, 2020090818, 03, SHIW,  24, 160N, 1587E,  20,    0, TD,   0,    ,    0,    0,    0,    0, 
WP, 96, 2020090818, 03, SHIW,  36, 162N, 1566E,  23,    0, TD,   0,    ,    0,    0,    0,    0, 
WP, 96, 2020090818, 03, SHIW,  48, 166N, 1537E,  28,    0, TD,   0,    ,    0,    0,    0,    0, 
WP, 96, 2020090818, 03, SHIW,  60, 169N, 1507E,  37,    0, TS,   0,    ,    0,    0,    0,    0, 
WP, 96, 2020090818, 03, SHIW,  72, 173N, 1476E,  44,    0, TS,   0,    ,    0,    0,    0,    0, 
WP, 96, 2020090818, 03, SHIW,  84,   0N,    0E,  49,    0,   ,   0,    ,    0,    0,    0,    0, 
WP, 96, 2020090818, 03, SHIW,  96,   0N,    0E,  54,    0,   ,   0,    ,    0,    0,    0,    0, 
WP, 96, 2020090818, 03, SHIW, 108,   0N,    0E,  58,    0,   ,   0,    ,    0,    0,    0,    0, 
WP, 96, 2020090818, 03, SHIW, 120,   0N,    0E,  61,    0,   ,   0,    ,    0,    0,    0,    0, 
WP, 96, 2020090818, 03, ST5D,  12,   0N,    0E,  16,    0,   ,   0,    ,    0,    0,    0,    0, 
WP, 96, 2020090818, 03, ST5D,  24,   0N,    0E,  18,    0,   ,   0,    ,    0,    0,    0,    0, 
WP, 96, 2020090818, 03, ST5D,  36,   0N,    0E,  25,    0,   ,   0,    ,    0,    0,    0,    0, 
WP, 96, 2020090818, 03, ST5D,  48,   0N,    0E,  33,    0,   ,   0,    ,    0,    0,    0,    0, 
WP, 96, 2020090818, 03, ST5D,  60,   0N,    0E,  39,    0,   ,   0,    ,    0,    0,    0,    0, 
WP, 96, 2020090818, 03, ST5D,  72,   0N,    0E,  44,    0,   ,   0,    ,    0,    0,    0,    0, 
WP, 96, 2020090818, 03, ST5D,  84,   0N,    0E,  51,    0,   ,   0,    ,    0,    0,    0,    0, 
WP, 96, 2020090818, 03, ST5D,  96,   0N,    0E,  57,    0,   ,   0,    ,    0,    0,    0,    0, 
WP, 96, 2020090818, 03, ST5D, 108,   0N,    0E,  65,    0,   ,   0,    ,    0,    0,    0,    0, 
WP, 96, 2020090818, 03, ST5D, 120,   0N,    0E,  70,    0,   ,   0,    ,    0,    0,    0,    0, 
WP, 96, 2020090818, 03, STRT,  12, 173N, 1607E,  25,    0,   ,   0,    ,    0,    0,    0,    0, 
WP, 96, 2020090818, 03, STRT,  24, 177N, 1589E,  25,    0,   ,   0,    ,    0,    0,    0,    0, 
WP, 96, 2020090818, 03, STRT,  36, 180N, 1575E,  25,    0,   ,   0,    ,    0,    0,    0,    0, 
WP, 96, 2020090818, 03, STRT,  48, 184N, 1561E,  25,    0,   ,   0,    ,    0,    0,    0,    0, 
WP, 96, 2020090818, 03, STRT,  72, 191N, 1534E,  25,    0,   ,   0,    ,    0,    0,    0,    0, 
WP, 96, 2020090818, 03, TCLP,   0, 171N, 1623E,  15,    0,   ,   0,    ,    0,    0,    0,    0, 
WP, 96, 2020090818, 03, TCLP,  12, 172N, 1599E,  16,    0,   ,   0,    ,    0,    0,    0,    0, 
WP, 96, 2020090818, 03, TCLP,  24, 176N, 1577E,  17,    0,   ,   0,    ,    0,    0,    0,    0, 
WP, 96, 2020090818, 03, TCLP,  36, 182N, 1557E,  20,    0,   ,   0,    ,    0,    0,    0,    0, 
WP, 96, 2020090818, 03, TCLP,  48, 189N, 1539E,  23,    0,   ,   0,    ,    0,    0,    0,    0, 
WP, 96, 2020090818, 03, TCLP,  60, 197N, 1522E,  27,    0,   ,   0,    ,    0,    0,    0,    0, 
WP, 96, 2020090818, 03, TCLP,  72, 206N, 1507E,  33,    0,   ,   0,    ,    0,    0,    0,    0, 
WP, 96, 2020090818, 03, TCLP,  84, 216N, 1493E,  39,    0,   ,   0,    ,    0,    0,    0,    0, 
WP, 96, 2020090818, 03, TCLP,  96, 227N, 1480E,  45,    0,   ,   0,    ,    0,    0,    0,    0, 
WP, 96, 2020090818, 03, TCLP, 108, 238N, 1468E,  51,    0,   ,   0,    ,    0,    0,    0,    0, 
WP, 96, 2020090818, 03, TCLP, 120, 250N, 1458E,  56,    0,   ,   0,    ,    0,    0,    0,    0, 
WP, 96, 2020090818, 03, TCLP, 132, 264N, 1450E,  61,    0,   ,   0,    ,    0,    0,    0,    0, 
WP, 96, 2020090818, 03, TCLP, 144, 278N, 1445E,  64,    0,   ,   0,    ,    0,    0,    0,    0, 
WP, 96, 2020090818, 03, TCLP, 156, 295N, 1443E,  65,    0,   ,   0,    ,    0,    0,    0,    0, 
WP, 96, 2020090818, 03, TCLP, 168, 313N, 1445E,  64,    0,   ,   0,    ,    0,    0,    0,    0, 
WP, 96, 2020090818, 03, TMM2,   0, 171N, 1623E,  15,    0,   ,  34, NEQ,    0,    0,    0,    0, 
WP, 96, 2020090818, 03, TMM2,  12, 172N, 1606E,  15,    0,   ,  34, NEQ,    0,    0,    0,    0, 
WP, 96, 2020090818, 03, TMM2,  24, 173N, 1587E,  16,    0,   ,  34, NEQ,    0,    0,    0,    0, 
WP, 96, 2020090818, 03, TMM2,  36, 173N, 1568E,  18,    0,   ,  34, NEQ,    0,    0,    0,    0, 
WP, 96, 2020090818, 03, TMM2,  48, 173N, 1547E,  19,    0,   ,  34, NEQ,    0,    0,    0,    0, 
WP, 96, 2020090818, 03, TMM2,  60, 177N, 1522E,  21,    0,   ,  34, NEQ,    0,    0,    0,    0, 
WP, 96, 2020090818, 03, TMM2,  72, 183N, 1496E,  23,    0,   ,  34, NEQ,    0,    0,    0,    0, 
WP, 96, 2020090818, 03, TMM2,  84, 192N, 1468E,  25,    0,   ,  34, NEQ,    0,    0,    0,    0, 
WP, 96, 2020090818, 03, TMM2,  96, 202N, 1443E,  27,    0,   ,  34, NEQ,    0,    0,    0,    0, 
WP, 96, 2020090818, 03, TMM2, 108, 209N, 1423E,  28,    0,   ,  34, NEQ,    0,    0,    0,    0, 
WP, 96, 2020090818, 03, TMM2, 120, 214N, 1412E,  30,    0,   ,  34, NEQ,    0,    0,    0,    0, 
WP, 96, 2020090818, 03, TMM2, 132, 219N, 1401E,  28,    0,   ,  34, NEQ,    0,    0,    0,    0, 
WP, 96, 2020090818, 03, WBAI,   0, 171N, 1623E,   0,    0,   ,  34, NEQ,    0,    0,    0,    0, 
WP, 96, 2020090818, 03, WBAI,  12, 162N, 1603E,   0,    0,   ,  34, NEQ,    0,    0,    0,    0, 
WP, 96, 2020090818, 03, WBAI,  24, 160N, 1587E,   0,    0,   ,  34, NEQ,    0,    0,    0,    0, 
WP, 96, 2020090818, 03, WBAI,  36, 162N, 1566E,   0,    0,   ,  34, NEQ,    0,    0,    0,    0, 
WP, 96, 2020090818, 03, WBAI,  48, 166N, 1537E,   0,    0,   ,  34, NEQ,    0,    0,    0,    0, 
WP, 96, 2020090818, 03, WBAI,  60, 169N, 1507E,   0,    0,   ,  34, NEQ,    0,    0,    0,    0, 
WP, 96, 2020090818, 03, WBAI,  72, 173N, 1476E,   0,    0,   ,  34, NEQ,    0,    0,    0,    0, 
WP, 96, 2020090818, 03, WBAR,   0, 171N, 1624E,   0,    0,   ,   0,    ,    0,    0,    0,    0, 
WP, 96, 2020090818, 03, WBAR,   6, 168N, 1614E,   0,    0,   ,   0,    ,    0,    0,    0,    0, 
WP, 96, 2020090818, 03, WBAR,  12, 164N, 1604E,   0,    0,   ,   0,    ,    0,    0,    0,    0, 
WP, 96, 2020090818, 03, WBAR,  18, 160N, 1593E,   0,    0,   ,   0,    ,    0,    0,    0,    0, 
WP, 96, 2020090818, 03, WBAR,  24, 157N, 1581E,   0,    0,   ,   0,    ,    0,    0,    0,    0, 
WP, 96, 2020090818, 03, WBAR,  30, 155N, 1570E,   0,    0,   ,   0,    ,    0,    0,    0,    0, 
WP, 96, 2020090818, 03, WBAR,  36, 154N, 1558E,   0,    0,   ,   0,    ,    0,    0,    0,    0, 
WP, 96, 2020090818, 03, WBAR,  42, 153N, 1546E,   0,    0,   ,   0,    ,    0,    0,    0,    0, 
WP, 96, 2020090818, 03, WBAR,  48, 154N, 1532E,   0,    0,   ,   0,    ,    0,    0,    0,    0, 
WP, 96, 2020090818, 03, WBAR,  54, 155N, 1519E,   0,    0,   ,   0,    ,    0,    0,    0,    0, 
WP, 96, 2020090818, 03, WBAR,  60, 158N, 1505E,   0,    0,   ,   0,    ,    0,    0,    0,    0, 
WP, 96, 2020090818, 03, WBAR,  66, 160N, 1490E,   0,    0,   ,   0,    ,    0,    0,    0,    0, 
WP, 96, 2020090818, 03, WBAR,  72, 163N, 1475E,   0,    0,   ,   0,    ,    0,    0,    0,    0, 
WP, 96, 2020090818, 03, XTRP,  12, 171N, 1598E,  15,    0,   ,   0,    ,    0,    0,    0,    0, 
WP, 96, 2020090818, 03, XTRP,  24, 171N, 1573E,  15,    0,   ,   0,    ,    0,    0,    0,    0, 
WP, 96, 2020090818, 03, XTRP,  36, 171N, 1548E,  15,    0,   ,   0,    ,    0,    0,    0,    0, 
WP, 96, 2020090818, 03, XTRP,  48, 171N, 1523E,  15,    0,   ,   0,    ,    0,    0,    0,    0, 
WP, 96, 2020090818, 03, XTRP,  60, 171N, 1498E,  15,    0,   ,   0,    ,    0,    0,    0,    0, 
WP, 96, 2020090818, 03, XTRP,  72, 171N, 1473E,  15,    0,   ,   0,    ,    0,    0,    0,    0, 
WP, 96, 2020090818, 03, XTRP,  84, 171N, 1448E,  15,    0,   ,   0,    ,    0,    0,    0,    0, 
WP, 96, 2020090818, 03, XTRP,  96, 171N, 1423E,  15,    0,   ,   0,    ,    0,    0,    0,    0, 
WP, 96, 2020090818, 03, XTRP, 108, 171N, 1398E,  15,    0,   ,   0,    ,    0,    0,    0,    0, 
WP, 96, 2020090818, 03, XTRP, 120, 171N, 1373E,  15,    0,   ,   0,    ,    0,    0,    0,    0, 
WP, 96, 2020090818, 71, JNVG,   0, 166N, 1617E,  15,    0,   ,  34, NEQ,    0,    0,    0,    0, 
WP, 96, 2020090818, 71, JNVG,  12, 165N, 1612E,  15,    0,   ,  34, NEQ,    0,    0,    0,    0, 
WP, 96, 2020090818, 71, JNVG,  24, 169N, 1585E,  15,    0,   ,  34, NEQ,    0,    0,    0,    0, 
WP, 96, 2020090818, 71, JNVG,  36, 165N, 1576E,  15,    0,   ,  34, NEQ,    0,    0,    0,    0, 
WP, 96, 2020090818, 71, JNVG,  48, 174N, 1546E,  15,    0,   ,  34, NEQ,    0,    0,    0,    0, 
WP, 96, 2020090818, 72, JAVN,   0, 172N, 1625E,  15,    0,   ,  34, NEQ,    0,    0,    0,    0, 
WP, 96, 2020090818, 72, JAVN,  12, 166N, 1614E,  15,    0,   ,  34, NEQ,    0,    0,    0,    0, 
WP, 96, 2020090900, 01, CARQ, -24, 170N, 1660E,  15,    0, DB,  34, AAA,    0,    0,    0,    0,    0,    0,   0,   0,   0,   W,   0,   X,   0,   0,     INVEST,  , 
WP, 96, 2020090900, 01, CARQ, -18, 171N, 1648E,  15,    0, DB,  34, AAA,    0,    0,    0,    0,    0,    0,   0,   0,   0,   W,   0,   X,   0,   0,     INVEST,  , 
WP, 96, 2020090900, 01, CARQ, -12, 171N, 1637E,  15,    0, DB,  34, AAA,    0,    0,    0,    0,    0,    0,   0,   0,   0,   W,   0,   X, 270,  12,     INVEST,  , 
WP, 96, 2020090900, 01, CARQ,  -6, 171N, 1623E,  15,    0, DB,  34, AAA,    0,    0,    0,    0,    0,    0,   0,   0,   0,   W,   0,   X,   0,   0,     INVEST,  , 
WP, 96, 2020090900, 01, CARQ,   0, 171N, 1609E,  15, 1006, DB,  34, NEQ,    0,    0,    0,    0, 1008,  120,  40,   0,   0,   W,   0,   X, 270,  12,     INVEST, S, 
WP, 96, 2020090900, 01, CARQ,   0, 171N, 1609E,  15, 1006, DB,  50, NEQ,    0,    0,    0,    0, 1008,  120,  40,   0,   0,   W,   0,   X, 270,  12,     INVEST, S, 
WP, 96, 2020090900, 01, CARQ,   0, 171N, 1609E,  15, 1006, DB,  64, NEQ,    0,    0,    0,    0, 1008,  120,  40,   0,   0,   W,   0,   X, 270,  12,     INVEST, S, 
WP, 96, 2020090900, 03, AFUI,   0, 171N, 1609E,  15,    0,   ,  34, NEQ,    0,    0,    0,    0, 
WP, 96, 2020090900, 03, AFUI,  12, 168N, 1595E,  15,    0,   ,  34, NEQ,    0,    0,    0,    0, 
WP, 96, 2020090900, 03, AFUI,  24, 163N, 1574E,  15,    0,   ,  34, NEQ,    0,    0,    0,    0, 
WP, 96, 2020090900, 03, AFUI,  36, 159N, 1549E,  15,    0,   ,  34, NEQ,    0,    0,    0,    0, 
WP, 96, 2020090900, 03, AFUI,  48, 157N, 1523E,  13,    0,   ,  34, NEQ,    0,    0,    0,    0, 
WP, 96, 2020090900, 03, AFUI,  60, 166N, 1496E,  13,    0,   ,  34, NEQ,    0,    0,    0,    0, 
WP, 96, 2020090900, 03, AFUI,  72, 175N, 1469E,  13,    0,   ,  34, NEQ,    0,    0,    0,    0, 
WP, 96, 2020090900, 03, C120,  12, 172N, 1585E,   0,    0,   ,   0,    ,    0,    0,    0,    0, 
WP, 96, 2020090900, 03, C120,  24, 175N, 1564E,   0,    0,   ,   0,    ,    0,    0,    0,    0, 
WP, 96, 2020090900, 03, C120,  36, 179N, 1544E,   0,    0,   ,   0,    ,    0,    0,    0,    0, 
WP, 96, 2020090900, 03, C120,  48, 184N, 1526E,   0,    0,   ,   0,    ,    0,    0,    0,    0, 
WP, 96, 2020090900, 03, C120,  60, 190N, 1510E,   0,    0,   ,   0,    ,    0,    0,    0,    0, 
WP, 96, 2020090900, 03, C120,  72, 197N, 1495E,   0,    0,   ,   0,    ,    0,    0,    0,    0, 
WP, 96, 2020090900, 03, C120,  84, 205N, 1481E,   0,    0,   ,   0,    ,    0,    0,    0,    0, 
WP, 96, 2020090900, 03, C120,  96, 213N, 1469E,   0,    0,   ,   0,    ,    0,    0,    0,    0, 
WP, 96, 2020090900, 03, C120, 108, 222N, 1458E,   0,    0,   ,   0,    ,    0,    0,    0,    0, 
WP, 96, 2020090900, 03, C120, 120, 231N, 1449E,   0,    0,   ,   0,    ,    0,    0,    0,    0, 
WP, 96, 2020090900, 03, CHTI,   0, 171N, 1609E,  15,    0,   ,  34, NEQ,    0,    0,    0,    0, 
WP, 96, 2020090900, 03, CLIM,  12, 173N, 1590E,  23,    0,   ,   0,    ,    0,    0,    0,    0, 
WP, 96, 2020090900, 03, CLIM,  24, 178N, 1570E,  26,    0,   ,   0,    ,    0,    0,    0,    0, 
WP, 96, 2020090900, 03, CLIM,  36, 186N, 1546E,  31,    0,   ,   0,    ,    0,    0,    0,    0, 
WP, 96, 2020090900, 03, CLIM,  48, 196N, 1522E,  34,    0,   ,   0,    ,    0,    0,    0,    0, 
WP, 96, 2020090900, 03, CLIM,  72, 216N, 1478E,  39,    0,   ,   0,    ,    0,    0,    0,    0, 
WP, 96, 2020090900, 03, CLIP,  12, 173N, 1580E,  21,    0,   ,   0,    ,    0,    0,    0,    0, 
WP, 96, 2020090900, 03, CLIP,  24, 178N, 1554E,  30,    0,   ,   0,    ,    0,    0,    0,    0, 
WP, 96, 2020090900, 03, CLIP,  36, 183N, 1528E,  41,    0,   ,   0,    ,    0,    0,    0,    0, 
WP, 96, 2020090900, 03, CLIP,  48, 189N, 1505E,  50,    0,   ,   0,    ,    0,    0,    0,    0, 
WP, 96, 2020090900, 03, CLIP,  72, 210N, 1467E,  67,    0,   ,   0,    ,    0,    0,    0,    0, 
WP, 96, 2020090900, 03, CONW,   0, 171N, 1609E,  15,    0,   ,   0,    ,    0,    0,    0,    0, 
WP, 96, 2020090900, 03, CONW,  12, 169N, 1597E,  15,    0,   ,   0,    ,    0,    0,    0,    0, 
WP, 96, 2020090900, 03, CONW,  24, 167N, 1583E,  15,    0,   ,   0,    ,    0,    0,    0,    0, 
WP, 96, 2020090900, 03, CONW,  36, 165N, 1565E,  16,    0,   ,   0,    ,    0,    0,    0,    0, 
WP, 96, 2020090900, 03, CONW,  48, 164N, 1547E,  17,    0,   ,   0,    ,    0,    0,    0,    0, 
WP, 96, 2020090900, 03, CONW,  60, 168N, 1533E,  16,    0,   ,   0,    ,    0,    0,    0,    0, 
WP, 96, 2020090900, 03, CONW,  72, 174N, 1515E,  16,    0,   ,   0,    ,    0,    0,    0,    0, 
WP, 96, 2020090900, 03, COTI,   0, 171N, 1609E,  15,    0,   ,  34, NEQ,    0,    0,    0,    0, 
WP, 96, 2020090900, 03, DSHN,   0, 171N, 1609E,  15, 1012, TD,  34, NEQ,    0,    0,    0,    0, 
WP, 96, 2020090900, 03, DSHN,   6, 171N, 1600E,  16, 1009, TD,  34, NEQ,    0,    0,    0,    0, 
WP, 96, 2020090900, 03, DSHN,  12, 170N, 1592E,  16, 1010, TD,  34, NEQ,    0,    0,    0,    0, 
WP, 96, 2020090900, 03, DSHN,  18, 169N, 1583E,  16, 1008, TD,  34, NEQ,    0,    0,    0,    0, 
WP, 96, 2020090900, 03, DSHN,  24, 168N, 1574E,  16, 1010, TD,  34, NEQ,    0,    0,    0,    0, 
WP, 96, 2020090900, 03, DSHN,  30, 168N, 1565E,  18, 1008, TD,  34, NEQ,    0,    0,    0,    0, 
WP, 96, 2020090900, 03, DSHN,  36, 167N, 1555E,  19, 1010, TD,  34, NEQ,    0,    0,    0,    0, 
WP, 96, 2020090900, 03, DSHN,  42, 167N, 1545E,  22, 1008, TD,  34, NEQ,    0,    0,    0,    0, 
WP, 96, 2020090900, 03, DSHN,  48, 167N, 1535E,  24, 1010, TD,  34, NEQ,    0,    0,    0,    0, 
WP, 96, 2020090900, 03, DSHN,  54,  84N,  768E,  27,    0, TD,  34, NEQ,    0,    0,    0,    0, 
WP, 96, 2020090900, 03, DSHN,  60,   0N,    0E,  29,    0, TD,  34, NEQ,    0,    0,    0,    0, 
WP, 96, 2020090900, 03, DSHN,  66,   0N,    0E,  31,    0, TD,  34, NEQ,    0,    0,    0,    0, 
WP, 96, 2020090900, 03, DSHN,  72,   0N,    0E,  32,    0, TD,  34, NEQ,    0,    0,    0,    0, 
WP, 96, 2020090900, 03, DSHN,  78,   0N,    0E,  34,    0, TD,  34, NEQ,    0,    0,    0,    0, 
WP, 96, 2020090900, 03, DSHN,  84,   0N,    0E,  36,    0, TD,  34, NEQ,    0,    0,    0,    0, 
WP, 96, 2020090900, 03, DSHN,  90,   0N,    0E,  38,    0, TD,  34, NEQ,    0,    0,    0,    0, 
WP, 96, 2020090900, 03, DSHN,  96,   0N,    0E,  40,    0, TD,  34, NEQ,    0,    0,    0,    0, 
WP, 96, 2020090900, 03, DSHN, 102,   0N,    0E,  42,    0, TD,  34, NEQ,    0,    0,    0,    0, 
WP, 96, 2020090900, 03, DSHN, 108,   0N,    0E,  43,    0, TD,  34, NEQ,    0,    0,    0,    0, 
WP, 96, 2020090900, 03, DSHN, 114,   0N,    0E,  45,    0, TD,  34, NEQ,    0,    0,    0,    0, 
WP, 96, 2020090900, 03, DSHN, 120,   0N,    0E,  46,    0, TD,  34, NEQ,    0,    0,    0,    0, 
WP, 96, 2020090900, 03, DSHW,   0, 171N, 1609E,  15, 1012, TD,  34, NEQ,    0,    0,    0,    0, 
WP, 96, 2020090900, 03, DSHW,   6, 168N, 1599E,  16, 1010, TD,  34, NEQ,    0,    0,    0,    0, 
WP, 96, 2020090900, 03, DSHW,  12, 164N, 1588E,  16, 1011, TD,  34, NEQ,    0,    0,    0,    0, 
WP, 96, 2020090900, 03, DSHW,  18, 162N, 1577E,  17, 1008, TD,  34, NEQ,    0,    0,    0,    0, 
WP, 96, 2020090900, 03, DSHW,  24, 159N, 1565E,  17, 1010, TD,  34, NEQ,    0,    0,    0,    0, 
WP, 96, 2020090900, 03, DSHW,  30, 158N, 1553E,  18, 1008, TD,  34, NEQ,    0,    0,    0,    0, 
WP, 96, 2020090900, 03, DSHW,  36, 157N, 1540E,  19, 1011, TD,  34, NEQ,    0,    0,    0,    0, 
WP, 96, 2020090900, 03, DSHW,  42, 158N, 1527E,  22, 1009, TD,  34, NEQ,    0,    0,    0,    0, 
WP, 96, 2020090900, 03, DSHW,  48, 159N, 1514E,  25, 1010, TD,  34, NEQ,    0,    0,    0,    0, 
WP, 96, 2020090900, 03, DSHW,  54, 162N, 1500E,  30, 1007, TD,  34, NEQ,    0,    0,    0,    0, 
WP, 96, 2020090900, 03, DSHW,  60, 164N, 1485E,  34, 1007, TS,  34, NEQ,   25,    0,    0,   25, 
WP, 96, 2020090900, 03, DSHW,  66, 166N, 1471E,  39, 1004, TS,  34, NEQ,   40,    0,    0,   40, 
WP, 96, 2020090900, 03, DSHW,  72, 168N, 1456E,  43, 1003, TS,  34, NEQ,   45,   35,   35,   45, 
WP, 96, 2020090900, 03, DSHW,  78,  84N,  728E,  45,    0, TS,  34, NEQ,    0,    0,    0,    0, 
WP, 96, 2020090900, 03, DSHW,  84,   0N,    0E,  47,    0, TS,  34, NEQ,    0,    0,    0,    0, 
WP, 96, 2020090900, 03, DSHW,  90,   0N,    0E,  49,    0, TS,  34, NEQ,    0,    0,    0,    0, 
WP, 96, 2020090900, 03, DSHW,  96,   0N,    0E,  50,    0, TS,  34, NEQ,    0,    0,    0,    0, 
WP, 96, 2020090900, 03, DSHW, 102,   0N,    0E,  52,    0, TS,  34, NEQ,    0,    0,    0,    0, 
WP, 96, 2020090900, 03, DSHW, 108,   0N,    0E,  53,    0, TS,  34, NEQ,    0,    0,    0,    0, 
WP, 96, 2020090900, 03, DSHW, 114,   0N,    0E,  54,    0, TS,  34, NEQ,    0,    0,    0,    0, 
WP, 96, 2020090900, 03, DSHW, 120,   0N,    0E,  55,    0, TS,  34, NEQ,    0,    0,    0,    0, 
WP, 96, 2020090900, 03, FBAM,  12, 169N, 1582E,   0,    0,   ,   0,    ,    0,    0,    0,    0, 
WP, 96, 2020090900, 03, FBAM,  24, 166N, 1557E,   0,    0,   ,   0,    ,    0,    0,    0,    0, 
WP, 96, 2020090900, 03, FBAM,  36, 165N, 1530E,   0,    0,   ,   0,    ,    0,    0,    0,    0, 
WP, 96, 2020090900, 03, FBAM,  48, 166N, 1501E,   0,    0,   ,   0,    ,    0,    0,    0,    0, 
WP, 96, 2020090900, 03, FBAM,  72, 170N, 1442E,   0,    0,   ,   0,    ,    0,    0,    0,    0, 
WP, 96, 2020090900, 03, HPAC,  12, 172N, 1586E,   0,    0,   ,   0,    ,    0,    0,    0,    0, 
WP, 96, 2020090900, 03, HPAC,  24, 174N, 1562E,   0,    0,   ,   0,    ,    0,    0,    0,    0, 
WP, 96, 2020090900, 03, HPAC,  36, 179N, 1536E,   0,    0,   ,   0,    ,    0,    0,    0,    0, 
WP, 96, 2020090900, 03, HPAC,  48, 183N, 1509E,   0,    0,   ,   0,    ,    0,    0,    0,    0, 
WP, 96, 2020090900, 03, HPAC,  72, 194N, 1459E,   0,    0,   ,   0,    ,    0,    0,    0,    0, 
WP, 96, 2020090900, 03, ICNW,   0,   0N,    0W,  15,    0,   ,   0,    ,    0,    0,    0,    0, 
WP, 96, 2020090900, 03, JAVI,   0, 171N, 1609E,  15,    0,   ,  34, NEQ,    0,    0,    0,    0, 
WP, 96, 2020090900, 03, JNVI,   0, 171N, 1609E,  15,    0,   ,  34, NEQ,    0,    0,    0,    0, 
WP, 96, 2020090900, 03, JNVI,  12, 172N, 1594E,  15,    0,   ,  34, NEQ,    0,    0,    0,    0, 
WP, 96, 2020090900, 03, JNVI,  24, 173N, 1576E,  15,    0,   ,  34, NEQ,    0,    0,    0,    0, 
WP, 96, 2020090900, 03, JNVI,  36, 175N, 1556E,  15,    0,   ,  34, NEQ,    0,    0,    0,    0, 
WP, 96, 2020090900, 03, JNVI,  48, 178N, 1535E,  15,    0,   ,  34, NEQ,    0,    0,    0,    0, 
WP, 96, 2020090900, 03, JUK2,   0, 171N, 1609E,  15,    0,   ,  34, NEQ,    0,    0,    0,    0, 
WP, 96, 2020090900, 03, JUK2,  12, 171N, 1606E,  13,    0,   ,  34, NEQ,    0,    0,    0,    0, 
WP, 96, 2020090900, 03, JUK2,  24, 170N, 1601E,  14,    0,   ,  34, NEQ,    0,    0,    0,    0, 
WP, 96, 2020090900, 03, JUK2,  36, 170N, 1593E,  17,    0,   ,  34, NEQ,    0,    0,    0,    0, 
WP, 96, 2020090900, 03, JUK2,  48, 169N, 1582E,  18,    0,   ,  34, NEQ,    0,    0,    0,    0, 
WP, 96, 2020090900, 03, JUK2,  60, 170N, 1571E,  18,    0,   ,  34, NEQ,    0,    0,    0,    0, 
WP, 96, 2020090900, 03, JUK2,  72, 173N, 1562E,  18,    0,   ,  34, NEQ,    0,    0,    0,    0, 
WP, 96, 2020090900, 03, JUK2,  84, 174N, 1550E,  18,    0,   ,  34, NEQ,    0,    0,    0,    0, 
WP, 96, 2020090900, 03, JUK2,  96, 175N, 1536E,  18,    0,   ,  34, NEQ,    0,    0,    0,    0, 
WP, 96, 2020090900, 03, JUK2, 108, 176N, 1522E,  18,    0,   ,  34, NEQ,    0,    0,    0,    0, 
WP, 96, 2020090900, 03, JUK2, 120, 176N, 1508E,  18,    0,   ,  34, NEQ,    0,    0,    0,    0, 
WP, 96, 2020090900, 03, LGEN,   0, 171N, 1609E,  15,    0, TD,   0,    ,    0,    0,    0,    0, 
WP, 96, 2020090900, 03, LGEN,  12, 170N, 1592E,  16,    0, TD,   0,    ,    0,    0,    0,    0, 
WP, 96, 2020090900, 03, LGEN,  24, 168N, 1574E,  17,    0, TD,   0,    ,    0,    0,    0,    0, 
WP, 96, 2020090900, 03, LGEN,  36, 167N, 1555E,  18,    0, TD,   0,    ,    0,    0,    0,    0, 
WP, 96, 2020090900, 03, LGEN,  48, 167N, 1535E,  20,    0, TD,   0,    ,    0,    0,    0,    0, 
WP, 96, 2020090900, 03, LGEW,   0, 171N, 1609E,  15,    0, TD,   0,    ,    0,    0,    0,    0, 
WP, 96, 2020090900, 03, LGEW,  12, 164N, 1588E,  16,    0, TD,   0,    ,    0,    0,    0,    0, 
WP, 96, 2020090900, 03, LGEW,  24, 159N, 1565E,  17,    0, TD,   0,    ,    0,    0,    0,    0, 
WP, 96, 2020090900, 03, LGEW,  36, 157N, 1540E,  19,    0, TD,   0,    ,    0,    0,    0,    0, 
WP, 96, 2020090900, 03, LGEW,  48, 159N, 1514E,  21,    0, TD,   0,    ,    0,    0,    0,    0, 
WP, 96, 2020090900, 03, LGEW,  60, 164N, 1485E,  23,    0, TD,   0,    ,    0,    0,    0,    0, 
WP, 96, 2020090900, 03, LGEW,  72, 168N, 1456E,  26,    0, TD,   0,    ,    0,    0,    0,    0, 
WP, 96, 2020090900, 03, MBAM,  12, 171N, 1584E,   0,    0,   ,   0,    ,    0,    0,    0,    0, 
WP, 96, 2020090900, 03, MBAM,  24, 170N, 1562E,   0,    0,   ,   0,    ,    0,    0,    0,    0, 
WP, 96, 2020090900, 03, MBAM,  36, 172N, 1539E,   0,    0,   ,   0,    ,    0,    0,    0,    0, 
WP, 96, 2020090900, 03, MBAM,  48, 173N, 1514E,   0,    0,   ,   0,    ,    0,    0,    0,    0, 
WP, 96, 2020090900, 03, MBAM,  72, 178N, 1462E,   0,    0,   ,   0,    ,    0,    0,    0,    0, 
WP, 96, 2020090900, 03, NVGI,   0, 171N, 1609E,  15,    0,   ,  34, NEQ,    0,    0,    0,    0, 
WP, 96, 2020090900, 03, NVGI,  12, 170N, 1592E,  14,    0,   ,  34, NEQ,    0,    0,    0,    0, 
WP, 96, 2020090900, 03, NVGI,  24, 168N, 1574E,  13,    0,   ,  34, NEQ,    0,    0,    0,    0, 
WP, 96, 2020090900, 03, NVGI,  36, 167N, 1555E,  15,    0,   ,  34, NEQ,    0,    0,    0,    0, 
WP, 96, 2020090900, 03, NVGI,  48, 167N, 1535E,  17,    0,   ,  34, NEQ,    0,    0,    0,    0, 
WP, 96, 2020090900, 03, RECR,  12, 180N, 1588E,  20,    0,   ,   0,    ,    0,    0,    0,    0, 
WP, 96, 2020090900, 03, RECR,  24, 190N, 1567E,  20,    0,   ,   0,    ,    0,    0,    0,    0, 
WP, 96, 2020090900, 03, RECR,  36, 199N, 1552E,  25,    0,   ,   0,    ,    0,    0,    0,    0, 
WP, 96, 2020090900, 03, RECR,  48, 209N, 1529E,  30,    0,   ,   0,    ,    0,    0,    0,    0, 
WP, 96, 2020090900, 03, RECR,  72, 222N, 1490E,  45,    0,   ,   0,    ,    0,    0,    0,    0, 
WP, 96, 2020090900, 03, RVCN,   0, 171N, 1609E,  15,    0,   ,  34, NEQ,    0,    0,    0,    0, 
WP, 96, 2020090900, 03, RVCN,  12, 170N, 1592E,  16,    0,   ,  34, NEQ,    0,    0,    0,    0, 
WP, 96, 2020090900, 03, RVCN,  24, 168N, 1574E,  16,    0,   ,  34, NEQ,    0,    0,    0,    0, 
WP, 96, 2020090900, 03, RVCN,  36, 167N, 1555E,  19,    0,   ,  34, NEQ,    0,    0,    0,    0, 
WP, 96, 2020090900, 03, RVCN,  48, 167N, 1535E,  24,    0,   ,  34, NEQ,    0,    0,    0,    0, 
WP, 96, 2020090900, 03, RVCN,  60,   0N,    0W,  29,    0,   ,  34, NEQ,    0,    0,    0,    0, 
WP, 96, 2020090900, 03, RVCN,  72,   0N,    0W,  32,    0,   ,  34, NEQ,    0,    0,    0,    0, 
WP, 96, 2020090900, 03, RVCN,  84,   0N,    0W,  36,    0,   ,  34, NEQ,    0,    0,    0,    0, 
WP, 96, 2020090900, 03, RVCN,  96,   0N,    0W,  40,    0,   ,  34, NEQ,    0,    0,    0,    0, 
WP, 96, 2020090900, 03, RVCN, 108,   0N,    0W,  43,    0,   ,  34, NEQ,    0,    0,    0,    0, 
WP, 96, 2020090900, 03, RVCN, 120,   0N,    0W,  46,    0,   ,  34, NEQ,    0,    0,    0,    0, 
WP, 96, 2020090900, 03, RVCX,   0, 171N, 1609E,  15,    0,   ,  34, NEQ,    0,    0,    0,    0, 
WP, 96, 2020090900, 03, RVCX,  12, 170N, 1592E,  16,    0,   ,  34, NEQ,    0,    0,    0,    0, 
WP, 96, 2020090900, 03, RVCX,  24, 168N, 1574E,  16,    0,   ,  34, NEQ,    0,    0,    0,    0, 
WP, 96, 2020090900, 03, RVCX,  36, 167N, 1555E,  19,    0,   ,  34, NEQ,    0,    0,    0,    0, 
WP, 96, 2020090900, 03, RVCX,  48, 167N, 1535E,  24,    0,   ,  34, NEQ,    0,    0,    0,    0, 
WP, 96, 2020090900, 03, RVCX,  60,   0N,    0W,  29,    0,   ,  34, NEQ,    0,    0,    0,    0, 
WP, 96, 2020090900, 03, RVCX,  72,   0N,    0W,  32,    0,   ,  34, NEQ,    0,    0,    0,    0, 
WP, 96, 2020090900, 03, RVCX,  84,   0N,    0W,  36,    0,   ,  34, NEQ,    0,    0,    0,    0, 
WP, 96, 2020090900, 03, RVCX,  96,   0N,    0W,  40,    0,   ,  34, NEQ,    0,    0,    0,    0, 
WP, 96, 2020090900, 03, RVCX, 108,   0N,    0W,  43,    0,   ,  34, NEQ,    0,    0,    0,    0, 
WP, 96, 2020090900, 03, RVCX, 120,   0N,    0W,  46,    0,   ,  34, NEQ,    0,    0,    0,    0, 
WP, 96, 2020090900, 03, SBAM,  12, 171N, 1585E,   0,    0,   ,   0,    ,    0,    0,    0,    0, 
WP, 96, 2020090900, 03, SBAM,  24, 171N, 1565E,   0,    0,   ,   0,    ,    0,    0,    0,    0, 
WP, 96, 2020090900, 03, SBAM,  36, 172N, 1542E,   0,    0,   ,   0,    ,    0,    0,    0,    0, 
WP, 96, 2020090900, 03, SBAM,  48, 174N, 1519E,   0,    0,   ,   0,    ,    0,    0,    0,    0, 
WP, 96, 2020090900, 03, SBAM,  72, 179N, 1469E,   0,    0,   ,   0,    ,    0,    0,    0,    0, 
WP, 96, 2020090900, 03, SHIN,   0, 171N, 1609E,  15,    0, TD,   0,    ,    0,    0,    0,    0, 
WP, 96, 2020090900, 03, SHIN,  12, 170N, 1592E,  16,    0, TD,   0,    ,    0,    0,    0,    0, 
WP, 96, 2020090900, 03, SHIN,  24, 168N, 1574E,  16,    0, TD,   0,    ,    0,    0,    0,    0, 
WP, 96, 2020090900, 03, SHIN,  36, 167N, 1555E,  19,    0, TD,   0,    ,    0,    0,    0,    0, 
WP, 96, 2020090900, 03, SHIN,  48, 167N, 1535E,  24,    0, TD,   0,    ,    0,    0,    0,    0, 
WP, 96, 2020090900, 03, SHIN,  60,   0N,    0E,  29,    0,   ,   0,    ,    0,    0,    0,    0, 
WP, 96, 2020090900, 03, SHIN,  72,   0N,    0E,  32,    0,   ,   0,    ,    0,    0,    0,    0, 
WP, 96, 2020090900, 03, SHIN,  84,   0N,    0E,  36,    0,   ,   0,    ,    0,    0,    0,    0, 
WP, 96, 2020090900, 03, SHIN,  96,   0N,    0E,  40,    0,   ,   0,    ,    0,    0,    0,    0, 
WP, 96, 2020090900, 03, SHIN, 108,   0N,    0E,  43,    0,   ,   0,    ,    0,    0,    0,    0, 
WP, 96, 2020090900, 03, SHIN, 120,   0N,    0E,  46,    0,   ,   0,    ,    0,    0,    0,    0, 
WP, 96, 2020090900, 03, SHIW,   0, 171N, 1609E,  15,    0, TD,   0,    ,    0,    0,    0,    0, 
WP, 96, 2020090900, 03, SHIW,  12, 164N, 1588E,  16,    0, TD,   0,    ,    0,    0,    0,    0, 
WP, 96, 2020090900, 03, SHIW,  24, 159N, 1565E,  17,    0, TD,   0,    ,    0,    0,    0,    0, 
WP, 96, 2020090900, 03, SHIW,  36, 157N, 1540E,  19,    0, TD,   0,    ,    0,    0,    0,    0, 
WP, 96, 2020090900, 03, SHIW,  48, 159N, 1514E,  25,    0, TD,   0,    ,    0,    0,    0,    0, 
WP, 96, 2020090900, 03, SHIW,  60, 164N, 1485E,  34,    0, TS,   0,    ,    0,    0,    0,    0, 
WP, 96, 2020090900, 03, SHIW,  72, 168N, 1456E,  43,    0, TS,   0,    ,    0,    0,    0,    0, 
WP, 96, 2020090900, 03, SHIW,  84,   0N,    0E,  47,    0,   ,   0,    ,    0,    0,    0,    0, 
WP, 96, 2020090900, 03, SHIW,  96,   0N,    0E,  50,    0,   ,   0,    ,    0,    0,    0,    0, 
WP, 96, 2020090900, 03, SHIW, 108,   0N,    0E,  53,    0,   ,   0,    ,    0,    0,    0,    0, 
WP, 96, 2020090900, 03, SHIW, 120,   0N,    0E,  55,    0,   ,   0,    ,    0,    0,    0,    0, 
WP, 96, 2020090900, 03, ST5D,  12,   0N,    0E,  16,    0,   ,   0,    ,    0,    0,    0,    0, 
WP, 96, 2020090900, 03, ST5D,  24,   0N,    0E,  18,    0,   ,   0,    ,    0,    0,    0,    0, 
WP, 96, 2020090900, 03, ST5D,  36,   0N,    0E,  25,    0,   ,   0,    ,    0,    0,    0,    0, 
WP, 96, 2020090900, 03, ST5D,  48,   0N,    0E,  33,    0,   ,   0,    ,    0,    0,    0,    0, 
WP, 96, 2020090900, 03, ST5D,  60,   0N,    0E,  38,    0,   ,   0,    ,    0,    0,    0,    0, 
WP, 96, 2020090900, 03, ST5D,  72,   0N,    0E,  44,    0,   ,   0,    ,    0,    0,    0,    0, 
WP, 96, 2020090900, 03, ST5D,  84,   0N,    0E,  52,    0,   ,   0,    ,    0,    0,    0,    0, 
WP, 96, 2020090900, 03, ST5D,  96,   0N,    0E,  58,    0,   ,   0,    ,    0,    0,    0,    0, 
WP, 96, 2020090900, 03, ST5D, 108,   0N,    0E,  65,    0,   ,   0,    ,    0,    0,    0,    0, 
WP, 96, 2020090900, 03, ST5D, 120,   0N,    0E,  70,    0,   ,   0,    ,    0,    0,    0,    0, 
WP, 96, 2020090900, 03, STRT,  12, 173N, 1597E,  15,    0,   ,   0,    ,    0,    0,    0,    0, 
WP, 96, 2020090900, 03, STRT,  24, 175N, 1584E,  15,    0,   ,   0,    ,    0,    0,    0,    0, 
WP, 96, 2020090900, 03, STRT,  36, 177N, 1572E,  15,    0,   ,   0,    ,    0,    0,    0,    0, 
WP, 96, 2020090900, 03, STRT,  48, 179N, 1560E,  15,    0,   ,   0,    ,    0,    0,    0,    0, 
WP, 96, 2020090900, 03, STRT,  72, 182N, 1534E,  10,    0,   ,   0,    ,    0,    0,    0,    0, 
WP, 96, 2020090900, 03, TCLP,   0, 171N, 1609E,  15,    0,   ,   0,    ,    0,    0,    0,    0, 
WP, 96, 2020090900, 03, TCLP,  12, 172N, 1582E,  16,    0,   ,   0,    ,    0,    0,    0,    0, 
WP, 96, 2020090900, 03, TCLP,  24, 176N, 1558E,  17,    0,   ,   0,    ,    0,    0,    0,    0, 
WP, 96, 2020090900, 03, TCLP,  36, 182N, 1536E,  20,    0,   ,   0,    ,    0,    0,    0,    0, 
WP, 96, 2020090900, 03, TCLP,  48, 189N, 1516E,  23,    0,   ,   0,    ,    0,    0,    0,    0, 
WP, 96, 2020090900, 03, TCLP,  60, 196N, 1498E,  27,    0,   ,   0,    ,    0,    0,    0,    0, 
WP, 96, 2020090900, 03, TCLP,  72, 205N, 1481E,  32,    0,   ,   0,    ,    0,    0,    0,    0, 
WP, 96, 2020090900, 03, TCLP,  84, 214N, 1466E,  38,    0,   ,   0,    ,    0,    0,    0,    0, 
WP, 96, 2020090900, 03, TCLP,  96, 224N, 1452E,  45,    0,   ,   0,    ,    0,    0,    0,    0, 
WP, 96, 2020090900, 03, TCLP, 108, 235N, 1439E,  51,    0,   ,   0,    ,    0,    0,    0,    0, 
WP, 96, 2020090900, 03, TCLP, 120, 247N, 1429E,  57,    0,   ,   0,    ,    0,    0,    0,    0, 
WP, 96, 2020090900, 03, TCLP, 132, 260N, 1420E,  62,    0,   ,   0,    ,    0,    0,    0,    0, 
WP, 96, 2020090900, 03, TCLP, 144, 273N, 1413E,  65,    0,   ,   0,    ,    0,    0,    0,    0, 
WP, 96, 2020090900, 03, TCLP, 156, 288N, 1410E,  68,    0,   ,   0,    ,    0,    0,    0,    0, 
WP, 96, 2020090900, 03, TCLP, 168, 305N, 1409E,  68,    0,   ,   0,    ,    0,    0,    0,    0, 
WP, 96, 2020090900, 03, TES1,   0, 171N, 1609E,  15,    0,   ,   0,    ,    0,    0,    0,    0, 
WP, 96, 2020090900, 03, TES1,  12, 169N, 1600E,  15,    0,   ,   0,    ,    0,    0,    0,    0, 
WP, 96, 2020090900, 03, TES1,  24, 166N, 1587E,  15,    0,   ,   0,    ,    0,    0,    0,    0, 
WP, 96, 2020090900, 03, TES1,  36, 165N, 1571E,  16,    0,   ,   0,    ,    0,    0,    0,    0, 
WP, 96, 2020090900, 03, TES1,  48, 163N, 1553E,  16,    0,   ,   0,    ,    0,    0,    0,    0, 
WP, 96, 2020090900, 03, TES1,  60, 168N, 1533E,  16,    0,   ,   0,    ,    0,    0,    0,    0, 
WP, 96, 2020090900, 03, TES1,  72, 174N, 1515E,  16,    0,   ,   0,    ,    0,    0,    0,    0, 
WP, 96, 2020090900, 03, WBAI,   0, 171N, 1609E,   0,    0,   ,  34, NEQ,    0,    0,    0,    0, 
WP, 96, 2020090900, 03, WBAI,  12, 164N, 1588E,   0,    0,   ,  34, NEQ,    0,    0,    0,    0, 
WP, 96, 2020090900, 03, WBAI,  24, 159N, 1565E,   0,    0,   ,  34, NEQ,    0,    0,    0,    0, 
WP, 96, 2020090900, 03, WBAI,  36, 157N, 1540E,   0,    0,   ,  34, NEQ,    0,    0,    0,    0, 
WP, 96, 2020090900, 03, WBAI,  48, 159N, 1514E,   0,    0,   ,  34, NEQ,    0,    0,    0,    0, 
WP, 96, 2020090900, 03, WBAI,  60, 164N, 1485E,   0,    0,   ,  34, NEQ,    0,    0,    0,    0, 
WP, 96, 2020090900, 03, WBAI,  72, 168N, 1456E,   0,    0,   ,  34, NEQ,    0,    0,    0,    0, 
WP, 96, 2020090900, 03, XTRP,  12, 171N, 1581E,  15,    0,   ,   0,    ,    0,    0,    0,    0, 
WP, 96, 2020090900, 03, XTRP,  24, 171N, 1553E,  15,    0,   ,   0,    ,    0,    0,    0,    0, 
WP, 96, 2020090900, 03, XTRP,  36, 171N, 1525E,  15,    0,   ,   0,    ,    0,    0,    0,    0, 
WP, 96, 2020090900, 03, XTRP,  48, 171N, 1497E,  15,    0,   ,   0,    ,    0,    0,    0,    0, 
WP, 96, 2020090900, 03, XTRP,  60, 171N, 1469E,  15,    0,   ,   0,    ,    0,    0,    0,    0, 
WP, 96, 2020090900, 03, XTRP,  72, 171N, 1441E,  15,    0,   ,   0,    ,    0,    0,    0,    0, 
WP, 96, 2020090900, 03, XTRP,  84, 171N, 1413E,  15,    0,   ,   0,    ,    0,    0,    0,    0, 
WP, 96, 2020090900, 03, XTRP,  96, 171N, 1385E,  15,    0,   ,   0,    ,    0,    0,    0,    0, 
WP, 96, 2020090900, 03, XTRP, 108, 171N, 1357E,  15,    0,   ,   0,    ,    0,    0,    0,    0, 
WP, 96, 2020090900, 03, XTRP, 120, 171N, 1329E,  15,    0,   ,   0,    ,    0,    0,    0,    0, 
WP, 96, 2020090906, 01, CARQ, -24, 171N, 1648E,  15,    0, DB,  34, AAA,    0,    0,    0,    0,    0,    0,   0,   0,   0,   W,   0,   X,   0,   0,     INVEST,  , 
WP, 96, 2020090906, 01, CARQ, -18, 171N, 1637E,  15,    0, DB,  34, AAA,    0,    0,    0,    0,    0,    0,   0,   0,   0,   W,   0,   X,   0,   0,     INVEST,  , 
WP, 96, 2020090906, 01, CARQ, -12, 170N, 1623E,  15,    0, DB,  34, AAA,    0,    0,    0,    0,    0,    0,   0,   0,   0,   W,   0,   X, 270,  13,     INVEST,  , 
WP, 96, 2020090906, 01, CARQ,  -6, 171N, 1609E,  15,    0, DB,  34, AAA,    0,    0,    0,    0,    0,    0,   0,   0,   0,   W,   0,   X,   0,   0,     INVEST,  , 
WP, 96, 2020090906, 01, CARQ,   0, 171N, 1601E,  20, 1006, DB,  34, NEQ,    0,    0,    0,    0, 1008,  130,  40,   0,   0,   W,   0,   X, 270,  11,     INVEST, S, 
WP, 96, 2020090906, 01, CARQ,   0, 171N, 1601E,  20, 1006, DB,  50, NEQ,    0,    0,    0,    0, 1008,  130,  40,   0,   0,   W,   0,   X, 270,  11,     INVEST, S, 
WP, 96, 2020090906, 01, CARQ,   0, 171N, 1601E,  20, 1006, DB,  64, NEQ,    0,    0,    0,    0, 1008,  130,  40,   0,   0,   W,   0,   X, 270,  11,     INVEST, S, 
