IO, 94, 2016062800, 74, JJGS,   0, 186N,  852E,  15,    0,   ,  34, NEQ,    0,    0,    0,    0, 
IO, 94, 2016062800, 74, JJGS,  12, 163N,  833E,  15,    0,   ,  34, NEQ,    0,    0,    0,    0, 
IO, 94, 2016062800, 74, JJGS,  24, 168N,  816E,  15,    0,   ,  34, NEQ,    0,    0,    0,    0, 
IO, 94, 2016062800, 74, JJGS,  36, 169N,  831E,  15,    0,   ,  34, NEQ,    0,    0,    0,    0, 
IO, 94, 2016062800, 74, JJGS,  48, 171N,  837E,  15,    0,   ,  34, NEQ,    0,    0,    0,    0, 
IO, 94, 2016062800, 74, JJGS,  60, 167N,  840E,  20,    0,   ,  34, NEQ,    0,    0,    0,    0, 
IO, 94, 2016062800, 74, JJGS,  72, 163N,  842E,  20,    0,   ,  34, NEQ,    0,    0,    0,    0, 
IO, 94, 2016062800, 74, JJGS,  84, 161N,  843E,  20,    0,   ,  34, NEQ,    0,    0,    0,    0, 
IO, 94, 2016062806, 01, CARQ, -18, 176N,  865E,  15,    0,   ,   0,    ,    0,    0,    0,    0, 
IO, 94, 2016062806, 01, CARQ, -12, 179N,  860E,  15,    0,   ,   0,    ,    0,    0,    0,    0, 
IO, 94, 2016062806, 01, CARQ,  -6, 182N,  854E,  15,    0,   ,   0,    ,    0,    0,    0,    0, 
IO, 94, 2016062806, 01, CARQ,   0, 187N,  851E,  15,    0,   ,   0,    ,    0,    0,    0,    0, 
IO, 94, 2016062806, 03, CLIM,  12, 193N,  839E,   0,    0,   ,   0,    ,    0,    0,    0,    0, 
IO, 94, 2016062806, 03, CLIM,  24, 201N,  827E,   0,    0,   ,   0,    ,    0,    0,    0,    0, 
IO, 94, 2016062806, 03, CLIM,  36, 210N,  816E,   0,    0,   ,   0,    ,    0,    0,    0,    0, 
IO, 94, 2016062806, 03, CLIM,  48, 217N,  809E,   0,    0,   ,   0,    ,    0,    0,    0,    0, 
IO, 94, 2016062806, 03, CLIM,  72, 229N,  794E,   0,    0,   ,   0,    ,    0,    0,    0,    0, 
IO, 94, 2016062806, 03, CLIP,  12, 197N,  842E,   0,    0,   ,   0,    ,    0,    0,    0,    0, 
IO, 94, 2016062806, 03, CLIP,  24, 206N,  833E,   0,    0,   ,   0,    ,    0,    0,    0,    0, 
IO, 94, 2016062806, 03, CLIP,  36, 214N,  819E,   0,    0,   ,   0,    ,    0,    0,    0,    0, 
IO, 94, 2016062806, 03, CLIP,  48, 224N,  808E,   0,    0,   ,   0,    ,    0,    0,    0,    0, 
IO, 94, 2016062806, 03, CLIP,  72, 237N,  786E,   0,    0,   ,   0,    ,    0,    0,    0,    0, 
IO, 94, 2016062806, 03, FBAM,  12, 196N,  833E,   0,    0,   ,   0,    ,    0,    0,    0,    0, 
IO, 94, 2016062806, 03, FBAM,  24, 207N,  800E,   0,    0,   ,   0,    ,    0,    0,    0,    0, 
IO, 94, 2016062806, 03, FBAM,  36, 216N,  766E,   0,    0,   ,   0,    ,    0,    0,    0,    0, 
IO, 94, 2016062806, 03, FBAM,  48, 225N,  736E,   0,    0,   ,   0,    ,    0,    0,    0,    0, 
IO, 94, 2016062806, 03, FBAM,  72, 243N,  683E,   0,    0,   ,   0,    ,    0,    0,    0,    0, 
IO, 94, 2016062806, 03, HPAC,  12, 194N,  841E,   0,    0,   ,   0,    ,    0,    0,    0,    0, 
IO, 94, 2016062806, 03, HPAC,  24, 202N,  830E,   0,    0,   ,   0,    ,    0,    0,    0,    0, 
IO, 94, 2016062806, 03, HPAC,  36, 210N,  820E,   0,    0,   ,   0,    ,    0,    0,    0,    0, 
IO, 94, 2016062806, 03, HPAC,  48, 218N,  812E,   0,    0,   ,   0,    ,    0,    0,    0,    0, 
IO, 94, 2016062806, 03, HPAC,  72, 232N,  795E,   0,    0,   ,   0,    ,    0,    0,    0,    0, 
IO, 94, 2016062806, 03, MBAM,  12, 196N,  840E,   0,    0,   ,   0,    ,    0,    0,    0,    0, 
IO, 94, 2016062806, 03, MBAM,  24, 207N,  818E,   0,    0,   ,   0,    ,    0,    0,    0,    0, 
IO, 94, 2016062806, 03, MBAM,  36, 215N,  795E,   0,    0,   ,   0,    ,    0,    0,    0,    0, 
IO, 94, 2016062806, 03, MBAM,  48, 220N,  776E,   0,    0,   ,   0,    ,    0,    0,    0,    0, 
IO, 94, 2016062806, 03, MBAM,  72, 220N,  759E,   0,    0,   ,   0,    ,    0,    0,    0,    0, 
IO, 94, 2016062806, 03, RECR,  12, 194N,  844E,   0,    0,   ,   0,    ,    0,    0,    0,    0, 
IO, 94, 2016062806, 03, RECR,  24, 204N,  845E,   0,    0,   ,   0,    ,    0,    0,    0,    0, 
IO, 94, 2016062806, 03, RECR,  36, 213N,  846E,   0,    0,   ,   0,    ,    0,    0,    0,    0, 
IO, 94, 2016062806, 03, RECR,  48, 220N,  846E,   0,    0,   ,   0,    ,    0,    0,    0,    0, 
IO, 94, 2016062806, 03, RECR,  72, 242N,  860E,   0,    0,   ,   0,    ,    0,    0,    0,    0, 
IO, 94, 2016062806, 03, SBAM,  12, 196N,  841E,   0,    0,   ,   0,    ,    0,    0,    0,    0, 
IO, 94, 2016062806, 03, SBAM,  24, 206N,  822E,   0,    0,   ,   0,    ,    0,    0,    0,    0, 
IO, 94, 2016062806, 03, SBAM,  36, 215N,  801E,   0,    0,   ,   0,    ,    0,    0,    0,    0, 
IO, 94, 2016062806, 03, SBAM,  48, 220N,  785E,   0,    0,   ,   0,    ,    0,    0,    0,    0, 
IO, 94, 2016062806, 03, SBAM,  72, 220N,  771E,   0,    0,   ,   0,    ,    0,    0,    0,    0, 
IO, 94, 2016062806, 03, ST5D,  12,   0N,    0E,  16,    0,   ,   0,    ,    0,    0,    0,    0, 
IO, 94, 2016062806, 03, ST5D,  24,   0N,    0E,  17,    0,   ,   0,    ,    0,    0,    0,    0, 
IO, 94, 2016062806, 03, ST5D,  36,   0N,    0E,  20,    0,   ,   0,    ,    0,    0,    0,    0, 
IO, 94, 2016062806, 03, ST5D,  48,   0N,    0E,  21,    0,   ,   0,    ,    0,    0,    0,    0, 
IO, 94, 2016062806, 03, ST5D,  60,   0N,    0E,  22,    0,   ,   0,    ,    0,    0,    0,    0, 
IO, 94, 2016062806, 03, ST5D,  72,   0N,    0E,  24,    0,   ,   0,    ,    0,    0,    0,    0, 
IO, 94, 2016062806, 03, ST5D,  84,   0N,    0E,  34,    0,   ,   0,    ,    0,    0,    0,    0, 
IO, 94, 2016062806, 03, ST5D,  96,   0N,    0E,  42,    0,   ,   0,    ,    0,    0,    0,    0, 
IO, 94, 2016062806, 03, ST5D, 108,   0N,    0E,  27,    0,   ,   0,    ,    0,    0,    0,    0, 
IO, 94, 2016062806, 03, ST5D, 120,   0N,    0E,  56,    0,   ,   0,    ,    0,    0,    0,    0, 
IO, 94, 2016062806, 03, STRT,  12, 190N,  842E,   0,    0,   ,   0,    ,    0,    0,    0,    0, 
IO, 94, 2016062806, 03, STRT,  24, 200N,  838E,   0,    0,   ,   0,    ,    0,    0,    0,    0, 
IO, 94, 2016062806, 03, STRT,  36, 211N,  833E,   0,    0,   ,   0,    ,    0,    0,    0,    0, 
IO, 94, 2016062806, 03, STRT,  48, 221N,  828E,   0,    0,   ,   0,    ,    0,    0,    0,    0, 
IO, 94, 2016062806, 03, STRT,  72, 235N,  810E,   0,    0,   ,   0,    ,    0,    0,    0,    0, 
IO, 94, 2016062806, 03, XTRP,  12, 195N,  842E,  15,    0,   ,   0,    ,    0,    0,    0,    0, 
IO, 94, 2016062806, 03, XTRP,  24, 203N,  833E,  15,    0,   ,   0,    ,    0,    0,    0,    0, 
IO, 94, 2016062806, 03, XTRP,  36, 211N,  824E,  15,    0,   ,   0,    ,    0,    0,    0,    0, 
IO, 94, 2016062806, 03, XTRP,  48, 219N,  815E,  15,    0,   ,   0,    ,    0,    0,    0,    0, 
IO, 94, 2016062806, 03, XTRP,  60, 227N,  805E,  15,    0,   ,   0,    ,    0,    0,    0,    0, 
IO, 94, 2016062806, 03, XTRP,  72, 235N,  796E,  15,    0,   ,   0,    ,    0,    0,    0,    0, 
IO, 94, 2016062806, 03, XTRP,  84, 243N,  787E,  15,    0,   ,   0,    ,    0,    0,    0,    0, 
IO, 94, 2016062806, 03, XTRP,  96, 251N,  777E,  15,    0,   ,   0,    ,    0,    0,    0,    0, 
IO, 94, 2016062806, 03, XTRP, 108, 259N,  768E,  15,    0,   ,   0,    ,    0,    0,    0,    0, 
IO, 94, 2016062806, 03, XTRP, 120, 267N,  758E,  15,    0,   ,   0,    ,    0,    0,    0,    0, 
IO, 94, 2016062806, 71, JNVG,   0, 184N,  854E,  15,    0,   ,  34, NEQ,    0,    0,    0,    0, 
IO, 94, 2016062806, 71, JNVG,  12, 182N,  837E,  15,    0,   ,  34, NEQ,    0,    0,    0,    0, 
IO, 94, 2016062806, 71, JNVG,  24, 177N,  842E,  20,    0,   ,  34, NEQ,    0,    0,    0,    0, 
IO, 94, 2016062806, 71, JNVG,  36, 184N,  841E,  20,    0,   ,  34, NEQ,    0,    0,    0,    0, 
IO, 94, 2016062806, 71, JNVG,  48, 186N,  851E,  20,    0,   ,  34, NEQ,    0,    0,    0,    0, 
IO, 94, 2016062806, 71, JNVG,  60, 188N,  845E,  20,    0,   ,  34, NEQ,    0,    0,    0,    0, 
IO, 94, 2016062806, 71, JNVG,  72, 181N,  857E,  25,    0,   ,  34, NEQ,    0,    0,    0,    0, 
IO, 94, 2016062806, 71, JNVG,  84, 183N,  869E,  20,    0,   ,  34, NEQ,    0,    0,    0,    0, 
IO, 94, 2016062806, 71, JNVG,  96, 188N,  882E,  25,    0,   ,  34, NEQ,    0,    0,    0,    0, 
IO, 94, 2016062806, 71, JNVG, 108, 192N,  877E,  25,    0,   ,  34, NEQ,    0,    0,    0,    0, 
IO, 94, 2016062806, 71, JNVG, 120, 208N,  889E,  25,    0,   ,  34, NEQ,    0,    0,    0,    0, 
IO, 94, 2016062806, 72, JAVN,   0, 181N,  855E,  15,    0,   ,  34, NEQ,    0,    0,    0,    0, 
IO, 94, 2016062806, 72, JAVN,  12, 181N,  873E,  15,    0,   ,  34, NEQ,    0,    0,    0,    0, 
IO, 94, 2016062806, 72, JAVN,  24, 176N,  854E,  15,    0,   ,  34, NEQ,    0,    0,    0,    0, 
IO, 94, 2016062806, 72, JAVN,  36, 200N,  858E,  15,    0,   ,  34, NEQ,    0,    0,    0,    0, 
IO, 94, 2016062806, 72, JAVN,  48, 168N,  832E,  20,    0,   ,  34, NEQ,    0,    0,    0,    0, 
IO, 94, 2016062806, 72, JAVN,  60, 168N,  834E,  15,    0,   ,  34, NEQ,    0,    0,    0,    0, 
IO, 94, 2016062806, 72, JAVN,  72, 160N,  834E,  15,    0,   ,  34, NEQ,    0,    0,    0,    0, 
IO, 94, 2016062806, 72, JAVN,  84, 177N,  845E,  15,    0,   ,  34, NEQ,    0,    0,    0,    0, 
IO, 94, 2016062806, 72, JAVN,  96, 169N,  840E,  15,    0,   ,  34, NEQ,    0,    0,    0,    0, 
IO, 94, 2016062806, 72, JAVN, 108, 177N,  845E,  15,    0,   ,  34, NEQ,    0,    0,    0,    0, 
IO, 94, 2016062806, 72, JAVN, 120, 181N,  853E,  15,    0,   ,  34, NEQ,    0,    0,    0,    0, 
IO, 94, 2016062812, 01, CARQ, -18, 171N,  860E,  15,    0,   ,   0,    ,    0,    0,    0,    0, 
IO, 94, 2016062812, 01, CARQ, -12, 172N,  856E,  15,    0,   ,   0,    ,    0,    0,    0,    0, 
IO, 94, 2016062812, 01, CARQ,  -6, 174N,  853E,  20,    0,   ,   0,    ,    0,    0,    0,    0, 
IO, 94, 2016062812, 01, CARQ,   0, 177N,  851E,  20,    0,   ,   0,    ,    0,    0,    0,    0, 
IO, 94, 2016062812, 03, CLIM,  12, 183N,  839E,   0,    0,   ,   0,    ,    0,    0,    0,    0, 
IO, 94, 2016062812, 03, CLIM,  24, 192N,  828E,   0,    0,   ,   0,    ,    0,    0,    0,    0, 
IO, 94, 2016062812, 03, CLIM,  36, 201N,  820E,   0,    0,   ,   0,    ,    0,    0,    0,    0, 
IO, 94, 2016062812, 03, CLIM,  48, 208N,  812E,   0,    0,   ,   0,    ,    0,    0,    0,    0, 
IO, 94, 2016062812, 03, CLIM,  72, 218N,  794E,   0,    0,   ,   0,    ,    0,    0,    0,    0, 
IO, 94, 2016062812, 03, CLIP,  12, 184N,  844E,   0,    0,   ,   0,    ,    0,    0,    0,    0, 
IO, 94, 2016062812, 03, CLIP,  24, 193N,  836E,   0,    0,   ,   0,    ,    0,    0,    0,    0, 
IO, 94, 2016062812, 03, CLIP,  36, 201N,  826E,   0,    0,   ,   0,    ,    0,    0,    0,    0, 
IO, 94, 2016062812, 03, CLIP,  48, 211N,  816E,   0,    0,   ,   0,    ,    0,    0,    0,    0, 
IO, 94, 2016062812, 03, CLIP,  72, 227N,  803E,   0,    0,   ,   0,    ,    0,    0,    0,    0, 
IO, 94, 2016062812, 03, CONW,   0, 177N,  851E,  20,    0,   ,   0,    ,    0,    0,    0,    0, 
IO, 94, 2016062812, 03, CONW,  12, 175N,  848E,  21,    0,   ,   0,    ,    0,    0,    0,    0, 
IO, 94, 2016062812, 03, CONW,  24, 179N,  845E,  22,    0,   ,   0,    ,    0,    0,    0,    0, 
IO, 94, 2016062812, 03, CONW,  36, 179N,  842E,  23,    0,   ,   0,    ,    0,    0,    0,    0, 
IO, 94, 2016062812, 03, CONW,  48, 173N,  838E,  24,    0,   ,   0,    ,    0,    0,    0,    0, 
IO, 94, 2016062812, 03, CONW,  60, 170N,  840E,  24,    0,   ,   0,    ,    0,    0,    0,    0, 
IO, 94, 2016062812, 03, CONW,  72, 171N,  848E,  24,    0,   ,   0,    ,    0,    0,    0,    0, 
IO, 94, 2016062812, 03, CONW,  84, 174N,  855E,  24,    0,   ,   0,    ,    0,    0,    0,    0, 
IO, 94, 2016062812, 03, CONW,  96, 177N,  858E,  25,    0,   ,   0,    ,    0,    0,    0,    0, 
IO, 94, 2016062812, 03, CONW, 108, 185N,  863E,  25,    0,   ,   0,    ,    0,    0,    0,    0, 
IO, 94, 2016062812, 03, CONW, 120, 193N,  868E,  25,    0,   ,   0,    ,    0,    0,    0,    0, 
IO, 94, 2016062812, 03, FBAM,  12, 184N,  838E,   0,    0,   ,   0,    ,    0,    0,    0,    0, 
IO, 94, 2016062812, 03, FBAM,  24, 192N,  811E,   0,    0,   ,   0,    ,    0,    0,    0,    0, 
IO, 94, 2016062812, 03, FBAM,  36, 198N,  785E,   0,    0,   ,   0,    ,    0,    0,    0,    0, 
IO, 94, 2016062812, 03, FBAM,  48, 199N,  764E,   0,    0,   ,   0,    ,    0,    0,    0,    0, 
IO, 94, 2016062812, 03, FBAM,  72, 201N,  734E,   0,    0,   ,   0,    ,    0,    0,    0,    0, 
IO, 94, 2016062812, 03, HPAC,  12, 183N,  843E,   0,    0,   ,   0,    ,    0,    0,    0,    0, 
IO, 94, 2016062812, 03, HPAC,  24, 190N,  835E,   0,    0,   ,   0,    ,    0,    0,    0,    0, 
IO, 94, 2016062812, 03, HPAC,  36, 196N,  828E,   0,    0,   ,   0,    ,    0,    0,    0,    0, 
IO, 94, 2016062812, 03, HPAC,  48, 203N,  821E,   0,    0,   ,   0,    ,    0,    0,    0,    0, 
IO, 94, 2016062812, 03, HPAC,  72, 213N,  807E,   0,    0,   ,   0,    ,    0,    0,    0,    0, 
IO, 94, 2016062812, 03, JAS1,  12, 176N,  852E,  22,    0,   ,   0,    ,    0,    0,    0,    0, 
IO, 94, 2016062812, 03, JAS1,  24, 183N,  845E,  20,    0,   ,   0,    ,    0,    0,    0,    0, 
IO, 94, 2016062812, 03, JAS1,  36, 179N,  834E,  17,    0,   ,   0,    ,    0,    0,    0,    0, 
IO, 94, 2016062812, 03, JAS5,  12, 176N,  852E,  20,    0,   ,   0,    ,    0,    0,    0,    0, 
IO, 94, 2016062812, 03, JAS5,  24, 183N,  845E,  18,    0,   ,   0,    ,    0,    0,    0,    0, 
IO, 94, 2016062812, 03, JAVI,   0, 177N,  851E,  20,    0,   ,  34, NEQ,    0,    0,    0,    0, 
IO, 94, 2016062812, 03, JAVI,  12, 176N,  852E,  20,    0,   ,  34, NEQ,    0,    0,    0,    0, 
IO, 94, 2016062812, 03, JAVI,  24, 183N,  845E,  20,    0,   ,  34, NEQ,    0,    0,    0,    0, 
IO, 94, 2016062812, 03, JAVI,  36, 179N,  834E,  22,    0,   ,  34, NEQ,    0,    0,    0,    0, 
IO, 94, 2016062812, 03, JAVI,  48, 166N,  823E,  22,    0,   ,  34, NEQ,    0,    0,    0,    0, 
IO, 94, 2016062812, 03, JAVI,  60, 161N,  823E,  20,    0,   ,  34, NEQ,    0,    0,    0,    0, 
IO, 94, 2016062812, 03, JAVI,  72, 165N,  828E,  20,    0,   ,  34, NEQ,    0,    0,    0,    0, 
IO, 94, 2016062812, 03, JAVI,  84, 169N,  831E,  20,    0,   ,  34, NEQ,    0,    0,    0,    0, 
IO, 94, 2016062812, 03, JAVI,  96, 170N,  832E,  20,    0,   ,  34, NEQ,    0,    0,    0,    0, 
IO, 94, 2016062812, 03, JAVI, 108, 175N,  838E,  20,    0,   ,  34, NEQ,    0,    0,    0,    0, 
IO, 94, 2016062812, 03, JAVI, 120, 180N,  844E,  20,    0,   ,  34, NEQ,    0,    0,    0,    0, 
IO, 94, 2016062812, 03, JNVI,   0, 177N,  851E,  20,    0,   ,  34, NEQ,    0,    0,    0,    0, 
IO, 94, 2016062812, 03, JNVI,  12, 174N,  845E,  22,    0,   ,  34, NEQ,    0,    0,    0,    0, 
IO, 94, 2016062812, 03, JNVI,  24, 175N,  846E,  24,    0,   ,  34, NEQ,    0,    0,    0,    0, 
IO, 94, 2016062812, 03, JNVI,  36, 179N,  850E,  24,    0,   ,  34, NEQ,    0,    0,    0,    0, 
IO, 94, 2016062812, 03, JNVI,  48, 181N,  852E,  25,    0,   ,  34, NEQ,    0,    0,    0,    0, 
IO, 94, 2016062812, 03, JNVI,  60, 179N,  856E,  26,    0,   ,  34, NEQ,    0,    0,    0,    0, 
IO, 94, 2016062812, 03, JNVI,  72, 177N,  867E,  27,    0,   ,  34, NEQ,    0,    0,    0,    0, 
IO, 94, 2016062812, 03, JNVI,  84, 180N,  879E,  27,    0,   ,  34, NEQ,    0,    0,    0,    0, 
IO, 94, 2016062812, 03, JNVI,  96, 185N,  884E,  29,    0,   ,  34, NEQ,    0,    0,    0,    0, 
IO, 94, 2016062812, 03, JNVI, 108, 195N,  888E,  29,    0,   ,  34, NEQ,    0,    0,    0,    0, 
IO, 94, 2016062812, 03, JNVI, 120, 205N,  893E,  29,    0,   ,  34, NEQ,    0,    0,    0,    0, 
IO, 94, 2016062812, 03, MBAM,  12, 184N,  844E,   0,    0,   ,   0,    ,    0,    0,    0,    0, 
IO, 94, 2016062812, 03, MBAM,  24, 196N,  830E,   0,    0,   ,   0,    ,    0,    0,    0,    0, 
IO, 94, 2016062812, 03, MBAM,  36, 205N,  813E,   0,    0,   ,   0,    ,    0,    0,    0,    0, 
IO, 94, 2016062812, 03, MBAM,  48, 207N,  802E,   0,    0,   ,   0,    ,    0,    0,    0,    0, 
IO, 94, 2016062812, 03, MBAM,  72, 200N,  796E,   0,    0,   ,   0,    ,    0,    0,    0,    0, 
IO, 94, 2016062812, 03, RECR,  12, 183N,  842E,   0,    0,   ,   0,    ,    0,    0,    0,    0, 
IO, 94, 2016062812, 03, RECR,  24, 192N,  843E,   0,    0,   ,   0,    ,    0,    0,    0,    0, 
IO, 94, 2016062812, 03, RECR,  36, 201N,  843E,   0,    0,   ,   0,    ,    0,    0,    0,    0, 
IO, 94, 2016062812, 03, RECR,  48, 210N,  844E,   0,    0,   ,   0,    ,    0,    0,    0,    0, 
IO, 94, 2016062812, 03, RECR,  72, 225N,  844E,   0,    0,   ,   0,    ,    0,    0,    0,    0, 
IO, 94, 2016062812, 03, SBAM,  12, 184N,  846E,   0,    0,   ,   0,    ,    0,    0,    0,    0, 
IO, 94, 2016062812, 03, SBAM,  24, 197N,  836E,   0,    0,   ,   0,    ,    0,    0,    0,    0, 
IO, 94, 2016062812, 03, SBAM,  36, 207N,  821E,   0,    0,   ,   0,    ,    0,    0,    0,    0, 
IO, 94, 2016062812, 03, SBAM,  48, 211N,  813E,   0,    0,   ,   0,    ,    0,    0,    0,    0, 
IO, 94, 2016062812, 03, SBAM,  72, 204N,  808E,   0,    0,   ,   0,    ,    0,    0,    0,    0, 
IO, 94, 2016062812, 03, ST5D,  12,   0N,    0E,  24,    0,   ,   0,    ,    0,    0,    0,    0, 
IO, 94, 2016062812, 03, ST5D,  24,   0N,    0E,  27,    0,   ,   0,    ,    0,    0,    0,    0, 
IO, 94, 2016062812, 03, ST5D,  36,   0N,    0E,  31,    0,   ,   0,    ,    0,    0,    0,    0, 
IO, 94, 2016062812, 03, ST5D,  48,   0N,    0E,  33,    0,   ,   0,    ,    0,    0,    0,    0, 
IO, 94, 2016062812, 03, ST5D,  60,   0N,    0E,  35,    0,   ,   0,    ,    0,    0,    0,    0, 
IO, 94, 2016062812, 03, ST5D,  72,   0N,    0E,  38,    0,   ,   0,    ,    0,    0,    0,    0, 
IO, 94, 2016062812, 03, ST5D,  84,   0N,    0E,  44,    0,   ,   0,    ,    0,    0,    0,    0, 
IO, 94, 2016062812, 03, ST5D,  96,   0N,    0E,  50,    0,   ,   0,    ,    0,    0,    0,    0, 
IO, 94, 2016062812, 03, ST5D, 108,   0N,    0E,  37,    0,   ,   0,    ,    0,    0,    0,    0, 
IO, 94, 2016062812, 03, ST5D, 120,   0N,    0E,  59,    0,   ,   0,    ,    0,    0,    0,    0, 
IO, 94, 2016062812, 03, STRT,  12, 181N,  846E,   0,    0,   ,   0,    ,    0,    0,    0,    0, 
IO, 94, 2016062812, 03, STRT,  24, 191N,  841E,   0,    0,   ,   0,    ,    0,    0,    0,    0, 
IO, 94, 2016062812, 03, STRT,  36, 201N,  837E,   0,    0,   ,   0,    ,    0,    0,    0,    0, 
IO, 94, 2016062812, 03, STRT,  48, 205N,  824E,   0,    0,   ,   0,    ,    0,    0,    0,    0, 
IO, 94, 2016062812, 03, STRT,  72, 220N,  802E,   0,    0,   ,   0,    ,    0,    0,    0,    0, 
IO, 94, 2016062812, 03, XTRP,  12, 182N,  846E,  25,    0,   ,   0,    ,    0,    0,    0,    0, 
IO, 94, 2016062812, 03, XTRP,  24, 187N,  841E,  30,    0,   ,   0,    ,    0,    0,    0,    0, 
IO, 94, 2016062812, 03, XTRP,  36, 192N,  836E,  35,    0,   ,   0,    ,    0,    0,    0,    0, 
IO, 94, 2016062812, 03, XTRP,  48, 197N,  831E,  40,    0,   ,   0,    ,    0,    0,    0,    0, 
IO, 94, 2016062812, 03, XTRP,  60, 202N,  826E,  45,    0,   ,   0,    ,    0,    0,    0,    0, 
IO, 94, 2016062812, 03, XTRP,  72, 207N,  820E,  50,    0,   ,   0,    ,    0,    0,    0,    0, 
IO, 94, 2016062812, 03, XTRP,  84, 212N,  815E,  55,    0,   ,   0,    ,    0,    0,    0,    0, 
IO, 94, 2016062812, 03, XTRP,  96, 217N,  810E,  60,    0,   ,   0,    ,    0,    0,    0,    0, 
IO, 94, 2016062812, 03, XTRP, 108, 222N,  805E,  65,    0,   ,   0,    ,    0,    0,    0,    0, 
IO, 94, 2016062812, 03, XTRP, 120, 227N,  800E,  70,    0,   ,   0,    ,    0,    0,    0,    0, 
IO, 94, 2016062812, 71, JNVG,   0, 200N,  825E,  20,    0,   ,  34, NEQ,    0,    0,    0,    0, 
IO, 94, 2016062812, 71, JNVG,  12, 194N,  812E,  25,    0,   ,  34, NEQ,    0,    0,    0,    0, 
IO, 94, 2016062812, 71, JNVG,  24, 195N,  803E,  25,    0,   ,  34, NEQ,    0,    0,    0,    0, 
IO, 94, 2016062812, 71, JNVG,  36, 203N,  826E,  30,    0,   ,  34, NEQ,    0,    0,    0,    0, 
IO, 94, 2016062812, 71, JNVG,  48, 208N,  825E,  20,    0,   ,  34, NEQ,    0,    0,    0,    0, 
IO, 94, 2016062812, 71, JNVG,  60, 215N,  827E,  25,    0,   ,  34, NEQ,    0,    0,    0,    0, 
IO, 94, 2016062812, 72, JAVN,   0, 195N,  814E,  20,    0,   ,  34, NEQ,    0,    0,    0,    0, 
IO, 94, 2016062812, 72, JAVN,  12, 196N,  804E,  25,    0,   ,  34, NEQ,    0,    0,    0,    0, 
IO, 94, 2016062812, 72, JAVN,  24, 194N,  774E,  25,    0,   ,  34, NEQ,    0,    0,    0,    0, 
IO, 94, 2016062812, 72, JAVN,  36, 205N,  791E,  20,    0,   ,  34, NEQ,    0,    0,    0,    0, 
IO, 94, 2016062812, 72, JAVN,  48, 215N,  782E,  25,    0,   ,  34, NEQ,    0,    0,    0,    0, 
IO, 94, 2016062812, 72, JAVN,  60, 197N,  802E,  25,    0,   ,  34, NEQ,    0,    0,    0,    0, 
IO, 94, 2016062812, 72, JAVN,  72, 168N,  786E,  20,    0,   ,  34, NEQ,    0,    0,    0,    0, 
IO, 94, 2016062812, 72, JAVN,  84, 178N,  798E,  20,    0,   ,  34, NEQ,    0,    0,    0,    0, 
IO, 94, 2016062812, 72, JAVN,  96, 178N,  841E,  25,    0,   ,  34, NEQ,    0,    0,    0,    0, 
IO, 94, 2016062812, 72, JAVN, 108, 191N,  860E,  25,    0,   ,  34, NEQ,    0,    0,    0,    0, 
IO, 94, 2016062812, 72, JAVN, 120, 200N,  879E,  20,    0,   ,  34, NEQ,    0,    0,    0,    0, 
IO, 94, 2016062818, 71, JNVG,   0, 175N,  843E,  20,    0,   ,  34, NEQ,    0,    0,    0,    0, 
IO, 94, 2016062818, 71, JNVG,  12, 185N,  848E,  20,    0,   ,  34, NEQ,    0,    0,    0,    0, 
IO, 94, 2016062818, 71, JNVG,  24, 188N,  828E,  20,    0,   ,  34, NEQ,    0,    0,    0,    0, 
IO, 94, 2016062818, 71, JNVG,  36, 189N,  828E,  20,    0,   ,  34, NEQ,    0,    0,    0,    0, 
IO, 94, 2016062818, 71, JNVG,  48, 186N,  832E,  20,    0,   ,  34, NEQ,    0,    0,    0,    0, 
IO, 94, 2016062818, 71, JNVG,  60, 176N,  852E,  20,    0,   ,  34, NEQ,    0,    0,    0,    0, 
IO, 94, 2016062818, 71, JNVG,  72, 183N,  872E,  15,    0,   ,  34, NEQ,    0,    0,    0,    0, 
IO, 94, 2016062818, 71, JNVG,  84, 190N,  880E,  20,    0,   ,  34, NEQ,    0,    0,    0,    0, 
IO, 94, 2016062818, 71, JNVG,  96, 200N,  887E,  20,    0,   ,  34, NEQ,    0,    0,    0,    0, 
IO, 94, 2016062818, 71, JNVG, 108, 208N,  890E,  25,    0,   ,  34, NEQ,    0,    0,    0,    0, 
IO, 94, 2016062818, 71, JNVG, 120, 201N,  882E,  20,    0,   ,  34, NEQ,    0,    0,    0,    0, 
IO, 94, 2016062818, 72, JAVN,   0, 185N,  843E,  20,    0,   ,  34, NEQ,    0,    0,    0,    0, 
IO, 94, 2016062818, 72, JAVN,  12, 175N,  842E,  20,    0,   ,  34, NEQ,    0,    0,    0,    0, 
IO, 94, 2016062818, 72, JAVN,  24, 180N,  842E,  20,    0,   ,  34, NEQ,    0,    0,    0,    0, 
IO, 94, 2016062818, 72, JAVN,  36, 169N,  839E,  20,    0,   ,  34, NEQ,    0,    0,    0,    0, 
IO, 94, 2016062818, 72, JAVN,  48, 176N,  848E,  20,    0,   ,  34, NEQ,    0,    0,    0,    0, 
IO, 94, 2016062818, 72, JAVN,  60, 171N,  851E,  20,    0,   ,  34, NEQ,    0,    0,    0,    0, 
IO, 94, 2016062818, 72, JAVN,  72, 176N,  842E,  20,    0,   ,  34, NEQ,    0,    0,    0,    0, 
IO, 94, 2016062818, 72, JAVN,  84, 177N,  855E,  20,    0,   ,  34, NEQ,    0,    0,    0,    0, 
IO, 94, 2016062818, 72, JAVN,  96, 180N,  846E,  20,    0,   ,  34, NEQ,    0,    0,    0,    0, 
IO, 94, 2016062818, 72, JAVN, 108, 182N,  851E,  20,    0,   ,  34, NEQ,    0,    0,    0,    0, 
IO, 94, 2016062900, 01, CARQ, -18, 171N,  864E,  20,    0,   ,   0,    ,    0,    0,    0,    0, 
IO, 94, 2016062900, 01, CARQ, -12, 174N,  860E,  20,    0,   ,   0,    ,    0,    0,    0,    0, 
IO, 94, 2016062900, 01, CARQ,  -6, 176N,  856E,  20,    0,   ,   0,    ,    0,    0,    0,    0, 
IO, 94, 2016062900, 01, CARQ,   0, 178N,  852E,  20,    0,   ,   0,    ,    0,    0,    0,    0, 
IO, 94, 2016062900, 03, CLIM,  12, 184N,  840E,   0,    0,   ,   0,    ,    0,    0,    0,    0, 
IO, 94, 2016062900, 03, CLIM,  24, 193N,  828E,   0,    0,   ,   0,    ,    0,    0,    0,    0, 
IO, 94, 2016062900, 03, CLIM,  36, 201N,  819E,   0,    0,   ,   0,    ,    0,    0,    0,    0, 
IO, 94, 2016062900, 03, CLIM,  48, 209N,  810E,   0,    0,   ,   0,    ,    0,    0,    0,    0, 
IO, 94, 2016062900, 03, CLIM,  72, 218N,  788E,   0,    0,   ,   0,    ,    0,    0,    0,    0, 
IO, 94, 2016062900, 03, CLIP,  12, 185N,  843E,   0,    0,   ,   0,    ,    0,    0,    0,    0, 
IO, 94, 2016062900, 03, CLIP,  24, 193N,  833E,   0,    0,   ,   0,    ,    0,    0,    0,    0, 
IO, 94, 2016062900, 03, CLIP,  36, 201N,  822E,   0,    0,   ,   0,    ,    0,    0,    0,    0, 
IO, 94, 2016062900, 03, CLIP,  48, 211N,  812E,   0,    0,   ,   0,    ,    0,    0,    0,    0, 
IO, 94, 2016062900, 03, CLIP,  72, 226N,  800E,   0,    0,   ,   0,    ,    0,    0,    0,    0, 
IO, 94, 2016062900, 03, FBAM,  12, 185N,  838E,   0,    0,   ,   0,    ,    0,    0,    0,    0, 
IO, 94, 2016062900, 03, FBAM,  24, 197N,  811E,   0,    0,   ,   0,    ,    0,    0,    0,    0, 
IO, 94, 2016062900, 03, FBAM,  36, 206N,  787E,   0,    0,   ,   0,    ,    0,    0,    0,    0, 
IO, 94, 2016062900, 03, FBAM,  48, 212N,  766E,   0,    0,   ,   0,    ,    0,    0,    0,    0, 
IO, 94, 2016062900, 03, FBAM,  72, 218N,  734E,   0,    0,   ,   0,    ,    0,    0,    0,    0, 
IO, 94, 2016062900, 03, HPAC,  12, 183N,  842E,   0,    0,   ,   0,    ,    0,    0,    0,    0, 
IO, 94, 2016062900, 03, HPAC,  24, 189N,  832E,   0,    0,   ,   0,    ,    0,    0,    0,    0, 
IO, 94, 2016062900, 03, HPAC,  36, 196N,  824E,   0,    0,   ,   0,    ,    0,    0,    0,    0, 
IO, 94, 2016062900, 03, HPAC,  48, 201N,  815E,   0,    0,   ,   0,    ,    0,    0,    0,    0, 
IO, 94, 2016062900, 03, HPAC,  72, 210N,  796E,   0,    0,   ,   0,    ,    0,    0,    0,    0, 
IO, 94, 2016062900, 03, JUK2,   0, 178N,  852E,  20,    0,   ,  34, NEQ,    0,    0,    0,    0, 
IO, 94, 2016062900, 03, JUK2,  12, 178N,  849E,  21,    0,   ,  34, NEQ,    0,    0,    0,    0, 
IO, 94, 2016062900, 03, JUK2,  24, 182N,  852E,  21,    0,   ,  34, NEQ,    0,    0,    0,    0, 
IO, 94, 2016062900, 03, JUK2,  36, 185N,  853E,  22,    0,   ,  34, NEQ,    0,    0,    0,    0, 
IO, 94, 2016062900, 03, JUK2,  48, 186N,  853E,  25,    0,   ,  34, NEQ,    0,    0,    0,    0, 
IO, 94, 2016062900, 03, JUK2,  60, 182N,  853E,  26,    0,   ,  34, NEQ,    0,    0,    0,    0, 
IO, 94, 2016062900, 03, JUK2,  72, 183N,  857E,  26,    0,   ,  34, NEQ,    0,    0,    0,    0, 
IO, 94, 2016062900, 03, JUK2,  84, 184N,  861E,  27,    0,   ,  34, NEQ,    0,    0,    0,    0, 
IO, 94, 2016062900, 03, JUK2,  96, 183N,  866E,  28,    0,   ,  34, NEQ,    0,    0,    0,    0, 
IO, 94, 2016062900, 03, JUK2, 108, 187N,  875E,  26,    0,   ,  34, NEQ,    0,    0,    0,    0, 
IO, 94, 2016062900, 03, JUK2, 120, 190N,  884E,  28,    0,   ,  34, NEQ,    0,    0,    0,    0, 
IO, 94, 2016062900, 03, MBAM,  12, 187N,  844E,   0,    0,   ,   0,    ,    0,    0,    0,    0, 
IO, 94, 2016062900, 03, MBAM,  24, 202N,  830E,   0,    0,   ,   0,    ,    0,    0,    0,    0, 
IO, 94, 2016062900, 03, MBAM,  36, 214N,  817E,   0,    0,   ,   0,    ,    0,    0,    0,    0, 
IO, 94, 2016062900, 03, MBAM,  48, 219N,  809E,   0,    0,   ,   0,    ,    0,    0,    0,    0, 
IO, 94, 2016062900, 03, MBAM,  72, 219N,  807E,   0,    0,   ,   0,    ,    0,    0,    0,    0, 
IO, 94, 2016062900, 03, RECR,  12, 181N,  842E,   0,    0,   ,   0,    ,    0,    0,    0,    0, 
IO, 94, 2016062900, 03, RECR,  24, 189N,  842E,   0,    0,   ,   0,    ,    0,    0,    0,    0, 
IO, 94, 2016062900, 03, RECR,  36, 196N,  842E,   0,    0,   ,   0,    ,    0,    0,    0,    0, 
IO, 94, 2016062900, 03, RECR,  48, 204N,  842E,   0,    0,   ,   0,    ,    0,    0,    0,    0, 
IO, 94, 2016062900, 03, RECR,  72, 219N,  842E,   0,    0,   ,   0,    ,    0,    0,    0,    0, 
IO, 94, 2016062900, 03, SBAM,  12, 187N,  845E,   0,    0,   ,   0,    ,    0,    0,    0,    0, 
IO, 94, 2016062900, 03, SBAM,  24, 203N,  833E,   0,    0,   ,   0,    ,    0,    0,    0,    0, 
IO, 94, 2016062900, 03, SBAM,  36, 215N,  822E,   0,    0,   ,   0,    ,    0,    0,    0,    0, 
IO, 94, 2016062900, 03, SBAM,  48, 221N,  815E,   0,    0,   ,   0,    ,    0,    0,    0,    0, 
IO, 94, 2016062900, 03, SBAM,  72, 226N,  812E,   0,    0,   ,   0,    ,    0,    0,    0,    0, 
IO, 94, 2016062900, 03, ST5D,  12,   0N,    0E,  21,    0,   ,   0,    ,    0,    0,    0,    0, 
IO, 94, 2016062900, 03, ST5D,  24,   0N,    0E,  23,    0,   ,   0,    ,    0,    0,    0,    0, 
IO, 94, 2016062900, 03, ST5D,  36,   0N,    0E,  26,    0,   ,   0,    ,    0,    0,    0,    0, 
IO, 94, 2016062900, 03, ST5D,  48,   0N,    0E,  29,    0,   ,   0,    ,    0,    0,    0,    0, 
IO, 94, 2016062900, 03, ST5D,  60,   0N,    0E,  31,    0,   ,   0,    ,    0,    0,    0,    0, 
IO, 94, 2016062900, 03, ST5D,  72,   0N,    0E,  34,    0,   ,   0,    ,    0,    0,    0,    0, 
IO, 94, 2016062900, 03, ST5D,  84,   0N,    0E,  45,    0,   ,   0,    ,    0,    0,    0,    0, 
IO, 94, 2016062900, 03, ST5D,  96,   0N,    0E,  51,    0,   ,   0,    ,    0,    0,    0,    0, 
IO, 94, 2016062900, 03, ST5D, 108,   0N,    0E,  37,    0,   ,   0,    ,    0,    0,    0,    0, 
IO, 94, 2016062900, 03, ST5D, 120,   0N,    0E,  59,    0,   ,   0,    ,    0,    0,    0,    0, 
IO, 94, 2016062900, 03, STRT,  12, 183N,  837E,   0,    0,   ,   0,    ,    0,    0,    0,    0, 
IO, 94, 2016062900, 03, STRT,  24, 195N,  832E,   0,    0,   ,   0,    ,    0,    0,    0,    0, 
IO, 94, 2016062900, 03, STRT,  36, 204N,  823E,   0,    0,   ,   0,    ,    0,    0,    0,    0, 
IO, 94, 2016062900, 03, STRT,  48, 211N,  809E,   0,    0,   ,   0,    ,    0,    0,    0,    0, 
IO, 94, 2016062900, 03, STRT,  72, 233N,  790E,   0,    0,   ,   0,    ,    0,    0,    0,    0, 
IO, 94, 2016062900, 03, XTRP,  12, 182N,  844E,  20,    0,   ,   0,    ,    0,    0,    0,    0, 
IO, 94, 2016062900, 03, XTRP,  24, 186N,  836E,  20,    0,   ,   0,    ,    0,    0,    0,    0, 
IO, 94, 2016062900, 03, XTRP,  36, 190N,  828E,  20,    0,   ,   0,    ,    0,    0,    0,    0, 
IO, 94, 2016062900, 03, XTRP,  48, 194N,  820E,  20,    0,   ,   0,    ,    0,    0,    0,    0, 
IO, 94, 2016062900, 03, XTRP,  60, 198N,  812E,  20,    0,   ,   0,    ,    0,    0,    0,    0, 
IO, 94, 2016062900, 03, XTRP,  72, 202N,  804E,  20,    0,   ,   0,    ,    0,    0,    0,    0, 
IO, 94, 2016062900, 03, XTRP,  84, 206N,  796E,  20,    0,   ,   0,    ,    0,    0,    0,    0, 
IO, 94, 2016062900, 03, XTRP,  96, 210N,  787E,  20,    0,   ,   0,    ,    0,    0,    0,    0, 
IO, 94, 2016062900, 03, XTRP, 108, 214N,  779E,  20,    0,   ,   0,    ,    0,    0,    0,    0, 
IO, 94, 2016062900, 03, XTRP, 120, 218N,  771E,  20,    0,   ,   0,    ,    0,    0,    0,    0, 
IO, 94, 2016062900, 71, JNVG,   0, 175N,  842E,  20,    0,   ,  34, NEQ,    0,    0,    0,    0, 
IO, 94, 2016062900, 71, JNVG,  12, 195N,  832E,  15,    0,   ,  34, NEQ,    0,    0,    0,    0, 
IO, 94, 2016062900, 71, JNVG,  24, 184N,  838E,  20,    0,   ,  34, NEQ,    0,    0,    0,    0, 
IO, 94, 2016062900, 71, JNVG,  36, 206N,  806E,  15,    0,   ,  34, NEQ,    0,    0,    0,    0, 
IO, 94, 2016062900, 71, JNVG,  48, 244N,  797E,  20,    0,   ,  34, NEQ,    0,    0,    0,    0, 
IO, 94, 2016062900, 71, JNVG,  60, 245N,  779E,  20,    0,   ,  34, NEQ,    0,    0,    0,    0, 
IO, 94, 2016062900, 71, JNVG,  72, 255N,  811E,  20,    0,   ,  34, NEQ,    0,    0,    0,    0, 
IO, 94, 2016062900, 72, JAVN,   0, 179N,  845E,  20,    0,   ,  34, NEQ,    0,    0,    0,    0, 
IO, 94, 2016062900, 72, JAVN,  12, 180N,  850E,  20,    0,   ,  34, NEQ,    0,    0,    0,    0, 
IO, 94, 2016062900, 72, JAVN,  24, 170N,  835E,  20,    0,   ,  34, NEQ,    0,    0,    0,    0, 
IO, 94, 2016062900, 72, JAVN,  36, 167N,  837E,  20,    0,   ,  34, NEQ,    0,    0,    0,    0, 
IO, 94, 2016062900, 72, JAVN,  48, 172N,  846E,  20,    0,   ,  34, NEQ,    0,    0,    0,    0, 
IO, 94, 2016062900, 72, JAVN,  60, 169N,  835E,  20,    0,   ,  34, NEQ,    0,    0,    0,    0, 
IO, 94, 2016062900, 72, JAVN,  72, 169N,  834E,  15,    0,   ,  34, NEQ,    0,    0,    0,    0, 
IO, 94, 2016062900, 72, JAVN,  84, 185N,  869E,  20,    0,   ,  34, NEQ,    0,    0,    0,    0, 
IO, 94, 2016062900, 72, JAVN,  96, 179N,  852E,  15,    0,   ,  34, NEQ,    0,    0,    0,    0, 
IO, 94, 2016062900, 72, JAVN, 108, 206N,  892E,  15,    0,   ,  34, NEQ,    0,    0,    0,    0, 
IO, 94, 2016062900, 72, JAVN, 120, 220N,  919E,  15,    0,   ,  34, NEQ,    0,    0,    0,    0, 
IO, 94, 2016062900, 74, JJGS,   0, 185N,  839E,  20,    0,   ,  34, NEQ,    0,    0,    0,    0, 
IO, 94, 2016062900, 74, JJGS,  12, 179N,  841E,  20,    0,   ,  34, NEQ,    0,    0,    0,    0, 
IO, 94, 2016062900, 74, JJGS,  24, 170N,  826E,  20,    0,   ,  34, NEQ,    0,    0,    0,    0, 
IO, 94, 2016062900, 74, JJGS,  36, 172N,  837E,  25,    0,   ,  34, NEQ,    0,    0,    0,    0, 
IO, 94, 2016062900, 74, JJGS,  48, 167N,  842E,  25,    0,   ,  34, NEQ,    0,    0,    0,    0, 
IO, 94, 2016062900, 74, JJGS,  60, 166N,  841E,  25,    0,   ,  34, NEQ,    0,    0,    0,    0, 
IO, 94, 2016062900, 74, JJGS,  72, 168N,  843E,  25,    0,   ,  34, NEQ,    0,    0,    0,    0, 
IO, 94, 2016062900, 74, JJGS,  84, 168N,  840E,  25,    0,   ,  34, NEQ,    0,    0,    0,    0, 
IO, 94, 2016062906, 01, CARQ, -18, 171N,  867E,  20,    0,   ,   0,    ,    0,    0,    0,    0, 
IO, 94, 2016062906, 01, CARQ, -12, 175N,  864E,  20,    0,   ,   0,    ,    0,    0,    0,    0, 
IO, 94, 2016062906, 01, CARQ,  -6, 178N,  860E,  20,    0,   ,   0,    ,    0,    0,    0,    0, 
IO, 94, 2016062906, 01, CARQ,   0, 182N,  855E,  25,    0,   ,   0,    ,    0,    0,    0,    0, 
IO, 94, 2016062906, 03, CLIM,  12, 188N,  844E,   0,    0,   ,   0,    ,    0,    0,    0,    0, 
IO, 94, 2016062906, 03, CLIM,  24, 197N,  832E,   0,    0,   ,   0,    ,    0,    0,    0,    0, 
IO, 94, 2016062906, 03, CLIM,  36, 205N,  822E,   0,    0,   ,   0,    ,    0,    0,    0,    0, 
IO, 94, 2016062906, 03, CLIM,  48, 212N,  811E,   0,    0,   ,   0,    ,    0,    0,    0,    0, 
IO, 94, 2016062906, 03, CLIM,  72, 223N,  787E,   0,    0,   ,   0,    ,    0,    0,    0,    0, 
IO, 94, 2016062906, 03, CLIP,  12, 191N,  846E,   0,    0,   ,   0,    ,    0,    0,    0,    0, 
IO, 94, 2016062906, 03, CLIP,  24, 200N,  836E,   0,    0,   ,   0,    ,    0,    0,    0,    0, 
IO, 94, 2016062906, 03, CLIP,  36, 209N,  823E,   0,    0,   ,   0,    ,    0,    0,    0,    0, 
IO, 94, 2016062906, 03, CLIP,  48, 219N,  812E,   0,    0,   ,   0,    ,    0,    0,    0,    0, 
IO, 94, 2016062906, 03, CLIP,  72, 233N,  792E,   0,    0,   ,   0,    ,    0,    0,    0,    0, 
IO, 94, 2016062906, 03, CONW,   0, 182N,  855E,  25,    0,   ,   0,    ,    0,    0,    0,    0, 
IO, 94, 2016062906, 03, CONW,  12, 183N,  851E,  25,    0,   ,   0,    ,    0,    0,    0,    0, 
IO, 94, 2016062906, 03, CONW,  24, 184N,  842E,  25,    0,   ,   0,    ,    0,    0,    0,    0, 
IO, 94, 2016062906, 03, CONW,  36, 198N,  834E,  25,    0,   ,   0,    ,    0,    0,    0,    0, 
IO, 94, 2016062906, 03, CONW,  48, 207N,  828E,  26,    0,   ,   0,    ,    0,    0,    0,    0, 
IO, 94, 2016062906, 03, CONW,  60, 211N,  830E,  25,    0,   ,   0,    ,    0,    0,    0,    0, 
IO, 94, 2016062906, 03, CONW,  72, 218N,  841E,  25,    0,   ,   0,    ,    0,    0,    0,    0, 
IO, 94, 2016062906, 03, FBAM,  12, 192N,  837E,   0,    0,   ,   0,    ,    0,    0,    0,    0, 
IO, 94, 2016062906, 03, FBAM,  24, 203N,  806E,   0,    0,   ,   0,    ,    0,    0,    0,    0, 
IO, 94, 2016062906, 03, FBAM,  36, 211N,  777E,   0,    0,   ,   0,    ,    0,    0,    0,    0, 
IO, 94, 2016062906, 03, FBAM,  48, 218N,  752E,   0,    0,   ,   0,    ,    0,    0,    0,    0, 
IO, 94, 2016062906, 03, FBAM,  72, 228N,  709E,   0,    0,   ,   0,    ,    0,    0,    0,    0, 
IO, 94, 2016062906, 03, HPAC,  12, 189N,  845E,   0,    0,   ,   0,    ,    0,    0,    0,    0, 
IO, 94, 2016062906, 03, HPAC,  24, 196N,  835E,   0,    0,   ,   0,    ,    0,    0,    0,    0, 
IO, 94, 2016062906, 03, HPAC,  36, 204N,  825E,   0,    0,   ,   0,    ,    0,    0,    0,    0, 
IO, 94, 2016062906, 03, HPAC,  48, 211N,  815E,   0,    0,   ,   0,    ,    0,    0,    0,    0, 
IO, 94, 2016062906, 03, HPAC,  72, 224N,  794E,   0,    0,   ,   0,    ,    0,    0,    0,    0, 
IO, 94, 2016062906, 03, JAS1,  12, 178N,  851E,  25,    0,   ,   0,    ,    0,    0,    0,    0, 
IO, 94, 2016062906, 03, JAS1,  24, 172N,  846E,  22,    0,   ,   0,    ,    0,    0,    0,    0, 
IO, 94, 2016062906, 03, JAS1,  36, 173N,  849E,  18,    0,   ,   0,    ,    0,    0,    0,    0, 
IO, 94, 2016062906, 03, JAS5,  12, 178N,  851E,  24,    0,   ,   0,    ,    0,    0,    0,    0, 
IO, 94, 2016062906, 03, JAS5,  24, 172N,  846E,  20,    0,   ,   0,    ,    0,    0,    0,    0, 
IO, 94, 2016062906, 03, JAVI,   0, 182N,  855E,  25,    0,   ,  34, NEQ,    0,    0,    0,    0, 
IO, 94, 2016062906, 03, JAVI,  12, 178N,  851E,  25,    0,   ,  34, NEQ,    0,    0,    0,    0, 
IO, 94, 2016062906, 03, JAVI,  24, 172N,  846E,  25,    0,   ,  34, NEQ,    0,    0,    0,    0, 
IO, 94, 2016062906, 03, JAVI,  36, 173N,  849E,  24,    0,   ,  34, NEQ,    0,    0,    0,    0, 
IO, 94, 2016062906, 03, JAVI,  48, 173N,  849E,  24,    0,   ,  34, NEQ,    0,    0,    0,    0, 
IO, 94, 2016062906, 03, JAVI,  60, 173N,  846E,  22,    0,   ,  34, NEQ,    0,    0,    0,    0, 
IO, 94, 2016062906, 03, JAVI,  72, 180N,  859E,  22,    0,   ,  34, NEQ,    0,    0,    0,    0, 
IO, 94, 2016062906, 03, JAVI,  84, 186N,  869E,  22,    0,   ,  34, NEQ,    0,    0,    0,    0, 
IO, 94, 2016062906, 03, JAVI,  96, 197N,  883E,  20,    0,   ,  34, NEQ,    0,    0,    0,    0, 
IO, 94, 2016062906, 03, JAVI, 108, 215N,  913E,  20,    0,   ,  34, NEQ,    0,    0,    0,    0, 
IO, 94, 2016062906, 03, JAVI, 120, 234N,  944E,  19,    0,   ,  34, NEQ,    0,    0,    0,    0, 
IO, 94, 2016062906, 03, JNVI,   0, 182N,  855E,  25,    0,   ,  34, NEQ,    0,    0,    0,    0, 
IO, 94, 2016062906, 03, JNVI,  12, 188N,  851E,  24,    0,   ,  34, NEQ,    0,    0,    0,    0, 
IO, 94, 2016062906, 03, JNVI,  24, 196N,  838E,  24,    0,   ,  34, NEQ,    0,    0,    0,    0, 
IO, 94, 2016062906, 03, JNVI,  36, 223N,  819E,  24,    0,   ,  34, NEQ,    0,    0,    0,    0, 
IO, 94, 2016062906, 03, JNVI,  48, 242N,  807E,  26,    0,   ,  34, NEQ,    0,    0,    0,    0, 
IO, 94, 2016062906, 03, JNVI,  60, 249N,  815E,  26,    0,   ,  34, NEQ,    0,    0,    0,    0, 
IO, 94, 2016062906, 03, JNVI,  72, 257N,  822E,  27,    0,   ,  34, NEQ,    0,    0,    0,    0, 
IO, 94, 2016062906, 03, MBAM,  12, 193N,  845E,   0,    0,   ,   0,    ,    0,    0,    0,    0, 
IO, 94, 2016062906, 03, MBAM,  24, 209N,  830E,   0,    0,   ,   0,    ,    0,    0,    0,    0, 
IO, 94, 2016062906, 03, MBAM,  36, 220N,  816E,   0,    0,   ,   0,    ,    0,    0,    0,    0, 
IO, 94, 2016062906, 03, MBAM,  48, 227N,  805E,   0,    0,   ,   0,    ,    0,    0,    0,    0, 
IO, 94, 2016062906, 03, MBAM,  72, 232N,  797E,   0,    0,   ,   0,    ,    0,    0,    0,    0, 
IO, 94, 2016062906, 03, RECR,  12, 189N,  848E,   0,    0,   ,   0,    ,    0,    0,    0,    0, 
IO, 94, 2016062906, 03, RECR,  24, 199N,  850E,   0,    0,   ,   0,    ,    0,    0,    0,    0, 
IO, 94, 2016062906, 03, RECR,  36, 208N,  851E,   0,    0,   ,   0,    ,    0,    0,    0,    0, 
IO, 94, 2016062906, 03, RECR,  48, 216N,  851E,   0,    0,   ,   0,    ,    0,    0,    0,    0, 
IO, 94, 2016062906, 03, RECR,  72, 235N,  860E,   0,    0,   ,   0,    ,    0,    0,    0,    0, 
IO, 94, 2016062906, 03, SBAM,  12, 193N,  845E,   0,    0,   ,   0,    ,    0,    0,    0,    0, 
IO, 94, 2016062906, 03, SBAM,  24, 209N,  830E,   0,    0,   ,   0,    ,    0,    0,    0,    0, 
IO, 94, 2016062906, 03, SBAM,  36, 221N,  816E,   0,    0,   ,   0,    ,    0,    0,    0,    0, 
IO, 94, 2016062906, 03, SBAM,  48, 229N,  805E,   0,    0,   ,   0,    ,    0,    0,    0,    0, 
IO, 94, 2016062906, 03, SBAM,  72, 237N,  792E,   0,    0,   ,   0,    ,    0,    0,    0,    0, 
IO, 94, 2016062906, 03, ST5D,  12,   0N,    0E,  30,    0,   ,   0,    ,    0,    0,    0,    0, 
IO, 94, 2016062906, 03, ST5D,  24,   0N,    0E,  34,    0,   ,   0,    ,    0,    0,    0,    0, 
IO, 94, 2016062906, 03, ST5D,  36,   0N,    0E,  39,    0,   ,   0,    ,    0,    0,    0,    0, 
IO, 94, 2016062906, 03, ST5D,  48,   0N,    0E,  41,    0,   ,   0,    ,    0,    0,    0,    0, 
IO, 94, 2016062906, 03, ST5D,  60,   0N,    0E,  44,    0,   ,   0,    ,    0,    0,    0,    0, 
IO, 94, 2016062906, 03, ST5D,  72,   0N,    0E,  48,    0,   ,   0,    ,    0,    0,    0,    0, 
IO, 94, 2016062906, 03, ST5D,  84,   0N,    0E,  56,    0,   ,   0,    ,    0,    0,    0,    0, 
IO, 94, 2016062906, 03, ST5D,  96,   0N,    0E,  59,    0,   ,   0,    ,    0,    0,    0,    0, 
IO, 94, 2016062906, 03, ST5D, 108,   0N,    0E,  43,    0,   ,   0,    ,    0,    0,    0,    0, 
IO, 94, 2016062906, 03, ST5D, 120,   0N,    0E,  63,    0,   ,   0,    ,    0,    0,    0,    0, 
IO, 94, 2016062906, 03, STRT,  12, 186N,  843E,   0,    0,   ,   0,    ,    0,    0,    0,    0, 
IO, 94, 2016062906, 03, STRT,  24, 195N,  838E,   0,    0,   ,   0,    ,    0,    0,    0,    0, 
IO, 94, 2016062906, 03, STRT,  36, 203N,  827E,   0,    0,   ,   0,    ,    0,    0,    0,    0, 
IO, 94, 2016062906, 03, STRT,  48, 211N,  814E,   0,    0,   ,   0,    ,    0,    0,    0,    0, 
IO, 94, 2016062906, 03, STRT,  72, 233N,  796E,   0,    0,   ,   0,    ,    0,    0,    0,    0, 
IO, 94, 2016062906, 03, XTRP,  12, 189N,  846E,  30,    0,   ,   0,    ,    0,    0,    0,    0, 
IO, 94, 2016062906, 03, XTRP,  24, 196N,  837E,  35,    0,   ,   0,    ,    0,    0,    0,    0, 
IO, 94, 2016062906, 03, XTRP,  36, 203N,  828E,  40,    0,   ,   0,    ,    0,    0,    0,    0, 
IO, 94, 2016062906, 03, XTRP,  48, 210N,  818E,  45,    0,   ,   0,    ,    0,    0,    0,    0, 
IO, 94, 2016062906, 03, XTRP,  60, 217N,  809E,  50,    0,   ,   0,    ,    0,    0,    0,    0, 
IO, 94, 2016062906, 03, XTRP,  72, 224N,  800E,  55,    0,   ,   0,    ,    0,    0,    0,    0, 
IO, 94, 2016062906, 03, XTRP,  84, 231N,  791E,  60,    0,   ,   0,    ,    0,    0,    0,    0, 
IO, 94, 2016062906, 03, XTRP,  96, 238N,  781E,  65,    0,   ,   0,    ,    0,    0,    0,    0, 
IO, 94, 2016062906, 03, XTRP, 108, 245N,  772E,  70,    0,   ,   0,    ,    0,    0,    0,    0, 
IO, 94, 2016062906, 03, XTRP, 120, 252N,  762E,  75,    0,   ,   0,    ,    0,    0,    0,    0, 
IO, 94, 2016062906, 71, JNVG,   0, 194N,  837E,  25,    0,   ,  34, NEQ,    0,    0,    0,    0, 
IO, 94, 2016062906, 71, JNVG,  12, 205N,  816E,  25,    0,   ,  34, NEQ,    0,    0,    0,    0, 
IO, 94, 2016062906, 71, JNVG,  24, 204N,  807E,  30,    0,   ,  34, NEQ,    0,    0,    0,    0, 
IO, 94, 2016062906, 71, JNVG,  36, 215N,  811E,  25,    0,   ,  34, NEQ,    0,    0,    0,    0, 
IO, 94, 2016062906, 71, JNVG,  48, 214N,  822E,  30,    0,   ,  34, NEQ,    0,    0,    0,    0, 
IO, 94, 2016062906, 72, JAVN,   0, 181N,  849E,  25,    0,   ,  34, NEQ,    0,    0,    0,    0, 
IO, 94, 2016062906, 72, JAVN,  12, 187N,  851E,  25,    0,   ,  34, NEQ,    0,    0,    0,    0, 
IO, 94, 2016062906, 72, JAVN,  24, 195N,  858E,  25,    0,   ,  34, NEQ,    0,    0,    0,    0, 
IO, 94, 2016062906, 72, JAVN,  36, 198N,  862E,  25,    0,   ,  34, NEQ,    0,    0,    0,    0, 
IO, 94, 2016062906, 72, JAVN,  48, 179N,  861E,  20,    0,   ,  34, NEQ,    0,    0,    0,    0, 
IO, 94, 2016062906, 72, JAVN,  60, 174N,  855E,  20,    0,   ,  34, NEQ,    0,    0,    0,    0, 
IO, 94, 2016062906, 72, JAVN,  72, 181N,  860E,  25,    0,   ,  34, NEQ,    0,    0,    0,    0, 
IO, 94, 2016062906, 72, JAVN,  84, 180N,  856E,  20,    0,   ,  34, NEQ,    0,    0,    0,    0, 
IO, 94, 2016062906, 72, JAVN,  96, 178N,  853E,  20,    0,   ,  34, NEQ,    0,    0,    0,    0, 
IO, 94, 2016062912, 01, CARQ, -18, 175N,  864E,  20,    0,   ,   0,    ,    0,    0,    0,    0, 
IO, 94, 2016062912, 01, CARQ, -12, 178N,  860E,  20,    0,   ,   0,    ,    0,    0,    0,    0, 
IO, 94, 2016062912, 01, CARQ,  -6, 182N,  855E,  25,    0,   ,   0,    ,    0,    0,    0,    0, 
IO, 94, 2016062912, 01, CARQ,   0, 187N,  850E,  25,    0,   ,   0,    ,    0,    0,    0,    0, 
IO, 94, 2016062912, 03, CLIM,  12, 193N,  837E,   0,    0,   ,   0,    ,    0,    0,    0,    0, 
IO, 94, 2016062912, 03, CLIM,  24, 201N,  825E,   0,    0,   ,   0,    ,    0,    0,    0,    0, 
IO, 94, 2016062912, 03, CLIM,  36, 210N,  812E,   0,    0,   ,   0,    ,    0,    0,    0,    0, 
IO, 94, 2016062912, 03, CLIM,  48, 217N,  804E,   0,    0,   ,   0,    ,    0,    0,    0,    0, 
IO, 94, 2016062912, 03, CLIM,  72, 230N,  788E,   0,    0,   ,   0,    ,    0,    0,    0,    0, 
IO, 94, 2016062912, 03, CLIP,  12, 197N,  841E,   0,    0,   ,   0,    ,    0,    0,    0,    0, 
IO, 94, 2016062912, 03, CLIP,  24, 207N,  832E,   0,    0,   ,   0,    ,    0,    0,    0,    0, 
IO, 94, 2016062912, 03, CLIP,  36, 216N,  816E,   0,    0,   ,   0,    ,    0,    0,    0,    0, 
IO, 94, 2016062912, 03, CLIP,  48, 225N,  805E,   0,    0,   ,   0,    ,    0,    0,    0,    0, 
IO, 94, 2016062912, 03, CLIP,  72, 237N,  779E,   0,    0,   ,   0,    ,    0,    0,    0,    0, 
IO, 94, 2016062912, 03, CONW,   0, 187N,  850E,  25,    0,   ,   0,    ,    0,    0,    0,    0, 
IO, 94, 2016062912, 03, CONW,  12, 192N,  841E,  26,    0,   ,   0,    ,    0,    0,    0,    0, 
IO, 94, 2016062912, 03, CONW,  24, 201N,  838E,  26,    0,   ,   0,    ,    0,    0,    0,    0, 
IO, 94, 2016062912, 03, CONW,  36, 203N,  840E,  26,    0,   ,   0,    ,    0,    0,    0,    0, 
IO, 94, 2016062912, 03, CONW,  48, 205N,  840E,  26,    0,   ,   0,    ,    0,    0,    0,    0, 
IO, 94, 2016062912, 03, CONW,  60, 178N,  856E,  26,    0,   ,   0,    ,    0,    0,    0,    0, 
IO, 94, 2016062912, 03, CONW,  72, 180N,  855E,  26,    0,   ,   0,    ,    0,    0,    0,    0, 
IO, 94, 2016062912, 03, CONW,  84, 179N,  852E,  25,    0,   ,   0,    ,    0,    0,    0,    0, 
IO, 94, 2016062912, 03, FBAM,  12, 197N,  831E,   0,    0,   ,   0,    ,    0,    0,    0,    0, 
IO, 94, 2016062912, 03, FBAM,  24, 207N,  803E,   0,    0,   ,   0,    ,    0,    0,    0,    0, 
IO, 94, 2016062912, 03, FBAM,  36, 213N,  779E,   0,    0,   ,   0,    ,    0,    0,    0,    0, 
IO, 94, 2016062912, 03, FBAM,  48, 217N,  760E,   0,    0,   ,   0,    ,    0,    0,    0,    0, 
IO, 94, 2016062912, 03, FBAM,  72, 222N,  727E,   0,    0,   ,   0,    ,    0,    0,    0,    0, 
IO, 94, 2016062912, 03, HPAC,  12, 195N,  839E,   0,    0,   ,   0,    ,    0,    0,    0,    0, 
IO, 94, 2016062912, 03, HPAC,  24, 203N,  827E,   0,    0,   ,   0,    ,    0,    0,    0,    0, 
IO, 94, 2016062912, 03, HPAC,  36, 212N,  816E,   0,    0,   ,   0,    ,    0,    0,    0,    0, 
IO, 94, 2016062912, 03, HPAC,  48, 220N,  807E,   0,    0,   ,   0,    ,    0,    0,    0,    0, 
IO, 94, 2016062912, 03, HPAC,  72, 236N,  789E,   0,    0,   ,   0,    ,    0,    0,    0,    0, 
IO, 94, 2016062912, 03, JAS1,  12, 194N,  854E,  26,    0,   ,   0,    ,    0,    0,    0,    0, 
IO, 94, 2016062912, 03, JAS1,  24, 198N,  859E,  24,    0,   ,   0,    ,    0,    0,    0,    0, 
IO, 94, 2016062912, 03, JAS1,  36, 191N,  861E,  25,    0,   ,   0,    ,    0,    0,    0,    0, 
IO, 94, 2016062912, 03, JAS1,  48, 181N,  858E,  22,    0,   ,   0,    ,    0,    0,    0,    0, 
IO, 94, 2016062912, 03, JAS1,  60, 181N,  857E,  19,    0,   ,   0,    ,    0,    0,    0,    0, 
IO, 94, 2016062912, 03, JAS1,  72, 183N,  857E,  17,    0,   ,   0,    ,    0,    0,    0,    0, 
IO, 94, 2016062912, 03, JAS5,  12, 194N,  854E,  24,    0,   ,   0,    ,    0,    0,    0,    0, 
IO, 94, 2016062912, 03, JAS5,  24, 198N,  859E,  22,    0,   ,   0,    ,    0,    0,    0,    0, 
IO, 94, 2016062912, 03, JAS5,  36, 191N,  861E,  23,    0,   ,   0,    ,    0,    0,    0,    0, 
IO, 94, 2016062912, 03, JAS5,  48, 181N,  858E,  20,    0,   ,   0,    ,    0,    0,    0,    0, 
IO, 94, 2016062912, 03, JAVI,   0, 187N,  850E,  25,    0,   ,  34, NEQ,    0,    0,    0,    0, 
IO, 94, 2016062912, 03, JAVI,  12, 194N,  854E,  24,    0,   ,  34, NEQ,    0,    0,    0,    0, 
IO, 94, 2016062912, 03, JAVI,  24, 198N,  859E,  24,    0,   ,  34, NEQ,    0,    0,    0,    0, 
IO, 94, 2016062912, 03, JAVI,  36, 191N,  861E,  22,    0,   ,  34, NEQ,    0,    0,    0,    0, 
IO, 94, 2016062912, 03, JAVI,  48, 181N,  858E,  20,    0,   ,  34, NEQ,    0,    0,    0,    0, 
IO, 94, 2016062912, 03, JAVI,  60, 181N,  857E,  22,    0,   ,  34, NEQ,    0,    0,    0,    0, 
IO, 94, 2016062912, 03, JAVI,  72, 183N,  857E,  22,    0,   ,  34, NEQ,    0,    0,    0,    0, 
IO, 94, 2016062912, 03, JAVI,  84, 182N,  854E,  20,    0,   ,  34, NEQ,    0,    0,    0,    0, 
IO, 94, 2016062912, 03, JAVI,  96, 181N,  851E,  18,    0,   ,  34, NEQ,    0,    0,    0,    0, 
IO, 94, 2016062912, 03, JJG2,   0, 187N,  850E,  25,    0,   ,  34, NEQ,    0,    0,    0,    0, 
IO, 94, 2016062912, 03, JJG2,  12, 181N,  844E,  26,    0,   ,  34, NEQ,    0,    0,    0,    0, 
IO, 94, 2016062912, 03, JJG2,  24, 179N,  848E,  28,    0,   ,  34, NEQ,    0,    0,    0,    0, 
IO, 94, 2016062912, 03, JJG2,  36, 176N,  853E,  29,    0,   ,  34, NEQ,    0,    0,    0,    0, 
IO, 94, 2016062912, 03, JJG2,  48, 175N,  854E,  29,    0,   ,  34, NEQ,    0,    0,    0,    0, 
IO, 94, 2016062912, 03, JJG2,  60, 176N,  854E,  29,    0,   ,  34, NEQ,    0,    0,    0,    0, 
IO, 94, 2016062912, 03, JJG2,  72, 177N,  853E,  29,    0,   ,  34, NEQ,    0,    0,    0,    0, 
IO, 94, 2016062912, 03, JJG2,  84, 177N,  851E,  29,    0,   ,  34, NEQ,    0,    0,    0,    0, 
IO, 94, 2016062912, 03, JNVI,   0, 187N,  850E,  25,    0,   ,  34, NEQ,    0,    0,    0,    0, 
IO, 94, 2016062912, 03, JNVI,  12, 193N,  836E,  26,    0,   ,  34, NEQ,    0,    0,    0,    0, 
IO, 94, 2016062912, 03, JNVI,  24, 198N,  833E,  27,    0,   ,  34, NEQ,    0,    0,    0,    0, 
IO, 94, 2016062912, 03, JNVI,  36, 202N,  840E,  27,    0,   ,  34, NEQ,    0,    0,    0,    0, 
IO, 94, 2016062912, 03, JNVI,  48, 206N,  847E,  28,    0,   ,  34, NEQ,    0,    0,    0,    0, 
IO, 94, 2016062912, 03, JUK2,   0, 187N,  850E,  25,    0,   ,  34, NEQ,    0,    0,    0,    0, 
IO, 94, 2016062912, 03, JUK2,  12, 201N,  830E,  25,    0,   ,  34, NEQ,    0,    0,    0,    0, 
IO, 94, 2016062912, 03, JUK2,  24, 228N,  811E,  25,    0,   ,  34, NEQ,    0,    0,    0,    0, 
IO, 94, 2016062912, 03, JUK2,  36, 244N,  807E,  25,    0,   ,  34, NEQ,    0,    0,    0,    0, 
IO, 94, 2016062912, 03, JUK2,  48, 259N,  802E,  25,    0,   ,  34, NEQ,    0,    0,    0,    0, 
IO, 94, 2016062912, 03, MBAM,  12, 198N,  839E,   0,    0,   ,   0,    ,    0,    0,    0,    0, 
IO, 94, 2016062912, 03, MBAM,  24, 211N,  827E,   0,    0,   ,   0,    ,    0,    0,    0,    0, 
IO, 94, 2016062912, 03, MBAM,  36, 220N,  819E,   0,    0,   ,   0,    ,    0,    0,    0,    0, 
IO, 94, 2016062912, 03, MBAM,  48, 225N,  815E,   0,    0,   ,   0,    ,    0,    0,    0,    0, 
IO, 94, 2016062912, 03, MBAM,  72, 227N,  815E,   0,    0,   ,   0,    ,    0,    0,    0,    0, 
IO, 94, 2016062912, 03, RECR,  12, 195N,  841E,   0,    0,   ,   0,    ,    0,    0,    0,    0, 
IO, 94, 2016062912, 03, RECR,  24, 205N,  843E,   0,    0,   ,   0,    ,    0,    0,    0,    0, 
IO, 94, 2016062912, 03, RECR,  36, 214N,  843E,   0,    0,   ,   0,    ,    0,    0,    0,    0, 
IO, 94, 2016062912, 03, RECR,  48, 221N,  844E,   0,    0,   ,   0,    ,    0,    0,    0,    0, 
IO, 94, 2016062912, 03, RECR,  72, 243N,  858E,   0,    0,   ,   0,    ,    0,    0,    0,    0, 
IO, 94, 2016062912, 03, SBAM,  12, 198N,  839E,   0,    0,   ,   0,    ,    0,    0,    0,    0, 
IO, 94, 2016062912, 03, SBAM,  24, 212N,  827E,   0,    0,   ,   0,    ,    0,    0,    0,    0, 
IO, 94, 2016062912, 03, SBAM,  36, 223N,  818E,   0,    0,   ,   0,    ,    0,    0,    0,    0, 
IO, 94, 2016062912, 03, SBAM,  48, 229N,  811E,   0,    0,   ,   0,    ,    0,    0,    0,    0, 
IO, 94, 2016062912, 03, SBAM,  72, 234N,  803E,   0,    0,   ,   0,    ,    0,    0,    0,    0, 
IO, 94, 2016062912, 03, ST5D,  12,   0N,    0E,  30,    0,   ,   0,    ,    0,    0,    0,    0, 
IO, 94, 2016062912, 03, ST5D,  24,   0N,    0E,  34,    0,   ,   0,    ,    0,    0,    0,    0, 
IO, 94, 2016062912, 03, ST5D,  36,   0N,    0E,  39,    0,   ,   0,    ,    0,    0,    0,    0, 
IO, 94, 2016062912, 03, ST5D,  48,   0N,    0E,  41,    0,   ,   0,    ,    0,    0,    0,    0, 
IO, 94, 2016062912, 03, ST5D,  60,   0N,    0E,  44,    0,   ,   0,    ,    0,    0,    0,    0, 
IO, 94, 2016062912, 03, ST5D,  72,   0N,    0E,  47,    0,   ,   0,    ,    0,    0,    0,    0, 
IO, 94, 2016062912, 03, ST5D,  84,   0N,    0E,  56,    0,   ,   0,    ,    0,    0,    0,    0, 
IO, 94, 2016062912, 03, ST5D,  96,   0N,    0E,  59,    0,   ,   0,    ,    0,    0,    0,    0, 
IO, 94, 2016062912, 03, ST5D, 108,   0N,    0E,  42,    0,   ,   0,    ,    0,    0,    0,    0, 
IO, 94, 2016062912, 03, ST5D, 120,   0N,    0E,  63,    0,   ,   0,    ,    0,    0,    0,    0, 
IO, 94, 2016062912, 03, STRT,  12, 193N,  841E,   0,    0,   ,   0,    ,    0,    0,    0,    0, 
IO, 94, 2016062912, 03, STRT,  24, 200N,  833E,   0,    0,   ,   0,    ,    0,    0,    0,    0, 
IO, 94, 2016062912, 03, STRT,  36, 206N,  825E,   0,    0,   ,   0,    ,    0,    0,    0,    0, 
IO, 94, 2016062912, 03, STRT,  48, 215N,  815E,   0,    0,   ,   0,    ,    0,    0,    0,    0, 
IO, 94, 2016062912, 03, STRT,  72, 228N,  797E,   0,    0,   ,   0,    ,    0,    0,    0,    0, 
IO, 94, 2016062912, 03, XTRP,  12, 196N,  840E,  30,    0,   ,   0,    ,    0,    0,    0,    0, 
IO, 94, 2016062912, 03, XTRP,  24, 205N,  830E,  35,    0,   ,   0,    ,    0,    0,    0,    0, 
IO, 94, 2016062912, 03, XTRP,  36, 214N,  819E,  40,    0,   ,   0,    ,    0,    0,    0,    0, 
IO, 94, 2016062912, 03, XTRP,  48, 223N,  809E,  45,    0,   ,   0,    ,    0,    0,    0,    0, 
IO, 94, 2016062912, 03, XTRP,  60, 232N,  799E,  50,    0,   ,   0,    ,    0,    0,    0,    0, 
IO, 94, 2016062912, 03, XTRP,  72, 241N,  788E,  55,    0,   ,   0,    ,    0,    0,    0,    0, 
IO, 94, 2016062912, 03, XTRP,  84, 249N,  778E,  60,    0,   ,   0,    ,    0,    0,    0,    0, 
IO, 94, 2016062912, 03, XTRP,  96, 258N,  767E,  65,    0,   ,   0,    ,    0,    0,    0,    0, 
IO, 94, 2016062912, 03, XTRP, 108, 267N,  757E,  70,    0,   ,   0,    ,    0,    0,    0,    0, 
IO, 94, 2016062912, 03, XTRP, 120, 276N,  746E,  75,    0,   ,   0,    ,    0,    0,    0,    0, 
IO, 94, 2016062912, 71, JNVG,   0, 194N,  832E,  25,    0,   ,  34, NEQ,    0,    0,    0,    0, 
IO, 94, 2016062912, 71, JNVG,  12, 180N,  845E,  30,    0,   ,  34, NEQ,    0,    0,    0,    0, 
IO, 94, 2016062912, 71, JNVG,  24, 196N,  816E,  30,    0,   ,  34, NEQ,    0,    0,    0,    0, 
IO, 94, 2016062912, 71, JNVG,  36, 189N,  814E,  35,    0,   ,  34, NEQ,    0,    0,    0,    0, 
IO, 94, 2016062912, 71, JNVG,  48, 187N,  863E,  30,    0,   ,  34, NEQ,    0,    0,    0,    0, 
IO, 94, 2016062912, 71, JNVG,  60, 201N,  875E,  30,    0,   ,  34, NEQ,    0,    0,    0,    0, 
IO, 94, 2016062912, 71, JNVG,  72, 192N,  858E,  30,    0,   ,  34, NEQ,    0,    0,    0,    0, 
IO, 94, 2016062912, 71, JNVG,  84, 189N,  857E,  30,    0,   ,  34, NEQ,    0,    0,    0,    0, 
IO, 94, 2016062912, 71, JNVG,  96, 201N,  862E,  30,    0,   ,  34, NEQ,    0,    0,    0,    0, 
IO, 94, 2016062912, 71, JNVG, 108, 226N,  882E,  30,    0,   ,  34, NEQ,    0,    0,    0,    0, 
IO, 94, 2016062912, 71, JNVG, 120, 228N,  888E,  30,    0,   ,  34, NEQ,    0,    0,    0,    0, 
IO, 94, 2016062912, 72, JAVN,   0, 187N,  843E,  25,    0,   ,  34, NEQ,    0,    0,    0,    0, 
IO, 94, 2016062912, 72, JAVN,  12, 170N,  834E,  30,    0,   ,  34, NEQ,    0,    0,    0,    0, 
IO, 94, 2016062912, 72, JAVN,  24, 168N,  829E,  30,    0,   ,  34, NEQ,    0,    0,    0,    0, 
IO, 94, 2016062912, 72, JAVN,  36, 169N,  833E,  30,    0,   ,  34, NEQ,    0,    0,    0,    0, 
IO, 94, 2016062912, 72, JAVN,  48, 168N,  831E,  25,    0,   ,  34, NEQ,    0,    0,    0,    0, 
IO, 94, 2016062912, 72, JAVN,  60, 169N,  832E,  25,    0,   ,  34, NEQ,    0,    0,    0,    0, 
IO, 94, 2016062912, 72, JAVN,  72, 170N,  838E,  25,    0,   ,  34, NEQ,    0,    0,    0,    0, 
IO, 94, 2016062912, 72, JAVN,  84, 170N,  832E,  25,    0,   ,  34, NEQ,    0,    0,    0,    0, 
IO, 94, 2016062918, 01, CARQ, -24, 175N,  864E,  20,    0,   ,   0,    ,    0,    0,    0,    0, 
IO, 94, 2016062918, 01, CARQ, -18, 178N,  860E,  20,    0,   ,   0,    ,    0,    0,    0,    0, 
IO, 94, 2016062918, 01, CARQ, -12, 182N,  855E,  25,    0,   ,   0,    ,    0,    0,    0,    0, 
IO, 94, 2016062918, 01, CARQ,  -6, 187N,  850E,  25,    0,   ,   0,    ,    0,    0,    0,    0, 
IO, 94, 2016062918, 01, CARQ,   0, 191N,  845E,  20,    0,   ,   0,    ,    0,    0,    0,    0, 
IO, 94, 2016062918, 03, CLIM,  12, 198N,  832E,   0,    0,   ,   0,    ,    0,    0,    0,    0, 
IO, 94, 2016062918, 03, CLIM,  24, 205N,  819E,   0,    0,   ,   0,    ,    0,    0,    0,    0, 
IO, 94, 2016062918, 03, CLIM,  36, 214N,  806E,   0,    0,   ,   0,    ,    0,    0,    0,    0, 
IO, 94, 2016062918, 03, CLIM,  48, 220N,  797E,   0,    0,   ,   0,    ,    0,    0,    0,    0, 
IO, 94, 2016062918, 03, CLIM,  72, 237N,  772E,   0,    0,   ,   0,    ,    0,    0,    0,    0, 
IO, 94, 2016062918, 03, CLIP,  12, 200N,  836E,   0,    0,   ,   0,    ,    0,    0,    0,    0, 
IO, 94, 2016062918, 03, CLIP,  24, 209N,  827E,   0,    0,   ,   0,    ,    0,    0,    0,    0, 
IO, 94, 2016062918, 03, CLIP,  36, 217N,  819E,   0,    0,   ,   0,    ,    0,    0,    0,    0, 
IO, 94, 2016062918, 03, CLIP,  48, 224N,  812E,   0,    0,   ,   0,    ,    0,    0,    0,    0, 
IO, 94, 2016062918, 03, CLIP,  72, 236N,  803E,   0,    0,   ,   0,    ,    0,    0,    0,    0, 
IO, 94, 2016062918, 03, CONW,   0, 191N,  845E,  20,    0,   ,   0,    ,    0,    0,    0,    0, 
IO, 94, 2016062918, 03, CONW,  12, 186N,  838E,  23,    0,   ,   0,    ,    0,    0,    0,    0, 
IO, 94, 2016062918, 03, CONW,  24, 187N,  833E,  24,    0,   ,   0,    ,    0,    0,    0,    0, 
IO, 94, 2016062918, 03, CONW,  36, 186N,  843E,  23,    0,   ,   0,    ,    0,    0,    0,    0, 
IO, 94, 2016062918, 03, CONW,  48, 188N,  856E,  21,    0,   ,   0,    ,    0,    0,    0,    0, 
IO, 94, 2016062918, 03, CONW,  60, 190N,  858E,  20,    0,   ,   0,    ,    0,    0,    0,    0, 
IO, 94, 2016062918, 03, CONW,  72, 188N,  854E,  20,    0,   ,   0,    ,    0,    0,    0,    0, 
IO, 94, 2016062918, 03, CONW,  84, 191N,  855E,  20,    0,   ,   0,    ,    0,    0,    0,    0, 
IO, 94, 2016062918, 03, FBAM,  12, 200N,  825E,   0,    0,   ,   0,    ,    0,    0,    0,    0, 
IO, 94, 2016062918, 03, FBAM,  24, 208N,  793E,   0,    0,   ,   0,    ,    0,    0,    0,    0, 
IO, 94, 2016062918, 03, FBAM,  36, 212N,  765E,   0,    0,   ,   0,    ,    0,    0,    0,    0, 
IO, 94, 2016062918, 03, FBAM,  48, 215N,  742E,   0,    0,   ,   0,    ,    0,    0,    0,    0, 
IO, 94, 2016062918, 03, FBAM,  72, 217N,  705E,   0,    0,   ,   0,    ,    0,    0,    0,    0, 
IO, 94, 2016062918, 03, HPAC,  12, 199N,  833E,   0,    0,   ,   0,    ,    0,    0,    0,    0, 
IO, 94, 2016062918, 03, HPAC,  24, 207N,  822E,   0,    0,   ,   0,    ,    0,    0,    0,    0, 
IO, 94, 2016062918, 03, HPAC,  36, 216N,  811E,   0,    0,   ,   0,    ,    0,    0,    0,    0, 
IO, 94, 2016062918, 03, HPAC,  48, 224N,  800E,   0,    0,   ,   0,    ,    0,    0,    0,    0, 
IO, 94, 2016062918, 03, HPAC,  72, 241N,  778E,   0,    0,   ,   0,    ,    0,    0,    0,    0, 
IO, 94, 2016062918, 03, JAVI,   0, 191N,  845E,  20,    0,   ,  34, NEQ,    0,    0,    0,    0, 
IO, 94, 2016062918, 03, JAVI,  12, 182N,  838E,  22,    0,   ,  34, NEQ,    0,    0,    0,    0, 
IO, 94, 2016062918, 03, JAVI,  24, 180N,  837E,  22,    0,   ,  34, NEQ,    0,    0,    0,    0, 
IO, 94, 2016062918, 03, JAVI,  36, 180N,  838E,  20,    0,   ,  34, NEQ,    0,    0,    0,    0, 
IO, 94, 2016062918, 03, JAVI,  48, 180N,  838E,  18,    0,   ,  34, NEQ,    0,    0,    0,    0, 
IO, 94, 2016062918, 03, JAVI,  60, 181N,  841E,  17,    0,   ,  34, NEQ,    0,    0,    0,    0, 
IO, 94, 2016062918, 03, JAVI,  72, 182N,  841E,  17,    0,   ,  34, NEQ,    0,    0,    0,    0, 
IO, 94, 2016062918, 03, JAVI,  84, 182N,  840E,  17,    0,   ,  34, NEQ,    0,    0,    0,    0, 
IO, 94, 2016062918, 03, JNVI,   0, 191N,  845E,  20,    0,   ,  34, NEQ,    0,    0,    0,    0, 
IO, 94, 2016062918, 03, JNVI,  12, 191N,  838E,  22,    0,   ,  34, NEQ,    0,    0,    0,    0, 
IO, 94, 2016062918, 03, JNVI,  24, 194N,  828E,  24,    0,   ,  34, NEQ,    0,    0,    0,    0, 
IO, 94, 2016062918, 03, JNVI,  36, 192N,  848E,  24,    0,   ,  34, NEQ,    0,    0,    0,    0, 
IO, 94, 2016062918, 03, JNVI,  48, 196N,  874E,  23,    0,   ,  34, NEQ,    0,    0,    0,    0, 
IO, 94, 2016062918, 03, JNVI,  60, 198N,  875E,  22,    0,   ,  34, NEQ,    0,    0,    0,    0, 
IO, 94, 2016062918, 03, JNVI,  72, 194N,  867E,  22,    0,   ,  34, NEQ,    0,    0,    0,    0, 
IO, 94, 2016062918, 03, JNVI,  84, 199N,  869E,  22,    0,   ,  34, NEQ,    0,    0,    0,    0, 
IO, 94, 2016062918, 03, JNVI,  96, 215N,  881E,  22,    0,   ,  34, NEQ,    0,    0,    0,    0, 
IO, 94, 2016062918, 03, JNVI, 108, 228N,  893E,  22,    0,   ,  34, NEQ,    0,    0,    0,    0, 
IO, 94, 2016062918, 03, JNVI, 120, 241N,  905E,  22,    0,   ,  34, NEQ,    0,    0,    0,    0, 
IO, 94, 2016062918, 03, MBAM,  12, 201N,  833E,   0,    0,   ,   0,    ,    0,    0,    0,    0, 
IO, 94, 2016062918, 03, MBAM,  24, 210N,  818E,   0,    0,   ,   0,    ,    0,    0,    0,    0, 
IO, 94, 2016062918, 03, MBAM,  36, 215N,  806E,   0,    0,   ,   0,    ,    0,    0,    0,    0, 
IO, 94, 2016062918, 03, MBAM,  48, 216N,  798E,   0,    0,   ,   0,    ,    0,    0,    0,    0, 
IO, 94, 2016062918, 03, MBAM,  72, 211N,  798E,   0,    0,   ,   0,    ,    0,    0,    0,    0, 
IO, 94, 2016062918, 03, RECR,  12, 198N,  838E,   0,    0,   ,   0,    ,    0,    0,    0,    0, 
IO, 94, 2016062918, 03, RECR,  24, 205N,  831E,   0,    0,   ,   0,    ,    0,    0,    0,    0, 
IO, 94, 2016062918, 03, RECR,  36, 210N,  822E,   0,    0,   ,   0,    ,    0,    0,    0,    0, 
IO, 94, 2016062918, 03, RECR,  48, 214N,  813E,   0,    0,   ,   0,    ,    0,    0,    0,    0, 
IO, 94, 2016062918, 03, RECR,  72, 224N,  802E,   0,    0,   ,   0,    ,    0,    0,    0,    0, 
IO, 94, 2016062918, 03, SBAM,  12, 201N,  833E,   0,    0,   ,   0,    ,    0,    0,    0,    0, 
IO, 94, 2016062918, 03, SBAM,  24, 210N,  819E,   0,    0,   ,   0,    ,    0,    0,    0,    0, 
IO, 94, 2016062918, 03, SBAM,  36, 216N,  807E,   0,    0,   ,   0,    ,    0,    0,    0,    0, 
IO, 94, 2016062918, 03, SBAM,  48, 219N,  798E,   0,    0,   ,   0,    ,    0,    0,    0,    0, 
IO, 94, 2016062918, 03, SBAM,  72, 218N,  791E,   0,    0,   ,   0,    ,    0,    0,    0,    0, 
IO, 94, 2016062918, 03, ST5D,  12,   0N,    0E,  19,    0,   ,   0,    ,    0,    0,    0,    0, 
IO, 94, 2016062918, 03, ST5D,  24,   0N,    0E,  19,    0,   ,   0,    ,    0,    0,    0,    0, 
IO, 94, 2016062918, 03, ST5D,  36,   0N,    0E,  20,    0,   ,   0,    ,    0,    0,    0,    0, 
IO, 94, 2016062918, 03, ST5D,  48,   0N,    0E,  24,    0,   ,   0,    ,    0,    0,    0,    0, 
IO, 94, 2016062918, 03, ST5D,  60,   0N,    0E,  26,    0,   ,   0,    ,    0,    0,    0,    0, 
IO, 94, 2016062918, 03, ST5D,  72,   0N,    0E,  29,    0,   ,   0,    ,    0,    0,    0,    0, 
IO, 94, 2016062918, 03, ST5D,  84,   0N,    0E,  45,    0,   ,   0,    ,    0,    0,    0,    0, 
IO, 94, 2016062918, 03, ST5D,  96,   0N,    0E,  51,    0,   ,   0,    ,    0,    0,    0,    0, 
IO, 94, 2016062918, 03, ST5D, 108,   0N,    0E,  34,    0,   ,   0,    ,    0,    0,    0,    0, 
IO, 94, 2016062918, 03, ST5D, 120,   0N,    0E,  59,    0,   ,   0,    ,    0,    0,    0,    0, 
IO, 94, 2016062918, 03, STRT,  12, 199N,  838E,   0,    0,   ,   0,    ,    0,    0,    0,    0, 
IO, 94, 2016062918, 03, STRT,  24, 204N,  827E,   0,    0,   ,   0,    ,    0,    0,    0,    0, 
IO, 94, 2016062918, 03, STRT,  36, 214N,  816E,   0,    0,   ,   0,    ,    0,    0,    0,    0, 
IO, 94, 2016062918, 03, STRT,  48, 224N,  807E,   0,    0,   ,   0,    ,    0,    0,    0,    0, 
IO, 94, 2016062918, 03, STRT,  72, 239N,  796E,   0,    0,   ,   0,    ,    0,    0,    0,    0, 
IO, 94, 2016062918, 03, XTRP,  12, 200N,  835E,  15,    0,   ,   0,    ,    0,    0,    0,    0, 
IO, 94, 2016062918, 03, XTRP,  24, 209N,  825E,  10,    0,   ,   0,    ,    0,    0,    0,    0, 
IO, 94, 2016062918, 03, XTRP,  36, 218N,  815E,   5,    0,   ,   0,    ,    0,    0,    0,    0, 
IO, 94, 2016062918, 03, XTRP,  48, 227N,  805E,   0,    0,   ,   0,    ,    0,    0,    0,    0, 
IO, 94, 2016062918, 03, XTRP,  60, 236N,  795E,   0,    0,   ,   0,    ,    0,    0,    0,    0, 
IO, 94, 2016062918, 03, XTRP,  72, 245N,  784E,   0,    0,   ,   0,    ,    0,    0,    0,    0, 
IO, 94, 2016062918, 03, XTRP,  84, 255N,  774E,   0,    0,   ,   0,    ,    0,    0,    0,    0, 
IO, 94, 2016062918, 03, XTRP,  96, 264N,  763E,   0,    0,   ,   0,    ,    0,    0,    0,    0, 
IO, 94, 2016062918, 03, XTRP, 108, 273N,  753E,   0,    0,   ,   0,    ,    0,    0,    0,    0, 
IO, 94, 2016062918, 03, XTRP, 120, 282N,  742E,   0,    0,   ,   0,    ,    0,    0,    0,    0, 
