SH, 93, 2016042412, 74, JJGS,   0, 105S,  736E,  15,    0,   ,  34, NEQ,    0,    0,    0,    0, 
SH, 93, 2016042412, 74, JJGS,  12, 105S,  735E,  15,    0,   ,  34, NEQ,    0,    0,    0,    0, 
SH, 93, 2016042412, 74, JJGS,  24, 113S,  734E,  10,    0,   ,  34, NEQ,    0,    0,    0,    0, 
SH, 93, 2016042412, 74, JJGS,  36, 111S,  735E,  15,    0,   ,  34, NEQ,    0,    0,    0,    0, 
SH, 93, 2016042412, 74, JJGS,  48, 115S,  727E,  20,    0,   ,  34, NEQ,    0,    0,    0,    0, 
SH, 93, 2016042412, 74, JJGS,  60, 113S,  725E,  15,    0,   ,  34, NEQ,    0,    0,    0,    0, 
SH, 93, 2016042412, 74, JJGS,  72, 106S,  724E,  20,    0,   ,  34, NEQ,    0,    0,    0,    0, 
SH, 93, 2016042412, 74, JJGS,  84, 104S,  714E,  15,    0,   ,  34, NEQ,    0,    0,    0,    0, 
SH, 93, 2016042418, 72, JAVN,   0, 105S,  747E,  15,    0,   ,  34, NEQ,    0,    0,    0,    0, 
SH, 93, 2016042418, 72, JAVN,  12, 107S,  746E,  15,    0,   ,  34, NEQ,    0,    0,    0,    0, 
SH, 93, 2016042418, 72, JAVN,  24, 115S,  750E,  20,    0,   ,  34, NEQ,    0,    0,    0,    0, 
SH, 93, 2016042418, 72, JAVN,  36, 108S,  745E,  15,    0,   ,  34, NEQ,    0,    0,    0,    0, 
SH, 93, 2016042418, 72, JAVN,  48, 115S,  757E,  20,    0,   ,  34, NEQ,    0,    0,    0,    0, 
SH, 93, 2016042418, 72, JAVN,  60, 126S,  756E,  20,    0,   ,  34, NEQ,    0,    0,    0,    0, 
SH, 93, 2016042418, 72, JAVN,  72, 135S,  755E,  20,    0,   ,  34, NEQ,    0,    0,    0,    0, 
SH, 93, 2016042418, 72, JAVN,  84, 135S,  742E,  15,    0,   ,  34, NEQ,    0,    0,    0,    0, 
SH, 93, 2016042418, 72, JAVN,  96, 135S,  733E,  20,    0,   ,  34, NEQ,    0,    0,    0,    0, 
SH, 93, 2016042418, 72, JAVN, 108, 125S,  703E,  20,    0,   ,  34, NEQ,    0,    0,    0,    0, 
SH, 93, 2016042418, 72, JAVN, 120, 125S,  692E,  20,    0,   ,  34, NEQ,    0,    0,    0,    0, 
SH, 93, 2016042500, 71, JNVG,   0, 102S,  735E,  15,    0,   ,  34, NEQ,    0,    0,    0,    0, 
SH, 93, 2016042500, 72, JAVN,   0, 105S,  745E,  15,    0,   ,  34, NEQ,    0,    0,    0,    0, 
SH, 93, 2016042500, 72, JAVN,  12, 115S,  751E,  15,    0,   ,  34, NEQ,    0,    0,    0,    0, 
SH, 93, 2016042500, 72, JAVN,  24, 106S,  754E,  15,    0,   ,  34, NEQ,    0,    0,    0,    0, 
SH, 93, 2016042500, 72, JAVN,  36, 116S,  763E,  20,    0,   ,  34, NEQ,    0,    0,    0,    0, 
SH, 93, 2016042500, 72, JAVN,  48, 120S,  765E,  20,    0,   ,  34, NEQ,    0,    0,    0,    0, 
SH, 93, 2016042500, 72, JAVN,  60, 135S,  759E,  20,    0,   ,  34, NEQ,    0,    0,    0,    0, 
SH, 93, 2016042500, 72, JAVN,  72, 135S,  751E,  20,    0,   ,  34, NEQ,    0,    0,    0,    0, 
SH, 93, 2016042500, 72, JAVN,  84, 135S,  749E,  20,    0,   ,  34, NEQ,    0,    0,    0,    0, 
SH, 93, 2016042500, 72, JAVN,  96, 135S,  718E,  20,    0,   ,  34, NEQ,    0,    0,    0,    0, 
SH, 93, 2016042500, 72, JAVN, 108, 135S,  716E,  20,    0,   ,  34, NEQ,    0,    0,    0,    0, 
SH, 93, 2016042500, 72, JAVN, 120, 125S,  682E,  20,    0,   ,  34, NEQ,    0,    0,    0,    0, 
SH, 93, 2016042500, 74, JJGS,   0, 105S,  736E,  15,    0,   ,  34, NEQ,    0,    0,    0,    0, 
SH, 93, 2016042500, 74, JJGS,  12, 115S,  738E,  15,    0,   ,  34, NEQ,    0,    0,    0,    0, 
SH, 93, 2016042500, 74, JJGS,  24, 115S,  740E,  15,    0,   ,  34, NEQ,    0,    0,    0,    0, 
SH, 93, 2016042500, 74, JJGS,  36, 115S,  735E,  20,    0,   ,  34, NEQ,    0,    0,    0,    0, 
SH, 93, 2016042500, 74, JJGS,  48, 115S,  733E,  20,    0,   ,  34, NEQ,    0,    0,    0,    0, 
SH, 93, 2016042500, 74, JJGS,  60, 115S,  727E,  20,    0,   ,  34, NEQ,    0,    0,    0,    0, 
SH, 93, 2016042500, 74, JJGS,  72, 115S,  724E,  20,    0,   ,  34, NEQ,    0,    0,    0,    0, 
SH, 93, 2016042500, 74, JJGS,  84, 112S,  725E,  20,    0,   ,  34, NEQ,    0,    0,    0,    0, 
SH, 93, 2016042506, 01, CARQ, -24,  98S,  748E,  15,    0,   ,   0,    ,    0,    0,    0,    0, 
SH, 93, 2016042506, 01, CARQ, -18, 102S,  749E,  15,    0,   ,   0,    ,    0,    0,    0,    0, 
SH, 93, 2016042506, 01, CARQ, -12, 105S,  750E,  15,    0,   ,   0,    ,    0,    0,    0,    0, 
SH, 93, 2016042506, 01, CARQ,  -6, 110S,  752E,  15,    0,   ,   0,    ,    0,    0,    0,    0, 
SH, 93, 2016042506, 01, CARQ,   0, 117S,  755E,  15,    0,   ,   0,    ,    0,    0,    0,    0, 
SH, 93, 2016042506, 03, CLIM,  12, 121S,  750E,   0,    0,   ,   0,    ,    0,    0,    0,    0, 
SH, 93, 2016042506, 03, CLIM,  24, 127S,  744E,   0,    0,   ,   0,    ,    0,    0,    0,    0, 
SH, 93, 2016042506, 03, CLIM,  36, 137S,  739E,   0,    0,   ,   0,    ,    0,    0,    0,    0, 
SH, 93, 2016042506, 03, CLIM,  48, 146S,  736E,   0,    0,   ,   0,    ,    0,    0,    0,    0, 
SH, 93, 2016042506, 03, CLIM,  72, 173S,  703E,   0,    0,   ,   0,    ,    0,    0,    0,    0, 
SH, 93, 2016042506, 03, CLIP,  12, 128S,  758E,   0,    0,   ,   0,    ,    0,    0,    0,    0, 
SH, 93, 2016042506, 03, CLIP,  24, 139S,  760E,   0,    0,   ,   0,    ,    0,    0,    0,    0, 
SH, 93, 2016042506, 03, CLIP,  36, 150S,  761E,   0,    0,   ,   0,    ,    0,    0,    0,    0, 
SH, 93, 2016042506, 03, CLIP,  48, 162S,  761E,   0,    0,   ,   0,    ,    0,    0,    0,    0, 
SH, 93, 2016042506, 03, CLIP,  72, 185S,  765E,   0,    0,   ,   0,    ,    0,    0,    0,    0, 
SH, 93, 2016042506, 03, CLSI,  12, 127S,  761E,   0,    0,   ,   0,    ,    0,    0,    0,    0, 
SH, 93, 2016042506, 03, CLSI,  24, 135S,  767E,   0,    0,   ,   0,    ,    0,    0,    0,    0, 
SH, 93, 2016042506, 03, CLSI,  36, 143S,  773E,   0,    0,   ,   0,    ,    0,    0,    0,    0, 
SH, 93, 2016042506, 03, CLSI,  48, 150S,  780E,   0,    0,   ,   0,    ,    0,    0,    0,    0, 
SH, 93, 2016042506, 03, CLSI,  72, 154S,  782E,   0,    0,   ,   0,    ,    0,    0,    0,    0, 
SH, 93, 2016042506, 03, FBAM,  12, 130S,  758E,   0,    0,   ,   0,    ,    0,    0,    0,    0, 
SH, 93, 2016042506, 03, FBAM,  24, 144S,  758E,   0,    0,   ,   0,    ,    0,    0,    0,    0, 
SH, 93, 2016042506, 03, FBAM,  36, 154S,  760E,   0,    0,   ,   0,    ,    0,    0,    0,    0, 
SH, 93, 2016042506, 03, FBAM,  48, 163S,  765E,   0,    0,   ,   0,    ,    0,    0,    0,    0, 
SH, 93, 2016042506, 03, FBAM,  72, 177S,  781E,   0,    0,   ,   0,    ,    0,    0,    0,    0, 
SH, 93, 2016042506, 03, HPAC,  12, 125S,  755E,   0,    0,   ,   0,    ,    0,    0,    0,    0, 
SH, 93, 2016042506, 03, HPAC,  24, 134S,  755E,   0,    0,   ,   0,    ,    0,    0,    0,    0, 
SH, 93, 2016042506, 03, HPAC,  36, 145S,  755E,   0,    0,   ,   0,    ,    0,    0,    0,    0, 
SH, 93, 2016042506, 03, HPAC,  48, 155S,  756E,   0,    0,   ,   0,    ,    0,    0,    0,    0, 
SH, 93, 2016042506, 03, HPAC,  72, 181S,  744E,   0,    0,   ,   0,    ,    0,    0,    0,    0, 
SH, 93, 2016042506, 03, MBAM,  12, 130S,  756E,   0,    0,   ,   0,    ,    0,    0,    0,    0, 
SH, 93, 2016042506, 03, MBAM,  24, 140S,  750E,   0,    0,   ,   0,    ,    0,    0,    0,    0, 
SH, 93, 2016042506, 03, MBAM,  36, 147S,  744E,   0,    0,   ,   0,    ,    0,    0,    0,    0, 
SH, 93, 2016042506, 03, MBAM,  48, 149S,  739E,   0,    0,   ,   0,    ,    0,    0,    0,    0, 
SH, 93, 2016042506, 03, MBAM,  72, 152S,  732E,   0,    0,   ,   0,    ,    0,    0,    0,    0, 
SH, 93, 2016042506, 03, RECR,  12, 124S,  759E,   0,    0,   ,   0,    ,    0,    0,    0,    0, 
SH, 93, 2016042506, 03, RECR,  24, 131S,  762E,   0,    0,   ,   0,    ,    0,    0,    0,    0, 
SH, 93, 2016042506, 03, RECR,  36, 138S,  766E,   0,    0,   ,   0,    ,    0,    0,    0,    0, 
SH, 93, 2016042506, 03, RECR,  48, 145S,  770E,   0,    0,   ,   0,    ,    0,    0,    0,    0, 
SH, 93, 2016042506, 03, RECR,  72, 170S,  777E,   0,    0,   ,   0,    ,    0,    0,    0,    0, 
SH, 93, 2016042506, 03, SBAM,  12, 129S,  754E,   0,    0,   ,   0,    ,    0,    0,    0,    0, 
SH, 93, 2016042506, 03, SBAM,  24, 138S,  745E,   0,    0,   ,   0,    ,    0,    0,    0,    0, 
SH, 93, 2016042506, 03, SBAM,  36, 143S,  737E,   0,    0,   ,   0,    ,    0,    0,    0,    0, 
SH, 93, 2016042506, 03, SBAM,  48, 144S,  728E,   0,    0,   ,   0,    ,    0,    0,    0,    0, 
SH, 93, 2016042506, 03, SBAM,  72, 146S,  713E,   0,    0,   ,   0,    ,    0,    0,    0,    0, 
SH, 93, 2016042506, 03, ST5D,  12,   0N,    0E,  18,    0,   ,   0,    ,    0,    0,    0,    0, 
SH, 93, 2016042506, 03, ST5D,  24,   0N,    0E,  22,    0,   ,   0,    ,    0,    0,    0,    0, 
SH, 93, 2016042506, 03, ST5D,  36,   0N,    0E,  27,    0,   ,   0,    ,    0,    0,    0,    0, 
SH, 93, 2016042506, 03, ST5D,  48,   0N,    0E,  30,    0,   ,   0,    ,    0,    0,    0,    0, 
SH, 93, 2016042506, 03, ST5D,  60,   0N,    0E,  33,    0,   ,   0,    ,    0,    0,    0,    0, 
SH, 93, 2016042506, 03, ST5D,  72,   0N,    0E,  37,    0,   ,   0,    ,    0,    0,    0,    0, 
SH, 93, 2016042506, 03, ST5D,  84,   0N,    0E,  40,    0,   ,   0,    ,    0,    0,    0,    0, 
SH, 93, 2016042506, 03, ST5D,  96,   0N,    0E,  43,    0,   ,   0,    ,    0,    0,    0,    0, 
SH, 93, 2016042506, 03, ST5D, 108,   0N,    0E,  48,    0,   ,   0,    ,    0,    0,    0,    0, 
SH, 93, 2016042506, 03, ST5D, 120,   0N,    0E,  49,    0,   ,   0,    ,    0,    0,    0,    0, 
SH, 93, 2016042506, 03, STRT,  12, 130S,  743E,   0,    0,   ,   0,    ,    0,    0,    0,    0, 
SH, 93, 2016042506, 03, STRT,  24, 143S,  731E,   0,    0,   ,   0,    ,    0,    0,    0,    0, 
SH, 93, 2016042506, 03, STRT,  36, 156S,  719E,   0,    0,   ,   0,    ,    0,    0,    0,    0, 
SH, 93, 2016042506, 03, STRT,  48, 169S,  707E,   0,    0,   ,   0,    ,    0,    0,    0,    0, 
SH, 93, 2016042506, 03, STRT,  72, 195S,  683E,   0,    0,   ,   0,    ,    0,    0,    0,    0, 
SH, 93, 2016042506, 03, XTRP,  12, 127S,  760E,  15,    0,   ,   0,    ,    0,    0,    0,    0, 
SH, 93, 2016042506, 03, XTRP,  24, 139S,  765E,  15,    0,   ,   0,    ,    0,    0,    0,    0, 
SH, 93, 2016042506, 03, XTRP,  36, 151S,  770E,  15,    0,   ,   0,    ,    0,    0,    0,    0, 
SH, 93, 2016042506, 03, XTRP,  48, 163S,  775E,  15,    0,   ,   0,    ,    0,    0,    0,    0, 
SH, 93, 2016042506, 03, XTRP,  60, 175S,  780E,  15,    0,   ,   0,    ,    0,    0,    0,    0, 
SH, 93, 2016042506, 03, XTRP,  72, 187S,  785E,  15,    0,   ,   0,    ,    0,    0,    0,    0, 
SH, 93, 2016042506, 03, XTRP,  84, 199S,  790E,  15,    0,   ,   0,    ,    0,    0,    0,    0, 
SH, 93, 2016042506, 03, XTRP,  96, 211S,  796E,  15,    0,   ,   0,    ,    0,    0,    0,    0, 
SH, 93, 2016042506, 03, XTRP, 108, 223S,  801E,  15,    0,   ,   0,    ,    0,    0,    0,    0, 
SH, 93, 2016042506, 03, XTRP, 120, 235S,  806E,  15,    0,   ,   0,    ,    0,    0,    0,    0, 
SH, 93, 2016042506, 71, JNVG,   0,  97S,  725E,  15,    0,   ,  34, NEQ,    0,    0,    0,    0, 
SH, 93, 2016042506, 71, JNVG,  12, 115S,  727E,  15,    0,   ,  34, NEQ,    0,    0,    0,    0, 
SH, 93, 2016042506, 71, JNVG,  24, 106S,  724E,  15,    0,   ,  34, NEQ,    0,    0,    0,    0, 
SH, 93, 2016042506, 72, JAVN,   0, 107S,  734E,  15,    0,   ,  34, NEQ,    0,    0,    0,    0, 
SH, 93, 2016042506, 72, JAVN,  12, 115S,  762E,  20,    0,   ,  34, NEQ,    0,    0,    0,    0, 
SH, 93, 2016042506, 72, JAVN,  24, 116S,  754E,  20,    0,   ,  34, NEQ,    0,    0,    0,    0, 
SH, 93, 2016042506, 72, JAVN,  36, 118S,  765E,  20,    0,   ,  34, NEQ,    0,    0,    0,    0, 
SH, 93, 2016042506, 72, JAVN,  48, 126S,  755E,  20,    0,   ,  34, NEQ,    0,    0,    0,    0, 
SH, 93, 2016042506, 72, JAVN,  60, 135S,  755E,  20,    0,   ,  34, NEQ,    0,    0,    0,    0, 
SH, 93, 2016042506, 72, JAVN,  72, 136S,  727E,  15,    0,   ,  34, NEQ,    0,    0,    0,    0, 
SH, 93, 2016042506, 72, JAVN,  84, 135S,  715E,  15,    0,   ,  34, NEQ,    0,    0,    0,    0, 
SH, 93, 2016042506, 72, JAVN,  96, 127S,  684E,  20,    0,   ,  34, NEQ,    0,    0,    0,    0, 
SH, 93, 2016042506, 72, JAVN, 108, 121S,  675E,  20,    0,   ,  34, NEQ,    0,    0,    0,    0, 
SH, 93, 2016042506, 72, JAVN, 120, 125S,  635E,  20,    0,   ,  34, NEQ,    0,    0,    0,    0, 
SH, 93, 2016042512, 01, CARQ, -24, 102S,  749E,  15,    0,   ,   0,    ,    0,    0,    0,    0, 
SH, 93, 2016042512, 01, CARQ, -18, 105S,  750E,  15,    0,   ,   0,    ,    0,    0,    0,    0, 
SH, 93, 2016042512, 01, CARQ, -12, 110S,  752E,  15,    0,   ,   0,    ,    0,    0,    0,    0, 
SH, 93, 2016042512, 01, CARQ,  -6, 117S,  755E,  15,    0,   ,   0,    ,    0,    0,    0,    0, 
SH, 93, 2016042512, 01, CARQ,   0, 124S,  762E,  15,    0,   ,   0,    ,    0,    0,    0,    0, 
SH, 93, 2016042512, 03, CLIM,  12, 128S,  752E,   0,    0,   ,   0,    ,    0,    0,    0,    0, 
SH, 93, 2016042512, 03, CLIM,  24, 134S,  744E,   0,    0,   ,   0,    ,    0,    0,    0,    0, 
SH, 93, 2016042512, 03, CLIM,  36, 147S,  736E,   0,    0,   ,   0,    ,    0,    0,    0,    0, 
SH, 93, 2016042512, 03, CLIM,  48, 157S,  730E,   0,    0,   ,   0,    ,    0,    0,    0,    0, 
SH, 93, 2016042512, 03, CLIM,  72, 182S,  703E,   0,    0,   ,   0,    ,    0,    0,    0,    0, 
SH, 93, 2016042512, 03, CLIP,  12, 136S,  770E,   0,    0,   ,   0,    ,    0,    0,    0,    0, 
SH, 93, 2016042512, 03, CLIP,  24, 148S,  775E,   0,    0,   ,   0,    ,    0,    0,    0,    0, 
SH, 93, 2016042512, 03, CLIP,  36, 159S,  779E,   0,    0,   ,   0,    ,    0,    0,    0,    0, 
SH, 93, 2016042512, 03, CLIP,  48, 171S,  782E,   0,    0,   ,   0,    ,    0,    0,    0,    0, 
SH, 93, 2016042512, 03, CLIP,  72, 194S,  791E,   0,    0,   ,   0,    ,    0,    0,    0,    0, 
SH, 93, 2016042512, 03, CLSI,  12, 136S,  773E,   0,    0,   ,   0,    ,    0,    0,    0,    0, 
SH, 93, 2016042512, 03, CLSI,  24, 145S,  784E,   0,    0,   ,   0,    ,    0,    0,    0,    0, 
SH, 93, 2016042512, 03, CLSI,  36, 153S,  796E,   0,    0,   ,   0,    ,    0,    0,    0,    0, 
SH, 93, 2016042512, 03, CLSI,  48, 161S,  807E,   0,    0,   ,   0,    ,    0,    0,    0,    0, 
SH, 93, 2016042512, 03, CLSI,  72, 162S,  812E,   0,    0,   ,   0,    ,    0,    0,    0,    0, 
SH, 93, 2016042512, 03, FBAM,  12, 138S,  769E,   0,    0,   ,   0,    ,    0,    0,    0,    0, 
SH, 93, 2016042512, 03, FBAM,  24, 150S,  771E,   0,    0,   ,   0,    ,    0,    0,    0,    0, 
SH, 93, 2016042512, 03, FBAM,  36, 160S,  777E,   0,    0,   ,   0,    ,    0,    0,    0,    0, 
SH, 93, 2016042512, 03, FBAM,  48, 168S,  785E,   0,    0,   ,   0,    ,    0,    0,    0,    0, 
SH, 93, 2016042512, 03, FBAM,  72, 183S,  808E,   0,    0,   ,   0,    ,    0,    0,    0,    0, 
SH, 93, 2016042512, 03, HPAC,  12, 133S,  762E,   0,    0,   ,   0,    ,    0,    0,    0,    0, 
SH, 93, 2016042512, 03, HPAC,  24, 143S,  763E,   0,    0,   ,   0,    ,    0,    0,    0,    0, 
SH, 93, 2016042512, 03, HPAC,  36, 157S,  764E,   0,    0,   ,   0,    ,    0,    0,    0,    0, 
SH, 93, 2016042512, 03, HPAC,  48, 169S,  766E,   0,    0,   ,   0,    ,    0,    0,    0,    0, 
SH, 93, 2016042512, 03, HPAC,  72, 195S,  763E,   0,    0,   ,   0,    ,    0,    0,    0,    0, 
SH, 93, 2016042512, 03, JAS1,  12, 128S,  773E,  20,    0,   ,   0,    ,    0,    0,    0,    0, 
SH, 93, 2016042512, 03, JAS1,  24, 130S,  775E,  29,    0,   ,   0,    ,    0,    0,    0,    0, 
SH, 93, 2016042512, 03, JAS1,  36, 135S,  775E,  40,    0,   ,   0,    ,    0,    0,    0,    0, 
SH, 93, 2016042512, 03, JAS1,  48, 142S,  770E,  52,    0,   ,   0,    ,    0,    0,    0,    0, 
SH, 93, 2016042512, 03, JAS1,  60, 147S,  756E,  63,    0,   ,   0,    ,    0,    0,    0,    0, 
SH, 93, 2016042512, 03, JAS1,  72, 147S,  737E,  70,    0,   ,   0,    ,    0,    0,    0,    0, 
SH, 93, 2016042512, 03, JAS1,  84, 143S,  716E,  77,    0,   ,   0,    ,    0,    0,    0,    0, 
SH, 93, 2016042512, 03, JAS1,  96, 137S,  695E,  81,    0,   ,   0,    ,    0,    0,    0,    0, 
SH, 93, 2016042512, 03, JAS1, 108, 136S,  669E,  86,    0,   ,   0,    ,    0,    0,    0,    0, 
SH, 93, 2016042512, 03, JAS1, 120, 135S,  644E,  89,    0,   ,   0,    ,    0,    0,    0,    0, 
SH, 93, 2016042512, 03, JAS5,  12, 128S,  773E,  19,    0,   ,   0,    ,    0,    0,    0,    0, 
SH, 93, 2016042512, 03, JAS5,  24, 130S,  775E,  27,    0,   ,   0,    ,    0,    0,    0,    0, 
SH, 93, 2016042512, 03, JAS5,  36, 135S,  775E,  35,    0,   ,   0,    ,    0,    0,    0,    0, 
SH, 93, 2016042512, 03, JAS5,  48, 142S,  770E,  43,    0,   ,   0,    ,    0,    0,    0,    0, 
SH, 93, 2016042512, 03, JAS5,  60, 147S,  756E,  49,    0,   ,   0,    ,    0,    0,    0,    0, 
SH, 93, 2016042512, 03, JAS5,  72, 147S,  737E,  53,    0,   ,   0,    ,    0,    0,    0,    0, 
SH, 93, 2016042512, 03, JAS5,  84, 143S,  716E,  54,    0,   ,   0,    ,    0,    0,    0,    0, 
SH, 93, 2016042512, 03, JAS5,  96, 137S,  695E,  52,    0,   ,   0,    ,    0,    0,    0,    0, 
SH, 93, 2016042512, 03, JAS5, 108, 136S,  669E,  50,    0,   ,   0,    ,    0,    0,    0,    0, 
SH, 93, 2016042512, 03, JAS5, 120, 135S,  644E,  49,    0,   ,   0,    ,    0,    0,    0,    0, 
SH, 93, 2016042512, 03, JAVI,   0, 123S,  762E,  15,    0,   ,  34, NEQ,    0,    0,    0,    0, 
SH, 93, 2016042512, 03, JAVI,  12, 128S,  773E,  17,    0,   ,  34, NEQ,    0,    0,    0,    0, 
SH, 93, 2016042512, 03, JAVI,  24, 130S,  775E,  17,    0,   ,  34, NEQ,    0,    0,    0,    0, 
SH, 93, 2016042512, 03, JAVI,  36, 135S,  775E,  17,    0,   ,  34, NEQ,    0,    0,    0,    0, 
SH, 93, 2016042512, 03, JAVI,  48, 142S,  770E,  17,    0,   ,  34, NEQ,    0,    0,    0,    0, 
SH, 93, 2016042512, 03, JAVI,  60, 147S,  756E,  15,    0,   ,  34, NEQ,    0,    0,    0,    0, 
SH, 93, 2016042512, 03, JAVI,  72, 147S,  737E,  13,    0,   ,  34, NEQ,    0,    0,    0,    0, 
SH, 93, 2016042512, 03, JAVI,  84, 143S,  716E,  15,    0,   ,  34, NEQ,    0,    0,    0,    0, 
SH, 93, 2016042512, 03, JAVI,  96, 137S,  695E,  17,    0,   ,  34, NEQ,    0,    0,    0,    0, 
SH, 93, 2016042512, 03, JAVI, 108, 136S,  669E,  17,    0,   ,  34, NEQ,    0,    0,    0,    0, 
SH, 93, 2016042512, 03, JAVI, 120, 135S,  644E,  18,    0,   ,  34, NEQ,    0,    0,    0,    0, 
SH, 93, 2016042512, 03, MBAM,  12, 138S,  766E,   0,    0,   ,   0,    ,    0,    0,    0,    0, 
SH, 93, 2016042512, 03, MBAM,  24, 147S,  761E,   0,    0,   ,   0,    ,    0,    0,    0,    0, 
SH, 93, 2016042512, 03, MBAM,  36, 152S,  757E,   0,    0,   ,   0,    ,    0,    0,    0,    0, 
SH, 93, 2016042512, 03, MBAM,  48, 154S,  753E,   0,    0,   ,   0,    ,    0,    0,    0,    0, 
SH, 93, 2016042512, 03, MBAM,  72, 157S,  751E,   0,    0,   ,   0,    ,    0,    0,    0,    0, 
SH, 93, 2016042512, 03, RECR,  12, 137S,  761E,   0,    0,   ,   0,    ,    0,    0,    0,    0, 
SH, 93, 2016042512, 03, RECR,  24, 151S,  761E,   0,    0,   ,   0,    ,    0,    0,    0,    0, 
SH, 93, 2016042512, 03, RECR,  36, 164S,  760E,   0,    0,   ,   0,    ,    0,    0,    0,    0, 
SH, 93, 2016042512, 03, RECR,  48, 177S,  759E,   0,    0,   ,   0,    ,    0,    0,    0,    0, 
SH, 93, 2016042512, 03, RECR,  72, 203S,  758E,   0,    0,   ,   0,    ,    0,    0,    0,    0, 
SH, 93, 2016042512, 03, SBAM,  12, 137S,  765E,   0,    0,   ,   0,    ,    0,    0,    0,    0, 
SH, 93, 2016042512, 03, SBAM,  24, 145S,  755E,   0,    0,   ,   0,    ,    0,    0,    0,    0, 
SH, 93, 2016042512, 03, SBAM,  36, 149S,  747E,   0,    0,   ,   0,    ,    0,    0,    0,    0, 
SH, 93, 2016042512, 03, SBAM,  48, 150S,  739E,   0,    0,   ,   0,    ,    0,    0,    0,    0, 
SH, 93, 2016042512, 03, SBAM,  72, 150S,  728E,   0,    0,   ,   0,    ,    0,    0,    0,    0, 
SH, 93, 2016042512, 03, ST5D,  12,   0N,    0E,  17,    0,   ,   0,    ,    0,    0,    0,    0, 
SH, 93, 2016042512, 03, ST5D,  24,   0N,    0E,  22,    0,   ,   0,    ,    0,    0,    0,    0, 
SH, 93, 2016042512, 03, ST5D,  36,   0N,    0E,  27,    0,   ,   0,    ,    0,    0,    0,    0, 
SH, 93, 2016042512, 03, ST5D,  48,   0N,    0E,  30,    0,   ,   0,    ,    0,    0,    0,    0, 
SH, 93, 2016042512, 03, ST5D,  60,   0N,    0E,  32,    0,   ,   0,    ,    0,    0,    0,    0, 
SH, 93, 2016042512, 03, ST5D,  72,   0N,    0E,  36,    0,   ,   0,    ,    0,    0,    0,    0, 
SH, 93, 2016042512, 03, ST5D,  84,   0N,    0E,  39,    0,   ,   0,    ,    0,    0,    0,    0, 
SH, 93, 2016042512, 03, ST5D,  96,   0N,    0E,  42,    0,   ,   0,    ,    0,    0,    0,    0, 
SH, 93, 2016042512, 03, ST5D, 108,   0N,    0E,  47,    0,   ,   0,    ,    0,    0,    0,    0, 
SH, 93, 2016042512, 03, ST5D, 120,   0N,    0E,  48,    0,   ,   0,    ,    0,    0,    0,    0, 
SH, 93, 2016042512, 03, XTRP,  12, 136S,  772E,  15,    0,   ,   0,    ,    0,    0,    0,    0, 
SH, 93, 2016042512, 03, XTRP,  24, 150S,  782E,  15,    0,   ,   0,    ,    0,    0,    0,    0, 
SH, 93, 2016042512, 03, XTRP,  36, 164S,  792E,  15,    0,   ,   0,    ,    0,    0,    0,    0, 
SH, 93, 2016042512, 03, XTRP,  48, 178S,  803E,  15,    0,   ,   0,    ,    0,    0,    0,    0, 
SH, 93, 2016042512, 03, XTRP,  60, 192S,  813E,  15,    0,   ,   0,    ,    0,    0,    0,    0, 
SH, 93, 2016042512, 03, XTRP,  72, 206S,  823E,  15,    0,   ,   0,    ,    0,    0,    0,    0, 
SH, 93, 2016042512, 03, XTRP,  84, 220S,  834E,  15,    0,   ,   0,    ,    0,    0,    0,    0, 
SH, 93, 2016042512, 03, XTRP,  96, 234S,  845E,  15,    0,   ,   0,    ,    0,    0,    0,    0, 
SH, 93, 2016042512, 03, XTRP, 108, 248S,  855E,  15,    0,   ,   0,    ,    0,    0,    0,    0, 
SH, 93, 2016042512, 03, XTRP, 120, 262S,  866E,  15,    0,   ,   0,    ,    0,    0,    0,    0, 
SH, 93, 2016042512, 71, JNVG,   0, 131S,  755E,  15,    0,   ,  34, NEQ,    0,    0,    0,    0, 
SH, 93, 2016042512, 71, JNVG,  12, 133S,  746E,  20,    0,   ,  34, NEQ,    0,    0,    0,    0, 
SH, 93, 2016042512, 72, JAVN,   0, 115S,  761E,  15,    0,   ,  34, NEQ,    0,    0,    0,    0, 
SH, 93, 2016042512, 72, JAVN,  12, 114S,  756E,  15,    0,   ,  34, NEQ,    0,    0,    0,    0, 
SH, 93, 2016042512, 72, JAVN,  24, 116S,  763E,  20,    0,   ,  34, NEQ,    0,    0,    0,    0, 
SH, 93, 2016042512, 72, JAVN,  36, 123S,  756E,  20,    0,   ,  34, NEQ,    0,    0,    0,    0, 
SH, 93, 2016042512, 72, JAVN,  48, 134S,  755E,  15,    0,   ,  34, NEQ,    0,    0,    0,    0, 
SH, 93, 2016042512, 72, JAVN,  60, 135S,  733E,  15,    0,   ,  34, NEQ,    0,    0,    0,    0, 
SH, 93, 2016042512, 72, JAVN,  72, 136S,  735E,  15,    0,   ,  34, NEQ,    0,    0,    0,    0, 
SH, 93, 2016042512, 72, JAVN,  84, 135S,  696E,  15,    0,   ,  34, NEQ,    0,    0,    0,    0, 
SH, 93, 2016042512, 72, JAVN,  96, 135S,  684E,  15,    0,   ,  34, NEQ,    0,    0,    0,    0, 
SH, 93, 2016042512, 72, JAVN, 108, 116S,  644E,  20,    0,   ,  34, NEQ,    0,    0,    0,    0, 
SH, 93, 2016042512, 72, JAVN, 120, 135S,  631E,  20,    0,   ,  34, NEQ,    0,    0,    0,    0, 
SH, 93, 2016042512, 74, JJGS,   0, 114S,  745E,  15,    0,   ,  34, NEQ,    0,    0,    0,    0, 
SH, 93, 2016042512, 74, JJGS,  12, 115S,  753E,  15,    0,   ,  34, NEQ,    0,    0,    0,    0, 
SH, 93, 2016042512, 74, JJGS,  24, 115S,  749E,  15,    0,   ,  34, NEQ,    0,    0,    0,    0, 
SH, 93, 2016042512, 74, JJGS,  36, 115S,  748E,  15,    0,   ,  34, NEQ,    0,    0,    0,    0, 
SH, 93, 2016042512, 74, JJGS,  48, 115S,  745E,  15,    0,   ,  34, NEQ,    0,    0,    0,    0, 
SH, 93, 2016042512, 74, JJGS,  60, 115S,  741E,  15,    0,   ,  34, NEQ,    0,    0,    0,    0, 
SH, 93, 2016042512, 74, JJGS,  72, 116S,  747E,  15,    0,   ,  34, NEQ,    0,    0,    0,    0, 
SH, 93, 2016042512, 74, JJGS,  84, 115S,  759E,  15,    0,   ,  34, NEQ,    0,    0,    0,    0, 
SH, 93, 2016042518, 71, JNVG,   0, 123S,  737E,  15,    0,   ,  34, NEQ,    0,    0,    0,    0, 
SH, 93, 2016042518, 71, JNVG,  12, 104S,  745E,  15,    0,   ,  34, NEQ,    0,    0,    0,    0, 
SH, 93, 2016042518, 71, JNVG,  24,  95S,  728E,  15,    0,   ,  34, NEQ,    0,    0,    0,    0, 
SH, 93, 2016042518, 71, JNVG,  36, 115S,  709E,  15,    0,   ,  34, NEQ,    0,    0,    0,    0, 
SH, 93, 2016042518, 71, JNVG,  48, 122S,  695E,  20,    0,   ,  34, NEQ,    0,    0,    0,    0, 
SH, 93, 2016042518, 71, JNVG,  60, 125S,  693E,  15,    0,   ,  34, NEQ,    0,    0,    0,    0, 
SH, 93, 2016042518, 72, JAVN,   0, 115S,  768E,  15,    0,   ,  34, NEQ,    0,    0,    0,    0, 
SH, 93, 2016042518, 72, JAVN,  12, 115S,  757E,  15,    0,   ,  34, NEQ,    0,    0,    0,    0, 
SH, 93, 2016042518, 72, JAVN,  24, 125S,  760E,  15,    0,   ,  34, NEQ,    0,    0,    0,    0, 
SH, 93, 2016042518, 72, JAVN,  36, 134S,  755E,  20,    0,   ,  34, NEQ,    0,    0,    0,    0, 
SH, 93, 2016042518, 72, JAVN,  48, 135S,  748E,  15,    0,   ,  34, NEQ,    0,    0,    0,    0, 
SH, 93, 2016042518, 72, JAVN,  60, 135S,  722E,  15,    0,   ,  34, NEQ,    0,    0,    0,    0, 
SH, 93, 2016042518, 72, JAVN,  72, 135S,  725E,  15,    0,   ,  34, NEQ,    0,    0,    0,    0, 
SH, 93, 2016042518, 72, JAVN,  84, 126S,  685E,  15,    0,   ,  34, NEQ,    0,    0,    0,    0, 
SH, 93, 2016042518, 72, JAVN,  96, 115S,  654E,  20,    0,   ,  34, NEQ,    0,    0,    0,    0, 
SH, 93, 2016042518, 72, JAVN, 108, 118S,  635E,  20,    0,   ,  34, NEQ,    0,    0,    0,    0, 
SH, 93, 2016042518, 72, JAVN, 120, 125S,  628E,  20,    0,   ,  34, NEQ,    0,    0,    0,    0, 
SH, 93, 2016042600, 01, CARQ, -12, 112S,  749E,  15,    0,   ,   0,    ,    0,    0,    0,    0, 
SH, 93, 2016042600, 01, CARQ,  -6, 118S,  756E,  15,    0,   ,   0,    ,    0,    0,    0,    0, 
SH, 93, 2016042600, 01, CARQ,   0, 125S,  763E,  15,    0,   ,   0,    ,    0,    0,    0,    0, 
SH, 93, 2016042600, 03, CLIM,  12, 130S,  753E,   0,    0,   ,   0,    ,    0,    0,    0,    0, 
SH, 93, 2016042600, 03, CLIM,  24, 137S,  743E,   0,    0,   ,   0,    ,    0,    0,    0,    0, 
SH, 93, 2016042600, 03, CLIM,  36, 147S,  731E,   0,    0,   ,   0,    ,    0,    0,    0,    0, 
SH, 93, 2016042600, 03, CLIM,  48, 157S,  723E,   0,    0,   ,   0,    ,    0,    0,    0,    0, 
SH, 93, 2016042600, 03, CLIM,  72, 178S,  693E,   0,    0,   ,   0,    ,    0,    0,    0,    0, 
SH, 93, 2016042600, 03, CLIP,  12, 132S,  776E,   0,    0,   ,   0,    ,    0,    0,    0,    0, 
SH, 93, 2016042600, 03, CLIP,  24, 139S,  781E,   0,    0,   ,   0,    ,    0,    0,    0,    0, 
SH, 93, 2016042600, 03, CLIP,  36, 144S,  781E,   0,    0,   ,   0,    ,    0,    0,    0,    0, 
SH, 93, 2016042600, 03, CLIP,  48, 156S,  785E,   0,    0,   ,   0,    ,    0,    0,    0,    0, 
SH, 93, 2016042600, 03, CLIP,  72, 171S,  783E,   0,    0,   ,   0,    ,    0,    0,    0,    0, 
SH, 93, 2016042600, 03, CLSI,  12, 136S,  777E,   0,    0,   ,   0,    ,    0,    0,    0,    0, 
SH, 93, 2016042600, 03, CLSI,  24, 144S,  791E,   0,    0,   ,   0,    ,    0,    0,    0,    0, 
SH, 93, 2016042600, 03, CLSI,  36, 152S,  805E,   0,    0,   ,   0,    ,    0,    0,    0,    0, 
SH, 93, 2016042600, 03, CLSI,  48, 160S,  818E,   0,    0,   ,   0,    ,    0,    0,    0,    0, 
SH, 93, 2016042600, 03, CLSI,  72, 165S,  826E,   0,    0,   ,   0,    ,    0,    0,    0,    0, 
SH, 93, 2016042600, 03, CONW,   0, 125S,  763E,  15,    0,   ,   0,    ,    0,    0,    0,    0, 
SH, 93, 2016042600, 03, CONW,  12, 127S,  763E,  16,    0,   ,   0,    ,    0,    0,    0,    0, 
SH, 93, 2016042600, 03, CONW,  24, 129S,  760E,  17,    0,   ,   0,    ,    0,    0,    0,    0, 
SH, 93, 2016042600, 03, CONW,  36, 132S,  757E,  15,    0,   ,   0,    ,    0,    0,    0,    0, 
SH, 93, 2016042600, 03, CONW,  48, 133S,  753E,  15,    0,   ,   0,    ,    0,    0,    0,    0, 
SH, 93, 2016042600, 03, CONW,  60, 133S,  750E,  15,    0,   ,   0,    ,    0,    0,    0,    0, 
SH, 93, 2016042600, 03, CONW,  72, 133S,  746E,  15,    0,   ,   0,    ,    0,    0,    0,    0, 
SH, 93, 2016042600, 03, CONW,  84, 131S,  743E,  15,    0,   ,   0,    ,    0,    0,    0,    0, 
SH, 93, 2016042600, 03, CONW,  96, 131S,  712E,  16,    0,   ,   0,    ,    0,    0,    0,    0, 
SH, 93, 2016042600, 03, CONW, 108, 138S,  705E,  17,    0,   ,   0,    ,    0,    0,    0,    0, 
SH, 93, 2016042600, 03, CONW, 120, 144S,  699E,  16,    0,   ,   0,    ,    0,    0,    0,    0, 
SH, 93, 2016042600, 03, FBAM,  12, 139S,  773E,   0,    0,   ,   0,    ,    0,    0,    0,    0, 
SH, 93, 2016042600, 03, FBAM,  24, 151S,  778E,   0,    0,   ,   0,    ,    0,    0,    0,    0, 
SH, 93, 2016042600, 03, FBAM,  36, 162S,  786E,   0,    0,   ,   0,    ,    0,    0,    0,    0, 
SH, 93, 2016042600, 03, FBAM,  48, 170S,  797E,   0,    0,   ,   0,    ,    0,    0,    0,    0, 
SH, 93, 2016042600, 03, FBAM,  72, 183S,  818E,   0,    0,   ,   0,    ,    0,    0,    0,    0, 
SH, 93, 2016042600, 03, HPAC,  12, 134S,  765E,   0,    0,   ,   0,    ,    0,    0,    0,    0, 
SH, 93, 2016042600, 03, HPAC,  24, 144S,  767E,   0,    0,   ,   0,    ,    0,    0,    0,    0, 
SH, 93, 2016042600, 03, HPAC,  36, 156S,  768E,   0,    0,   ,   0,    ,    0,    0,    0,    0, 
SH, 93, 2016042600, 03, HPAC,  48, 167S,  772E,   0,    0,   ,   0,    ,    0,    0,    0,    0, 
SH, 93, 2016042600, 03, HPAC,  72, 191S,  771E,   0,    0,   ,   0,    ,    0,    0,    0,    0, 
SH, 93, 2016042600, 03, JAV2,   0, 124S,  763E,  15,    0,   ,  34, NEQ,    0,    0,    0,    0, 
SH, 93, 2016042600, 03, JAV2,  12, 126S,  764E,  17,    0,   ,  34, NEQ,    0,    0,    0,    0, 
SH, 93, 2016042600, 03, JAV2,  24, 133S,  762E,  17,    0,   ,  34, NEQ,    0,    0,    0,    0, 
SH, 93, 2016042600, 03, JAV2,  36, 141S,  755E,  15,    0,   ,  34, NEQ,    0,    0,    0,    0, 
SH, 93, 2016042600, 03, JAV2,  48, 144S,  742E,  13,    0,   ,  34, NEQ,    0,    0,    0,    0, 
SH, 93, 2016042600, 03, JAV2,  60, 145S,  731E,  13,    0,   ,  34, NEQ,    0,    0,    0,    0, 
SH, 93, 2016042600, 03, JAV2,  72, 144S,  706E,  13,    0,   ,  34, NEQ,    0,    0,    0,    0, 
SH, 93, 2016042600, 03, JAV2,  84, 140S,  683E,  15,    0,   ,  34, NEQ,    0,    0,    0,    0, 
SH, 93, 2016042600, 03, JAV2,  96, 134S,  654E,  17,    0,   ,  34, NEQ,    0,    0,    0,    0, 
SH, 93, 2016042600, 03, JAV2, 108, 144S,  635E,  18,    0,   ,  34, NEQ,    0,    0,    0,    0, 
SH, 93, 2016042600, 03, JAV2, 120, 155S,  617E,  17,    0,   ,  34, NEQ,    0,    0,    0,    0, 
SH, 93, 2016042600, 03, JJG2,   0, 124S,  763E,  15,    0,   ,  34, NEQ,    0,    0,    0,    0, 
SH, 93, 2016042600, 03, JJG2,  12, 124S,  762E,  15,    0,   ,  34, NEQ,    0,    0,    0,    0, 
SH, 93, 2016042600, 03, JJG2,  24, 124S,  760E,  15,    0,   ,  34, NEQ,    0,    0,    0,    0, 
SH, 93, 2016042600, 03, JJG2,  36, 124S,  757E,  15,    0,   ,  34, NEQ,    0,    0,    0,    0, 
SH, 93, 2016042600, 03, JJG2,  48, 124S,  756E,  15,    0,   ,  34, NEQ,    0,    0,    0,    0, 
SH, 93, 2016042600, 03, JJG2,  60, 125S,  761E,  15,    0,   ,  34, NEQ,    0,    0,    0,    0, 
SH, 93, 2016042600, 03, JJG2,  72, 124S,  772E,  15,    0,   ,  34, NEQ,    0,    0,    0,    0, 
SH, 93, 2016042600, 03, JJG2,  84, 124S,  782E,  15,    0,   ,  34, NEQ,    0,    0,    0,    0, 
SH, 93, 2016042600, 03, JNV2,   0, 124S,  763E,  15,    0,   ,  34, NEQ,    0,    0,    0,    0, 
SH, 93, 2016042600, 03, JUK2,   0, 124S,  763E,  15,    0,   ,  34, NEQ,    0,    0,    0,    0, 
SH, 93, 2016042600, 03, JUK2,  12, 126S,  763E,  15,    0,   ,  34, NEQ,    0,    0,    0,    0, 
SH, 93, 2016042600, 03, JUK2,  24, 127S,  758E,  17,    0,   ,  34, NEQ,    0,    0,    0,    0, 
SH, 93, 2016042600, 03, JUK2,  36, 127S,  757E,  15,    0,   ,  34, NEQ,    0,    0,    0,    0, 
SH, 93, 2016042600, 03, JUK2,  48, 127S,  759E,  15,    0,   ,  34, NEQ,    0,    0,    0,    0, 
SH, 93, 2016042600, 03, JUK2,  60, 127S,  759E,  14,    0,   ,  34, NEQ,    0,    0,    0,    0, 
SH, 93, 2016042600, 03, JUK2,  72, 127S,  759E,  14,    0,   ,  34, NEQ,    0,    0,    0,    0, 
SH, 93, 2016042600, 03, JUK2,  84, 127S,  764E,  14,    0,   ,  34, NEQ,    0,    0,    0,    0, 
SH, 93, 2016042600, 03, JUK2,  96, 127S,  770E,  14,    0,   ,  34, NEQ,    0,    0,    0,    0, 
SH, 93, 2016042600, 03, JUK2, 108, 129S,  775E,  14,    0,   ,  34, NEQ,    0,    0,    0,    0, 
SH, 93, 2016042600, 03, JUK2, 120, 130S,  781E,  14,    0,   ,  34, NEQ,    0,    0,    0,    0, 
SH, 93, 2016042600, 03, MBAM,  12, 139S,  771E,   0,    0,   ,   0,    ,    0,    0,    0,    0, 
SH, 93, 2016042600, 03, MBAM,  24, 150S,  767E,   0,    0,   ,   0,    ,    0,    0,    0,    0, 
SH, 93, 2016042600, 03, MBAM,  36, 158S,  765E,   0,    0,   ,   0,    ,    0,    0,    0,    0, 
SH, 93, 2016042600, 03, MBAM,  48, 163S,  763E,   0,    0,   ,   0,    ,    0,    0,    0,    0, 
SH, 93, 2016042600, 03, MBAM,  72, 171S,  760E,   0,    0,   ,   0,    ,    0,    0,    0,    0, 
SH, 93, 2016042600, 03, RECR,  12, 137S,  766E,   0,    0,   ,   0,    ,    0,    0,    0,    0, 
SH, 93, 2016042600, 03, RECR,  24, 148S,  768E,   0,    0,   ,   0,    ,    0,    0,    0,    0, 
SH, 93, 2016042600, 03, RECR,  36, 159S,  771E,   0,    0,   ,   0,    ,    0,    0,    0,    0, 
SH, 93, 2016042600, 03, RECR,  48, 171S,  773E,   0,    0,   ,   0,    ,    0,    0,    0,    0, 
SH, 93, 2016042600, 03, RECR,  72, 198S,  783E,   0,    0,   ,   0,    ,    0,    0,    0,    0, 
SH, 93, 2016042600, 03, SBAM,  12, 138S,  769E,   0,    0,   ,   0,    ,    0,    0,    0,    0, 
SH, 93, 2016042600, 03, SBAM,  24, 150S,  760E,   0,    0,   ,   0,    ,    0,    0,    0,    0, 
SH, 93, 2016042600, 03, SBAM,  36, 157S,  752E,   0,    0,   ,   0,    ,    0,    0,    0,    0, 
SH, 93, 2016042600, 03, SBAM,  48, 163S,  745E,   0,    0,   ,   0,    ,    0,    0,    0,    0, 
SH, 93, 2016042600, 03, SBAM,  72, 169S,  728E,   0,    0,   ,   0,    ,    0,    0,    0,    0, 
SH, 93, 2016042600, 03, ST5D,  12,   0N,    0E,  17,    0,   ,   0,    ,    0,    0,    0,    0, 
SH, 93, 2016042600, 03, ST5D,  24,   0N,    0E,  22,    0,   ,   0,    ,    0,    0,    0,    0, 
SH, 93, 2016042600, 03, ST5D,  36,   0N,    0E,  26,    0,   ,   0,    ,    0,    0,    0,    0, 
SH, 93, 2016042600, 03, ST5D,  48,   0N,    0E,  29,    0,   ,   0,    ,    0,    0,    0,    0, 
SH, 93, 2016042600, 03, ST5D,  60,   0N,    0E,  32,    0,   ,   0,    ,    0,    0,    0,    0, 
SH, 93, 2016042600, 03, ST5D,  72,   0N,    0E,  35,    0,   ,   0,    ,    0,    0,    0,    0, 
SH, 93, 2016042600, 03, ST5D,  84,   0N,    0E,  39,    0,   ,   0,    ,    0,    0,    0,    0, 
SH, 93, 2016042600, 03, ST5D,  96,   0N,    0E,  41,    0,   ,   0,    ,    0,    0,    0,    0, 
SH, 93, 2016042600, 03, ST5D, 108,   0N,    0E,  47,    0,   ,   0,    ,    0,    0,    0,    0, 
SH, 93, 2016042600, 03, ST5D, 120,   0N,    0E,  47,    0,   ,   0,    ,    0,    0,    0,    0, 
SH, 93, 2016042600, 03, XTRP,  12, 136S,  777E,  15,    0,   ,   0,    ,    0,    0,    0,    0, 
SH, 93, 2016042600, 03, XTRP,  24, 149S,  791E,  15,    0,   ,   0,    ,    0,    0,    0,    0, 
SH, 93, 2016042600, 03, XTRP,  36, 162S,  806E,  15,    0,   ,   0,    ,    0,    0,    0,    0, 
SH, 93, 2016042600, 03, XTRP,  48, 175S,  820E,  15,    0,   ,   0,    ,    0,    0,    0,    0, 
SH, 93, 2016042600, 03, XTRP,  60, 187S,  835E,  15,    0,   ,   0,    ,    0,    0,    0,    0, 
SH, 93, 2016042600, 03, XTRP,  72, 200S,  849E,  15,    0,   ,   0,    ,    0,    0,    0,    0, 
SH, 93, 2016042600, 03, XTRP,  84, 213S,  864E,  15,    0,   ,   0,    ,    0,    0,    0,    0, 
SH, 93, 2016042600, 03, XTRP,  96, 226S,  879E,  15,    0,   ,   0,    ,    0,    0,    0,    0, 
SH, 93, 2016042600, 03, XTRP, 108, 239S,  894E,  15,    0,   ,   0,    ,    0,    0,    0,    0, 
SH, 93, 2016042600, 03, XTRP, 120, 252S,  909E,  15,    0,   ,   0,    ,    0,    0,    0,    0, 
