WP, 90, 2016120500, 01, CARQ, -18,  40N, 1424E,  15,    0,   ,   0,    ,    0,    0,    0,    0, 
WP, 90, 2016120500, 01, CARQ, -12,  40N, 1416E,  15,    0,   ,   0,    ,    0,    0,    0,    0, 
WP, 90, 2016120500, 01, CARQ,  -6,  40N, 1408E,  15,    0,   ,   0,    ,    0,    0,    0,    0, 
WP, 90, 2016120500, 01, CARQ,   0,  40N, 1400E,  15,    0,   ,   0,    ,    0,    0,    0,    0, 
WP, 90, 2016120500, 03, C120,  12,  40N, 1385E,   0,    0,   ,   0,    ,    0,    0,    0,    0, 
WP, 90, 2016120500, 03, C120,  24,  42N, 1369E,   0,    0,   ,   0,    ,    0,    0,    0,    0, 
WP, 90, 2016120500, 03, C120,  36,  45N, 1354E,   0,    0,   ,   0,    ,    0,    0,    0,    0, 
WP, 90, 2016120500, 03, C120,  48,  47N, 1339E,   0,    0,   ,   0,    ,    0,    0,    0,    0, 
WP, 90, 2016120500, 03, C120,  60,  48N, 1323E,   0,    0,   ,   0,    ,    0,    0,    0,    0, 
WP, 90, 2016120500, 03, C120,  72,  52N, 1304E,   0,    0,   ,   0,    ,    0,    0,    0,    0, 
WP, 90, 2016120500, 03, C120,  84,  56N, 1286E,   0,    0,   ,   0,    ,    0,    0,    0,    0, 
WP, 90, 2016120500, 03, C120,  96,  60N, 1270E,   0,    0,   ,   0,    ,    0,    0,    0,    0, 
WP, 90, 2016120500, 03, C120, 108,  64N, 1255E,   0,    0,   ,   0,    ,    0,    0,    0,    0, 
WP, 90, 2016120500, 03, C120, 120,  68N, 1243E,   0,    0,   ,   0,    ,    0,    0,    0,    0, 
WP, 90, 2016120500, 03, CLIM,  12,  42N, 1377E,  21,    0,   ,   0,    ,    0,    0,    0,    0, 
WP, 90, 2016120500, 03, CLIM,  24,  46N, 1356E,  26,    0,   ,   0,    ,    0,    0,    0,    0, 
WP, 90, 2016120500, 03, CLIM,  36,  50N, 1333E,  35,    0,   ,   0,    ,    0,    0,    0,    0, 
WP, 90, 2016120500, 03, CLIM,  48,  58N, 1308E,  55,    0,   ,   0,    ,    0,    0,    0,    0, 
WP, 90, 2016120500, 03, CLIM,  72,  70N, 1256E,  67,    0,   ,   0,    ,    0,    0,    0,    0, 
WP, 90, 2016120500, 03, CLIP,  12,  43N, 1384E,  21,    0,   ,   0,    ,    0,    0,    0,    0, 
WP, 90, 2016120500, 03, CLIP,  24,  47N, 1365E,  31,    0,   ,   0,    ,    0,    0,    0,    0, 
WP, 90, 2016120500, 03, CLIP,  36,  51N, 1346E,  42,    0,   ,   0,    ,    0,    0,    0,    0, 
WP, 90, 2016120500, 03, CLIP,  48,  55N, 1326E,  52,    0,   ,   0,    ,    0,    0,    0,    0, 
WP, 90, 2016120500, 03, CLIP,  72,  67N, 1285E,  70,    0,   ,   0,    ,    0,    0,    0,    0, 
WP, 90, 2016120500, 03, FBAM,  12,  43N, 1381E,   0,    0,   ,   0,    ,    0,    0,    0,    0, 
WP, 90, 2016120500, 03, FBAM,  24,  51N, 1359E,   0,    0,   ,   0,    ,    0,    0,    0,    0, 
WP, 90, 2016120500, 03, FBAM,  36,  61N, 1340E,   0,    0,   ,   0,    ,    0,    0,    0,    0, 
WP, 90, 2016120500, 03, FBAM,  48,  71N, 1323E,   0,    0,   ,   0,    ,    0,    0,    0,    0, 
WP, 90, 2016120500, 03, FBAM,  72,  88N, 1297E,   0,    0,   ,   0,    ,    0,    0,    0,    0, 
WP, 90, 2016120500, 03, HPAC,  12,  41N, 1381E,   0,    0,   ,   0,    ,    0,    0,    0,    0, 
WP, 90, 2016120500, 03, HPAC,  24,  43N, 1362E,   0,    0,   ,   0,    ,    0,    0,    0,    0, 
WP, 90, 2016120500, 03, HPAC,  36,  45N, 1343E,   0,    0,   ,   0,    ,    0,    0,    0,    0, 
WP, 90, 2016120500, 03, HPAC,  48,  49N, 1322E,   0,    0,   ,   0,    ,    0,    0,    0,    0, 
WP, 90, 2016120500, 03, HPAC,  72,  55N, 1280E,   0,    0,   ,   0,    ,    0,    0,    0,    0, 
WP, 90, 2016120500, 03, MBAM,  12,  43N, 1383E,   0,    0,   ,   0,    ,    0,    0,    0,    0, 
WP, 90, 2016120500, 03, MBAM,  24,  52N, 1366E,   0,    0,   ,   0,    ,    0,    0,    0,    0, 
WP, 90, 2016120500, 03, MBAM,  36,  64N, 1352E,   0,    0,   ,   0,    ,    0,    0,    0,    0, 
WP, 90, 2016120500, 03, MBAM,  48,  77N, 1338E,   0,    0,   ,   0,    ,    0,    0,    0,    0, 
WP, 90, 2016120500, 03, MBAM,  72, 107N, 1306E,   0,    0,   ,   0,    ,    0,    0,    0,    0, 
WP, 90, 2016120500, 03, RECR,  12,  45N, 1383E,  20,    0,   ,   0,    ,    0,    0,    0,    0, 
WP, 90, 2016120500, 03, RECR,  24,  52N, 1360E,  20,    0,   ,   0,    ,    0,    0,    0,    0, 
WP, 90, 2016120500, 03, RECR,  36,  59N, 1342E,  25,    0,   ,   0,    ,    0,    0,    0,    0, 
WP, 90, 2016120500, 03, RECR,  48,  66N, 1324E,  35,    0,   ,   0,    ,    0,    0,    0,    0, 
WP, 90, 2016120500, 03, RECR,  72,  77N, 1287E,  45,    0,   ,   0,    ,    0,    0,    0,    0, 
WP, 90, 2016120500, 03, SBAM,  12,  43N, 1383E,   0,    0,   ,   0,    ,    0,    0,    0,    0, 
WP, 90, 2016120500, 03, SBAM,  24,  51N, 1367E,   0,    0,   ,   0,    ,    0,    0,    0,    0, 
WP, 90, 2016120500, 03, SBAM,  36,  62N, 1355E,   0,    0,   ,   0,    ,    0,    0,    0,    0, 
WP, 90, 2016120500, 03, SBAM,  48,  76N, 1340E,   0,    0,   ,   0,    ,    0,    0,    0,    0, 
WP, 90, 2016120500, 03, SBAM,  72, 110N, 1303E,   0,    0,   ,   0,    ,    0,    0,    0,    0, 
WP, 90, 2016120500, 03, ST5D,  12,   0N,    0E,  17,    0,   ,   0,    ,    0,    0,    0,    0, 
WP, 90, 2016120500, 03, ST5D,  24,   0N,    0E,  20,    0,   ,   0,    ,    0,    0,    0,    0, 
WP, 90, 2016120500, 03, ST5D,  36,   0N,    0E,  17,    0,   ,   0,    ,    0,    0,    0,    0, 
WP, 90, 2016120500, 03, ST5D,  48,   0N,    0E,  20,    0,   ,   0,    ,    0,    0,    0,    0, 
WP, 90, 2016120500, 03, ST5D,  60,   0N,    0E,  25,    0,   ,   0,    ,    0,    0,    0,    0, 
WP, 90, 2016120500, 03, ST5D,  72,   0N,    0E,  30,    0,   ,   0,    ,    0,    0,    0,    0, 
WP, 90, 2016120500, 03, ST5D,  84,   0N,    0E,  40,    0,   ,   0,    ,    0,    0,    0,    0, 
WP, 90, 2016120500, 03, ST5D,  96,   0N,    0E,  45,    0,   ,   0,    ,    0,    0,    0,    0, 
WP, 90, 2016120500, 03, ST5D, 108,   0N,    0E,  54,    0,   ,   0,    ,    0,    0,    0,    0, 
WP, 90, 2016120500, 03, ST5D, 120,   0N,    0E,  56,    0,   ,   0,    ,    0,    0,    0,    0, 
WP, 90, 2016120500, 03, STRT,  12,  42N, 1384E,  25,    0,   ,   0,    ,    0,    0,    0,    0, 
WP, 90, 2016120500, 03, STRT,  24,  47N, 1367E,  30,    0,   ,   0,    ,    0,    0,    0,    0, 
WP, 90, 2016120500, 03, STRT,  36,  51N, 1351E,  35,    0,   ,   0,    ,    0,    0,    0,    0, 
WP, 90, 2016120500, 03, STRT,  48,  55N, 1333E,  55,    0,   ,   0,    ,    0,    0,    0,    0, 
WP, 90, 2016120500, 03, STRT,  72,  63N, 1298E,  85,    0,   ,   0,    ,    0,    0,    0,    0, 
WP, 90, 2016120500, 03, WBAR,   0,  40N, 1400E,   0,    0,   ,   0,    ,    0,    0,    0,    0, 
WP, 90, 2016120500, 03, WBAR,   6,  59N, 1384E,   0,    0,   ,   0,    ,    0,    0,    0,    0, 
WP, 90, 2016120500, 03, WBAR,  12,  60N, 1369E,   0,    0,   ,   0,    ,    0,    0,    0,    0, 
WP, 90, 2016120500, 03, WBAR,  18,  61N, 1354E,   0,    0,   ,   0,    ,    0,    0,    0,    0, 
WP, 90, 2016120500, 03, WBAR,  24,  64N, 1341E,   0,    0,   ,   0,    ,    0,    0,    0,    0, 
WP, 90, 2016120500, 03, WBAR,  30,  68N, 1329E,   0,    0,   ,   0,    ,    0,    0,    0,    0, 
WP, 90, 2016120500, 03, WBAR,  36,  74N, 1317E,   0,    0,   ,   0,    ,    0,    0,    0,    0, 
WP, 90, 2016120500, 03, WBAR,  42,  80N, 1305E,   0,    0,   ,   0,    ,    0,    0,    0,    0, 
WP, 90, 2016120500, 03, WBAR,  48,  86N, 1293E,   0,    0,   ,   0,    ,    0,    0,    0,    0, 
WP, 90, 2016120500, 03, WBAR,  54,  92N, 1281E,   0,    0,   ,   0,    ,    0,    0,    0,    0, 
WP, 90, 2016120500, 03, WBAR,  60,  98N, 1270E,   0,    0,   ,   0,    ,    0,    0,    0,    0, 
WP, 90, 2016120500, 03, WBAR,  66, 104N, 1260E,   0,    0,   ,   0,    ,    0,    0,    0,    0, 
WP, 90, 2016120500, 03, WBAR,  72, 109N, 1251E,   0,    0,   ,   0,    ,    0,    0,    0,    0, 
WP, 90, 2016120500, 03, XTRP,  12,  40N, 1384E,  15,    0,   ,   0,    ,    0,    0,    0,    0, 
WP, 90, 2016120500, 03, XTRP,  24,  40N, 1368E,  15,    0,   ,   0,    ,    0,    0,    0,    0, 
WP, 90, 2016120500, 03, XTRP,  36,  40N, 1352E,  15,    0,   ,   0,    ,    0,    0,    0,    0, 
WP, 90, 2016120500, 03, XTRP,  48,  40N, 1336E,  15,    0,   ,   0,    ,    0,    0,    0,    0, 
WP, 90, 2016120500, 03, XTRP,  60,  40N, 1320E,  15,    0,   ,   0,    ,    0,    0,    0,    0, 
WP, 90, 2016120500, 03, XTRP,  72,  40N, 1304E,  15,    0,   ,   0,    ,    0,    0,    0,    0, 
WP, 90, 2016120500, 03, XTRP,  84,  40N, 1288E,  15,    0,   ,   0,    ,    0,    0,    0,    0, 
WP, 90, 2016120500, 03, XTRP,  96,  40N, 1272E,  15,    0,   ,   0,    ,    0,    0,    0,    0, 
WP, 90, 2016120500, 03, XTRP, 108,  40N, 1256E,  15,    0,   ,   0,    ,    0,    0,    0,    0, 
WP, 90, 2016120500, 03, XTRP, 120,  40N, 1240E,  15,    0,   ,   0,    ,    0,    0,    0,    0, 
WP, 90, 2016120500, 71, JNVG,   0,  33N, 1425E,  15,    0,   ,  34, NEQ,    0,    0,    0,    0, 
WP, 90, 2016120500, 71, JNVG,  12,  46N, 1395E,  20,    0,   ,  34, NEQ,    0,    0,    0,    0, 
WP, 90, 2016120500, 71, JNVG,  24,  66N, 1379E,  20,    0,   ,  34, NEQ,    0,    0,    0,    0, 
WP, 90, 2016120500, 71, JNVG,  36,  77N, 1357E,  20,    0,   ,  34, NEQ,    0,    0,    0,    0, 
WP, 90, 2016120500, 71, JNVG,  48,  92N, 1335E,  25,    0,   ,  34, NEQ,    0,    0,    0,    0, 
WP, 90, 2016120500, 71, JNVG,  60,  96N, 1316E,  20,    0,   ,  34, NEQ,    0,    0,    0,    0, 
WP, 90, 2016120500, 71, JNVG,  72, 112N, 1305E,  20,    0,   ,  34, NEQ,    0,    0,    0,    0, 
WP, 90, 2016120500, 71, JNVG,  84, 127N, 1295E,  25,    0,   ,  34, NEQ,    0,    0,    0,    0, 
WP, 90, 2016120500, 71, JNVG,  96, 155N, 1290E,  35,    0,   ,  34, NEQ,    0,    0,    0,    0, 
WP, 90, 2016120500, 71, JNVG, 108, 178N, 1295E,  35,    0,   ,  34, NEQ,    0,    0,    0,    0, 
WP, 90, 2016120500, 71, JNVG, 120, 204N, 1315E,  40,    0,   ,  34, NEQ,    0,    0,    0,    0, 
WP, 90, 2016120500, 72, JAVN,   0,  15N, 1420E,  15,    0,   ,  34, NEQ,    0,    0,    0,    0, 
WP, 90, 2016120500, 72, JAVN,  12,  12N, 1415E,  20,    0,   ,  34, NEQ,    0,    0,    0,    0, 
WP, 90, 2016120500, 72, JAVN,  24,  21N, 1403E,  20,    0,   ,  34, NEQ,    0,    0,    0,    0, 
WP, 90, 2016120500, 72, JAVN,  36,  23N, 1402E,  20,    0,   ,  34, NEQ,    0,    0,    0,    0, 
WP, 90, 2016120500, 72, JAVN,  48,  32N, 1427E,  20,    0,   ,  34, NEQ,    0,    0,    0,    0, 
WP, 90, 2016120500, 72, JAVN,  60,  40N, 1440E,  20,    0,   ,  34, NEQ,    0,    0,    0,    0, 
WP, 90, 2016120500, 72, JAVN,  72,  46N, 1439E,  20,    0,   ,  34, NEQ,    0,    0,    0,    0, 
WP, 90, 2016120500, 72, JAVN,  84,  60N, 1412E,  20,    0,   ,  34, NEQ,    0,    0,    0,    0, 
WP, 90, 2016120500, 72, JAVN,  96,  69N, 1407E,  30,    0,   ,  34, NEQ,    0,    0,    0,    0, 
WP, 90, 2016120500, 72, JAVN, 108,  81N, 1392E,  30,    0,   ,  34, NEQ,    0,    0,    0,    0, 
WP, 90, 2016120500, 72, JAVN, 120,  91N, 1377E,  40,    0,   ,  34, NEQ,    0,    0,    0,    0, 
WP, 90, 2016120500, 74, JJGS,   0,  25N, 1385E,  15,    0,   ,  34, NEQ,    0,    0,    0,    0, 
WP, 90, 2016120500, 74, JJGS,  12,  36N, 1387E,  20,    0,   ,  34, NEQ,    0,    0,    0,    0, 
WP, 90, 2016120506, 01, CARQ, -24,  40N, 1424E,  15,    0,   ,   0,    ,    0,    0,    0,    0, 
WP, 90, 2016120506, 01, CARQ, -18,  40N, 1416E,  15,    0,   ,   0,    ,    0,    0,    0,    0, 
WP, 90, 2016120506, 01, CARQ, -12,  40N, 1408E,  15,    0,   ,   0,    ,    0,    0,    0,    0, 
WP, 90, 2016120506, 01, CARQ,  -6,  40N, 1400E,  15,    0,   ,   0,    ,    0,    0,    0,    0, 
WP, 90, 2016120506, 01, CARQ,   0,  40N, 1393E,  15,    0,   ,   0,    ,    0,    0,    0,    0, 
WP, 90, 2016120506, 03, C120,  12,  40N, 1378E,   0,    0,   ,   0,    ,    0,    0,    0,    0, 
WP, 90, 2016120506, 03, C120,  24,  42N, 1362E,   0,    0,   ,   0,    ,    0,    0,    0,    0, 
WP, 90, 2016120506, 03, C120,  36,  45N, 1347E,   0,    0,   ,   0,    ,    0,    0,    0,    0, 
WP, 90, 2016120506, 03, C120,  48,  47N, 1332E,   0,    0,   ,   0,    ,    0,    0,    0,    0, 
WP, 90, 2016120506, 03, C120,  60,  48N, 1317E,   0,    0,   ,   0,    ,    0,    0,    0,    0, 
WP, 90, 2016120506, 03, C120,  72,  51N, 1298E,   0,    0,   ,   0,    ,    0,    0,    0,    0, 
WP, 90, 2016120506, 03, C120,  84,  55N, 1280E,   0,    0,   ,   0,    ,    0,    0,    0,    0, 
WP, 90, 2016120506, 03, C120,  96,  59N, 1264E,   0,    0,   ,   0,    ,    0,    0,    0,    0, 
WP, 90, 2016120506, 03, C120, 108,  63N, 1249E,   0,    0,   ,   0,    ,    0,    0,    0,    0, 
WP, 90, 2016120506, 03, C120, 120,  67N, 1237E,   0,    0,   ,   0,    ,    0,    0,    0,    0, 
WP, 90, 2016120506, 03, CLIM,  12,  42N, 1370E,  17,    0,   ,   0,    ,    0,    0,    0,    0, 
WP, 90, 2016120506, 03, CLIM,  24,  46N, 1347E,  23,    0,   ,   0,    ,    0,    0,    0,    0, 
WP, 90, 2016120506, 03, CLIM,  36,  52N, 1318E,  38,    0,   ,   0,    ,    0,    0,    0,    0, 
WP, 90, 2016120506, 03, CLIM,  48,  57N, 1294E,  53,    0,   ,   0,    ,    0,    0,    0,    0, 
WP, 90, 2016120506, 03, CLIM,  72,  69N, 1239E,  54,    0,   ,   0,    ,    0,    0,    0,    0, 
WP, 90, 2016120506, 03, CLIP,  12,  43N, 1378E,  21,    0,   ,   0,    ,    0,    0,    0,    0, 
WP, 90, 2016120506, 03, CLIP,  24,  47N, 1360E,  31,    0,   ,   0,    ,    0,    0,    0,    0, 
WP, 90, 2016120506, 03, CLIP,  36,  51N, 1342E,  42,    0,   ,   0,    ,    0,    0,    0,    0, 
WP, 90, 2016120506, 03, CLIP,  48,  55N, 1323E,  52,    0,   ,   0,    ,    0,    0,    0,    0, 
WP, 90, 2016120506, 03, CLIP,  72,  67N, 1282E,  69,    0,   ,   0,    ,    0,    0,    0,    0, 
WP, 90, 2016120506, 03, DSHW,   0,  40N, 1393E,  15,    0, TD,   0,    ,    0,    0,    0,    0, 
WP, 90, 2016120506, 03, DSHW,  12,  50N, 1364E,  18,    0, TD,   0,    ,    0,    0,    0,    0, 
WP, 90, 2016120506, 03, DSHW,  24,  58N, 1338E,  24,    0, TD,   0,    ,    0,    0,    0,    0, 
WP, 90, 2016120506, 03, DSHW,  36,  69N, 1314E,  30,    0, TD,   0,    ,    0,    0,    0,    0, 
WP, 90, 2016120506, 03, DSHW,  48,  81N, 1290E,  34,    0, TS,   0,    ,    0,    0,    0,    0, 
WP, 90, 2016120506, 03, DSHW,  60,  92N, 1269E,  40,    0, TS,   0,    ,    0,    0,    0,    0, 
WP, 90, 2016120506, 03, DSHW,  72, 104N, 1248E,  41,    0, TS,   0,    ,    0,    0,    0,    0, 
WP, 90, 2016120506, 03, DSHW,  84,   0N,    0E,  37,    0,   ,   0,    ,    0,    0,    0,    0, 
WP, 90, 2016120506, 03, DSHW,  96,   0N,    0E,  34,    0,   ,   0,    ,    0,    0,    0,    0, 
WP, 90, 2016120506, 03, DSHW, 108,   0N,    0E,  32,    0,   ,   0,    ,    0,    0,    0,    0, 
WP, 90, 2016120506, 03, DSHW, 120,   0N,    0E,  30,    0,   ,   0,    ,    0,    0,    0,    0, 
WP, 90, 2016120506, 03, FBAM,  12,  43N, 1375E,   0,    0,   ,   0,    ,    0,    0,    0,    0, 
WP, 90, 2016120506, 03, FBAM,  24,  51N, 1358E,   0,    0,   ,   0,    ,    0,    0,    0,    0, 
WP, 90, 2016120506, 03, FBAM,  36,  62N, 1344E,   0,    0,   ,   0,    ,    0,    0,    0,    0, 
WP, 90, 2016120506, 03, FBAM,  48,  74N, 1333E,   0,    0,   ,   0,    ,    0,    0,    0,    0, 
WP, 90, 2016120506, 03, FBAM,  72, 100N, 1318E,   0,    0,   ,   0,    ,    0,    0,    0,    0, 
WP, 90, 2016120506, 03, HPAC,  12,  41N, 1374E,   0,    0,   ,   0,    ,    0,    0,    0,    0, 
WP, 90, 2016120506, 03, HPAC,  24,  43N, 1355E,   0,    0,   ,   0,    ,    0,    0,    0,    0, 
WP, 90, 2016120506, 03, HPAC,  36,  46N, 1333E,   0,    0,   ,   0,    ,    0,    0,    0,    0, 
WP, 90, 2016120506, 03, HPAC,  48,  48N, 1314E,   0,    0,   ,   0,    ,    0,    0,    0,    0, 
WP, 90, 2016120506, 03, HPAC,  72,  55N, 1271E,   0,    0,   ,   0,    ,    0,    0,    0,    0, 
WP, 90, 2016120506, 03, JNVI,   0,  40N, 1393E,  15,    0,   ,  34, NEQ,    0,    0,    0,    0, 
WP, 90, 2016120506, 03, JNVI,  12,  56N, 1370E,  17,    0,   ,  34, NEQ,    0,    0,    0,    0, 
WP, 90, 2016120506, 03, JNVI,  24,  71N, 1350E,  18,    0,   ,  34, NEQ,    0,    0,    0,    0, 
WP, 90, 2016120506, 03, JNVI,  36,  84N, 1328E,  20,    0,   ,  34, NEQ,    0,    0,    0,    0, 
WP, 90, 2016120506, 03, JNVI,  48,  94N, 1308E,  20,    0,   ,  34, NEQ,    0,    0,    0,    0, 
WP, 90, 2016120506, 03, JNVI,  60, 105N, 1293E,  18,    0,   ,  34, NEQ,    0,    0,    0,    0, 
WP, 90, 2016120506, 03, JNVI,  72, 120N, 1283E,  20,    0,   ,  34, NEQ,    0,    0,    0,    0, 
WP, 90, 2016120506, 03, JNVI,  84, 142N, 1276E,  27,    0,   ,  34, NEQ,    0,    0,    0,    0, 
WP, 90, 2016120506, 03, JNVI,  96, 167N, 1276E,  32,    0,   ,  34, NEQ,    0,    0,    0,    0, 
WP, 90, 2016120506, 03, JNVI, 108, 191N, 1288E,  35,    0,   ,  34, NEQ,    0,    0,    0,    0, 
WP, 90, 2016120506, 03, JNVI, 120, 216N, 1300E,  38,    0,   ,  34, NEQ,    0,    0,    0,    0, 
WP, 90, 2016120506, 03, LGEW,   0,  40N, 1393E,  15,    0, TD,   0,    ,    0,    0,    0,    0, 
WP, 90, 2016120506, 03, LGEW,  12,  50N, 1364E,  16,    0, TD,   0,    ,    0,    0,    0,    0, 
WP, 90, 2016120506, 03, LGEW,  24,  58N, 1338E,  18,    0, TD,   0,    ,    0,    0,    0,    0, 
WP, 90, 2016120506, 03, LGEW,  36,  69N, 1314E,  21,    0, TD,   0,    ,    0,    0,    0,    0, 
WP, 90, 2016120506, 03, LGEW,  48,  81N, 1290E,  23,    0, TD,   0,    ,    0,    0,    0,    0, 
WP, 90, 2016120506, 03, LGEW,  60,  92N, 1269E,  25,    0, TD,   0,    ,    0,    0,    0,    0, 
WP, 90, 2016120506, 03, LGEW,  72, 104N, 1248E,  26,    0, TD,   0,    ,    0,    0,    0,    0, 
WP, 90, 2016120506, 03, MBAM,  12,  43N, 1378E,   0,    0,   ,   0,    ,    0,    0,    0,    0, 
WP, 90, 2016120506, 03, MBAM,  24,  53N, 1367E,   0,    0,   ,   0,    ,    0,    0,    0,    0, 
WP, 90, 2016120506, 03, MBAM,  36,  66N, 1358E,   0,    0,   ,   0,    ,    0,    0,    0,    0, 
WP, 90, 2016120506, 03, MBAM,  48,  83N, 1349E,   0,    0,   ,   0,    ,    0,    0,    0,    0, 
WP, 90, 2016120506, 03, MBAM,  72, 125N, 1324E,   0,    0,   ,   0,    ,    0,    0,    0,    0, 
WP, 90, 2016120506, 03, RECR,  12,  46N, 1371E,  20,    0,   ,   0,    ,    0,    0,    0,    0, 
WP, 90, 2016120506, 03, RECR,  24,  53N, 1348E,  20,    0,   ,   0,    ,    0,    0,    0,    0, 
WP, 90, 2016120506, 03, RECR,  36,  59N, 1330E,  25,    0,   ,   0,    ,    0,    0,    0,    0, 
WP, 90, 2016120506, 03, RECR,  48,  66N, 1311E,  35,    0,   ,   0,    ,    0,    0,    0,    0, 
WP, 90, 2016120506, 03, RECR,  72,  79N, 1272E,  60,    0,   ,   0,    ,    0,    0,    0,    0, 
WP, 90, 2016120506, 03, SBAM,  12,  43N, 1379E,   0,    0,   ,   0,    ,    0,    0,    0,    0, 
WP, 90, 2016120506, 03, SBAM,  24,  53N, 1370E,   0,    0,   ,   0,    ,    0,    0,    0,    0, 
WP, 90, 2016120506, 03, SBAM,  36,  66N, 1361E,   0,    0,   ,   0,    ,    0,    0,    0,    0, 
WP, 90, 2016120506, 03, SBAM,  48,  84N, 1352E,   0,    0,   ,   0,    ,    0,    0,    0,    0, 
WP, 90, 2016120506, 03, SBAM,  72, 129N, 1321E,   0,    0,   ,   0,    ,    0,    0,    0,    0, 
WP, 90, 2016120506, 03, SHIW,   0,  40N, 1393E,  15,    0, TD,   0,    ,    0,    0,    0,    0, 
WP, 90, 2016120506, 03, SHIW,  12,  50N, 1364E,  18,    0, TD,   0,    ,    0,    0,    0,    0, 
WP, 90, 2016120506, 03, SHIW,  24,  58N, 1338E,  24,    0, TD,   0,    ,    0,    0,    0,    0, 
WP, 90, 2016120506, 03, SHIW,  36,  69N, 1314E,  30,    0, TD,   0,    ,    0,    0,    0,    0, 
WP, 90, 2016120506, 03, SHIW,  48,  81N, 1290E,  34,    0, TS,   0,    ,    0,    0,    0,    0, 
WP, 90, 2016120506, 03, SHIW,  60,  92N, 1269E,  40,    0, TS,   0,    ,    0,    0,    0,    0, 
WP, 90, 2016120506, 03, SHIW,  72, 104N, 1248E,  47,    0, TS,   0,    ,    0,    0,    0,    0, 
WP, 90, 2016120506, 03, SHIW,  84,   0N,    0E,  51,    0,   ,   0,    ,    0,    0,    0,    0, 
WP, 90, 2016120506, 03, SHIW,  96,   0N,    0E,  55,    0,   ,   0,    ,    0,    0,    0,    0, 
WP, 90, 2016120506, 03, SHIW, 108,   0N,    0E,  57,    0,   ,   0,    ,    0,    0,    0,    0, 
WP, 90, 2016120506, 03, SHIW, 120,   0N,    0E,  57,    0,   ,   0,    ,    0,    0,    0,    0, 
WP, 90, 2016120506, 03, ST5D,  12,   0N,    0E,  17,    0,   ,   0,    ,    0,    0,    0,    0, 
WP, 90, 2016120506, 03, ST5D,  24,   0N,    0E,  20,    0,   ,   0,    ,    0,    0,    0,    0, 
WP, 90, 2016120506, 03, ST5D,  36,   0N,    0E,  17,    0,   ,   0,    ,    0,    0,    0,    0, 
WP, 90, 2016120506, 03, ST5D,  48,   0N,    0E,  20,    0,   ,   0,    ,    0,    0,    0,    0, 
WP, 90, 2016120506, 03, ST5D,  60,   0N,    0E,  25,    0,   ,   0,    ,    0,    0,    0,    0, 
WP, 90, 2016120506, 03, ST5D,  72,   0N,    0E,  30,    0,   ,   0,    ,    0,    0,    0,    0, 
WP, 90, 2016120506, 03, ST5D,  84,   0N,    0E,  40,    0,   ,   0,    ,    0,    0,    0,    0, 
WP, 90, 2016120506, 03, ST5D,  96,   0N,    0E,  45,    0,   ,   0,    ,    0,    0,    0,    0, 
WP, 90, 2016120506, 03, ST5D, 108,   0N,    0E,  53,    0,   ,   0,    ,    0,    0,    0,    0, 
WP, 90, 2016120506, 03, ST5D, 120,   0N,    0E,  56,    0,   ,   0,    ,    0,    0,    0,    0, 
WP, 90, 2016120506, 03, STRT,  12,  43N, 1373E,  25,    0,   ,   0,    ,    0,    0,    0,    0, 
WP, 90, 2016120506, 03, STRT,  24,  46N, 1354E,  35,    0,   ,   0,    ,    0,    0,    0,    0, 
WP, 90, 2016120506, 03, STRT,  36,  48N, 1337E,  50,    0,   ,   0,    ,    0,    0,    0,    0, 
WP, 90, 2016120506, 03, STRT,  48,  50N, 1321E,  60,    0,   ,   0,    ,    0,    0,    0,    0, 
WP, 90, 2016120506, 03, STRT,  72,  53N, 1288E,  85,    0,   ,   0,    ,    0,    0,    0,    0, 
WP, 90, 2016120506, 03, TMMN,   0,  38N, 1394E,  15,    0,   ,   0,    ,    0,    0,    0,    0, 
WP, 90, 2016120506, 03, TMMN,   6,  35N, 1387E,  17,    0,   ,   0,    ,    0,    0,    0,    0, 
WP, 90, 2016120506, 03, TMMN,  12,  35N, 1383E,  20,    0,   ,   0,    ,    0,    0,    0,    0, 
WP, 90, 2016120506, 03, TMMN,  18,  38N, 1381E,  24,    0,   ,   0,    ,    0,    0,    0,    0, 
WP, 90, 2016120506, 03, TMMN,  24,  40N, 1380E,  26,    0,   ,   0,    ,    0,    0,    0,    0, 
WP, 90, 2016120506, 03, TMMN,  30,  44N, 1377E,  25,    0,   ,   0,    ,    0,    0,    0,    0, 
WP, 90, 2016120506, 03, TMMN,  36,  50N, 1376E,  24,    0,   ,   0,    ,    0,    0,    0,    0, 
WP, 90, 2016120506, 03, TMMN,  42,  54N, 1376E,  25,    0,   ,   0,    ,    0,    0,    0,    0, 
WP, 90, 2016120506, 03, TMMN,  48,  57N, 1376E,  26,    0,   ,   0,    ,    0,    0,    0,    0, 
WP, 90, 2016120506, 03, TMMN,  54,  59N, 1375E,  26,    0,   ,   0,    ,    0,    0,    0,    0, 
WP, 90, 2016120506, 03, TMMN,  60,  63N, 1372E,  25,    0,   ,   0,    ,    0,    0,    0,    0, 
WP, 90, 2016120506, 03, TMMN,  66,  67N, 1370E,  24,    0,   ,   0,    ,    0,    0,    0,    0, 
WP, 90, 2016120506, 03, TMMN,  72,  72N, 1373E,  24,    0,   ,   0,    ,    0,    0,    0,    0, 
WP, 90, 2016120506, 03, TMMN,  78,  75N, 1376E,  26,    0,   ,   0,    ,    0,    0,    0,    0, 
WP, 90, 2016120506, 03, TMMN,  84,  79N, 1377E,  26,    0,   ,   0,    ,    0,    0,    0,    0, 
WP, 90, 2016120506, 03, TMMN,  90,  84N, 1378E,  26,    0,   ,   0,    ,    0,    0,    0,    0, 
WP, 90, 2016120506, 03, TMMN,  96,  86N, 1379E,  25,    0,   ,   0,    ,    0,    0,    0,    0, 
WP, 90, 2016120506, 03, TMMN, 102,  90N, 1378E,  26,    0,   ,   0,    ,    0,    0,    0,    0, 
WP, 90, 2016120506, 03, TMMN, 108,  93N, 1376E,  26,    0,   ,   0,    ,    0,    0,    0,    0, 
WP, 90, 2016120506, 03, TMMN, 114,  97N, 1373E,  25,    0,   ,   0,    ,    0,    0,    0,    0, 
WP, 90, 2016120506, 03, TMMN, 120,  99N, 1371E,  26,    0,   ,   0,    ,    0,    0,    0,    0, 
WP, 90, 2016120506, 03, TMMN, 126, 100N, 1372E,  26,    0,   ,   0,    ,    0,    0,    0,    0, 
WP, 90, 2016120506, 03, TMMN, 132, 100N, 1376E,  26,    0,   ,   0,    ,    0,    0,    0,    0, 
WP, 90, 2016120506, 03, TMMN, 138,  98N, 1380E,  26,    0,   ,   0,    ,    0,    0,    0,    0, 
WP, 90, 2016120506, 03, WBAI,   0,  40N, 1393E,   0,    0,   ,  34, NEQ,    0,    0,    0,    0, 
WP, 90, 2016120506, 03, WBAI,  12,  50N, 1364E,   0,    0,   ,  34, NEQ,    0,    0,    0,    0, 
WP, 90, 2016120506, 03, WBAI,  24,  58N, 1338E,   0,    0,   ,  34, NEQ,    0,    0,    0,    0, 
WP, 90, 2016120506, 03, WBAI,  36,  69N, 1314E,   0,    0,   ,  34, NEQ,    0,    0,    0,    0, 
WP, 90, 2016120506, 03, WBAI,  48,  81N, 1290E,   0,    0,   ,  34, NEQ,    0,    0,    0,    0, 
WP, 90, 2016120506, 03, WBAI,  60,  92N, 1269E,   0,    0,   ,  34, NEQ,    0,    0,    0,    0, 
WP, 90, 2016120506, 03, WBAI,  72, 104N, 1248E,   0,    0,   ,  34, NEQ,    0,    0,    0,    0, 
WP, 90, 2016120506, 03, WBAR,   0,  40N, 1393E,   0,    0,   ,   0,    ,    0,    0,    0,    0, 
WP, 90, 2016120506, 03, WBAR,   6,  55N, 1373E,   0,    0,   ,   0,    ,    0,    0,    0,    0, 
WP, 90, 2016120506, 03, WBAR,  12,  55N, 1359E,   0,    0,   ,   0,    ,    0,    0,    0,    0, 
WP, 90, 2016120506, 03, WBAR,  18,  56N, 1347E,   0,    0,   ,   0,    ,    0,    0,    0,    0, 
WP, 90, 2016120506, 03, WBAR,  24,  60N, 1337E,   0,    0,   ,   0,    ,    0,    0,    0,    0, 
WP, 90, 2016120506, 03, WBAR,  30,  65N, 1327E,   0,    0,   ,   0,    ,    0,    0,    0,    0, 
WP, 90, 2016120506, 03, WBAR,  36,  70N, 1317E,   0,    0,   ,   0,    ,    0,    0,    0,    0, 
WP, 90, 2016120506, 03, WBAR,  42,  76N, 1308E,   0,    0,   ,   0,    ,    0,    0,    0,    0, 
WP, 90, 2016120506, 03, WBAR,  48,  82N, 1299E,   0,    0,   ,   0,    ,    0,    0,    0,    0, 
WP, 90, 2016120506, 03, WBAR,  54,  88N, 1291E,   0,    0,   ,   0,    ,    0,    0,    0,    0, 
WP, 90, 2016120506, 03, WBAR,  60,  95N, 1284E,   0,    0,   ,   0,    ,    0,    0,    0,    0, 
WP, 90, 2016120506, 03, WBAR,  66, 101N, 1277E,   0,    0,   ,   0,    ,    0,    0,    0,    0, 
WP, 90, 2016120506, 03, WBAR,  72, 107N, 1270E,   0,    0,   ,   0,    ,    0,    0,    0,    0, 
WP, 90, 2016120506, 03, WBS1,  12,  50N, 1364E,  18,    0,   ,   0,    ,    0,    0,    0,    0, 
WP, 90, 2016120506, 03, WBS1,  24,  58N, 1338E,  23,    0,   ,   0,    ,    0,    0,    0,    0, 
WP, 90, 2016120506, 03, WBS1,  36,  69N, 1314E,  28,    0,   ,   0,    ,    0,    0,    0,    0, 
WP, 90, 2016120506, 03, WBS1,  48,  81N, 1290E,  34,    0,   ,   0,    ,    0,    0,    0,    0, 
WP, 90, 2016120506, 03, WBS1,  60,  92N, 1269E,  40,    0,   ,   0,    ,    0,    0,    0,    0, 
WP, 90, 2016120506, 03, WBS1,  72, 104N, 1248E,  39,    0,   ,   0,    ,    0,    0,    0,    0, 
WP, 90, 2016120506, 03, WBS5,  12,  50N, 1364E,  19,    0,   ,   0,    ,    0,    0,    0,    0, 
WP, 90, 2016120506, 03, WBS5,  24,  58N, 1338E,  24,    0,   ,   0,    ,    0,    0,    0,    0, 
WP, 90, 2016120506, 03, WBS5,  36,  69N, 1314E,  30,    0,   ,   0,    ,    0,    0,    0,    0, 
WP, 90, 2016120506, 03, WBS5,  48,  81N, 1290E,  35,    0,   ,   0,    ,    0,    0,    0,    0, 
WP, 90, 2016120506, 03, WBS5,  60,  92N, 1269E,  41,    0,   ,   0,    ,    0,    0,    0,    0, 
WP, 90, 2016120506, 03, WBS5,  72, 104N, 1248E,  40,    0,   ,   0,    ,    0,    0,    0,    0, 
WP, 90, 2016120506, 03, XTRP,  12,  40N, 1378E,  15,    0,   ,   0,    ,    0,    0,    0,    0, 
WP, 90, 2016120506, 03, XTRP,  24,  40N, 1363E,  15,    0,   ,   0,    ,    0,    0,    0,    0, 
WP, 90, 2016120506, 03, XTRP,  36,  40N, 1348E,  15,    0,   ,   0,    ,    0,    0,    0,    0, 
WP, 90, 2016120506, 03, XTRP,  48,  40N, 1333E,  15,    0,   ,   0,    ,    0,    0,    0,    0, 
WP, 90, 2016120506, 03, XTRP,  60,  40N, 1318E,  15,    0,   ,   0,    ,    0,    0,    0,    0, 
WP, 90, 2016120506, 03, XTRP,  72,  40N, 1303E,  15,    0,   ,   0,    ,    0,    0,    0,    0, 
WP, 90, 2016120506, 03, XTRP,  84,  40N, 1288E,  15,    0,   ,   0,    ,    0,    0,    0,    0, 
WP, 90, 2016120506, 03, XTRP,  96,  40N, 1273E,  15,    0,   ,   0,    ,    0,    0,    0,    0, 
WP, 90, 2016120506, 03, XTRP, 108,  40N, 1258E,  15,    0,   ,   0,    ,    0,    0,    0,    0, 
WP, 90, 2016120506, 03, XTRP, 120,  40N, 1243E,  15,    0,   ,   0,    ,    0,    0,    0,    0, 
WP, 90, 2016120506, 71, JNVG,   0,  47N, 1395E,  15,    0,   ,  34, NEQ,    0,    0,    0,    0, 
WP, 90, 2016120506, 71, JNVG,  12,  67N, 1376E,  15,    0,   ,  34, NEQ,    0,    0,    0,    0, 
WP, 90, 2016120506, 71, JNVG,  24,  85N, 1336E,  15,    0,   ,  34, NEQ,    0,    0,    0,    0, 
WP, 90, 2016120506, 71, JNVG,  36,  95N, 1322E,  15,    0,   ,  34, NEQ,    0,    0,    0,    0, 
WP, 90, 2016120506, 71, JNVG,  48, 107N, 1286E,  15,    0,   ,  34, NEQ,    0,    0,    0,    0, 
WP, 90, 2016120506, 71, JNVG,  60, 113N, 1266E,  15,    0,   ,  34, NEQ,    0,    0,    0,    0, 
WP, 90, 2016120506, 71, JNVG,  72, 125N, 1262E,  25,    0,   ,  34, NEQ,    0,    0,    0,    0, 
WP, 90, 2016120506, 71, JNVG,  84, 137N, 1255E,  20,    0,   ,  34, NEQ,    0,    0,    0,    0, 
WP, 90, 2016120506, 71, JNVG,  96, 155N, 1270E,  25,    0,   ,  34, NEQ,    0,    0,    0,    0, 
WP, 90, 2016120506, 71, JNVG, 108, 167N, 1285E,  30,    0,   ,  34, NEQ,    0,    0,    0,    0, 
WP, 90, 2016120506, 71, JNVG, 120, 194N, 1314E,  35,    0,   ,  34, NEQ,    0,    0,    0,    0, 
WP, 90, 2016120506, 72, JAVN,   0,  66N, 1367E,  15,    0,   ,  34, NEQ,    0,    0,    0,    0, 
WP, 90, 2016120512, 01, CARQ, -24,  47N, 1421E,  15,    0,   ,   0,    ,    0,    0,    0,    0, 
WP, 90, 2016120512, 01, CARQ, -18,  47N, 1413E,  15,    0,   ,   0,    ,    0,    0,    0,    0, 
WP, 90, 2016120512, 01, CARQ, -12,  47N, 1405E,  15,    0,   ,   0,    ,    0,    0,    0,    0, 
WP, 90, 2016120512, 01, CARQ,  -6,  47N, 1398E,  15,    0,   ,   0,    ,    0,    0,    0,    0, 
WP, 90, 2016120512, 01, CARQ,   0,  47N, 1391E,  15,    0,   ,   0,    ,    0,    0,    0,    0, 
WP, 90, 2016120512, 03, C120,  12,  47N, 1378E,   0,    0,   ,   0,    ,    0,    0,    0,    0, 
WP, 90, 2016120512, 03, C120,  24,  49N, 1363E,   0,    0,   ,   0,    ,    0,    0,    0,    0, 
WP, 90, 2016120512, 03, C120,  36,  52N, 1349E,   0,    0,   ,   0,    ,    0,    0,    0,    0, 
WP, 90, 2016120512, 03, C120,  48,  54N, 1335E,   0,    0,   ,   0,    ,    0,    0,    0,    0, 
WP, 90, 2016120512, 03, C120,  60,  56N, 1320E,   0,    0,   ,   0,    ,    0,    0,    0,    0, 
WP, 90, 2016120512, 03, C120,  72,  60N, 1302E,   0,    0,   ,   0,    ,    0,    0,    0,    0, 
WP, 90, 2016120512, 03, C120,  84,  64N, 1285E,   0,    0,   ,   0,    ,    0,    0,    0,    0, 
WP, 90, 2016120512, 03, C120,  96,  68N, 1269E,   0,    0,   ,   0,    ,    0,    0,    0,    0, 
WP, 90, 2016120512, 03, C120, 108,  72N, 1255E,   0,    0,   ,   0,    ,    0,    0,    0,    0, 
WP, 90, 2016120512, 03, C120, 120,  76N, 1244E,   0,    0,   ,   0,    ,    0,    0,    0,    0, 
WP, 90, 2016120512, 03, CLIM,  12,  52N, 1367E,  23,    0,   ,   0,    ,    0,    0,    0,    0, 
WP, 90, 2016120512, 03, CLIM,  24,  57N, 1344E,  34,    0,   ,   0,    ,    0,    0,    0,    0, 
WP, 90, 2016120512, 03, CLIM,  36,  66N, 1321E,  48,    0,   ,   0,    ,    0,    0,    0,    0, 
WP, 90, 2016120512, 03, CLIM,  48,  75N, 1299E,  57,    0,   ,   0,    ,    0,    0,    0,    0, 
WP, 90, 2016120512, 03, CLIM,  72,  95N, 1259E,  70,    0,   ,   0,    ,    0,    0,    0,    0, 
WP, 90, 2016120512, 03, CLIP,  12,  50N, 1376E,  21,    0,   ,   0,    ,    0,    0,    0,    0, 
WP, 90, 2016120512, 03, CLIP,  24,  54N, 1359E,  31,    0,   ,   0,    ,    0,    0,    0,    0, 
WP, 90, 2016120512, 03, CLIP,  36,  58N, 1342E,  41,    0,   ,   0,    ,    0,    0,    0,    0, 
WP, 90, 2016120512, 03, CLIP,  48,  62N, 1324E,  51,    0,   ,   0,    ,    0,    0,    0,    0, 
WP, 90, 2016120512, 03, CLIP,  72,  73N, 1283E,  68,    0,   ,   0,    ,    0,    0,    0,    0, 
WP, 90, 2016120512, 03, CONW,   0,  47N, 1391E,  15,    0,   ,   0,    ,    0,    0,    0,    0, 
WP, 90, 2016120512, 03, DSHW,   0,  47N, 1391E,  15,    0, TD,   0,    ,    0,    0,    0,    0, 
WP, 90, 2016120512, 03, DSHW,  12,  56N, 1363E,  19,    0, TD,   0,    ,    0,    0,    0,    0, 
WP, 90, 2016120512, 03, DSHW,  24,  64N, 1342E,  24,    0, TD,   0,    ,    0,    0,    0,    0, 
WP, 90, 2016120512, 03, DSHW,  36,  74N, 1323E,  30,    0, TD,   0,    ,    0,    0,    0,    0, 
WP, 90, 2016120512, 03, DSHW,  48,  87N, 1307E,  33,    0, TD,   0,    ,    0,    0,    0,    0, 
WP, 90, 2016120512, 03, DSHW,  60,  99N, 1292E,  37,    0, TS,   0,    ,    0,    0,    0,    0, 
WP, 90, 2016120512, 03, DSHW,  72, 112N, 1278E,  44,    0, TS,   0,    ,    0,    0,    0,    0, 
WP, 90, 2016120512, 03, DSHW,  84,   0N,    0E,  47,    0,   ,   0,    ,    0,    0,    0,    0, 
WP, 90, 2016120512, 03, DSHW,  96,   0N,    0E,  49,    0,   ,   0,    ,    0,    0,    0,    0, 
WP, 90, 2016120512, 03, DSHW, 108,   0N,    0E,  52,    0,   ,   0,    ,    0,    0,    0,    0, 
WP, 90, 2016120512, 03, DSHW, 120,   0N,    0E,  53,    0,   ,   0,    ,    0,    0,    0,    0, 
WP, 90, 2016120512, 03, FBAM,  12,  50N, 1373E,   0,    0,   ,   0,    ,    0,    0,    0,    0, 
WP, 90, 2016120512, 03, FBAM,  24,  59N, 1353E,   0,    0,   ,   0,    ,    0,    0,    0,    0, 
WP, 90, 2016120512, 03, FBAM,  36,  71N, 1337E,   0,    0,   ,   0,    ,    0,    0,    0,    0, 
WP, 90, 2016120512, 03, FBAM,  48,  83N, 1324E,   0,    0,   ,   0,    ,    0,    0,    0,    0, 
WP, 90, 2016120512, 03, FBAM,  72, 109N, 1306E,   0,    0,   ,   0,    ,    0,    0,    0,    0, 
WP, 90, 2016120512, 03, HPAC,  12,  49N, 1372E,   0,    0,   ,   0,    ,    0,    0,    0,    0, 
WP, 90, 2016120512, 03, HPAC,  24,  52N, 1354E,   0,    0,   ,   0,    ,    0,    0,    0,    0, 
WP, 90, 2016120512, 03, HPAC,  36,  56N, 1335E,   0,    0,   ,   0,    ,    0,    0,    0,    0, 
WP, 90, 2016120512, 03, HPAC,  48,  61N, 1317E,   0,    0,   ,   0,    ,    0,    0,    0,    0, 
WP, 90, 2016120512, 03, HPAC,  72,  71N, 1283E,   0,    0,   ,   0,    ,    0,    0,    0,    0, 
WP, 90, 2016120512, 03, JJG2,   0,  47N, 1391E,  15,    0,   ,  34, NEQ,    0,    0,    0,    0, 
WP, 90, 2016120512, 03, JNVI,   0,  47N, 1391E,  15,    0,   ,  34, NEQ,    0,    0,    0,    0, 
WP, 90, 2016120512, 03, JNVI,  12,  66N, 1363E,  15,    0,   ,  34, NEQ,    0,    0,    0,    0, 
WP, 90, 2016120512, 03, JNVI,  24,  80N, 1336E,  15,    0,   ,  34, NEQ,    0,    0,    0,    0, 
WP, 90, 2016120512, 03, JNVI,  36,  91N, 1310E,  15,    0,   ,  34, NEQ,    0,    0,    0,    0, 
WP, 90, 2016120512, 03, JNVI,  48, 100N, 1284E,  15,    0,   ,  34, NEQ,    0,    0,    0,    0, 
WP, 90, 2016120512, 03, JNVI,  60, 109N, 1271E,  19,    0,   ,  34, NEQ,    0,    0,    0,    0, 
WP, 90, 2016120512, 03, JNVI,  72, 121N, 1266E,  22,    0,   ,  34, NEQ,    0,    0,    0,    0, 
WP, 90, 2016120512, 03, JNVI,  84, 136N, 1270E,  23,    0,   ,  34, NEQ,    0,    0,    0,    0, 
WP, 90, 2016120512, 03, JNVI,  96, 152N, 1285E,  27,    0,   ,  34, NEQ,    0,    0,    0,    0, 
WP, 90, 2016120512, 03, JNVI, 108, 171N, 1307E,  32,    0,   ,  34, NEQ,    0,    0,    0,    0, 
WP, 90, 2016120512, 03, JNVI, 120, 191N, 1329E,  37,    0,   ,  34, NEQ,    0,    0,    0,    0, 
WP, 90, 2016120512, 03, JUK2,   0,  47N, 1391E,  15,    0,   ,  34, NEQ,    0,    0,    0,    0, 
WP, 90, 2016120512, 03, LGEW,   0,  47N, 1391E,  15,    0, TD,   0,    ,    0,    0,    0,    0, 
WP, 90, 2016120512, 03, LGEW,  12,  56N, 1363E,  16,    0, TD,   0,    ,    0,    0,    0,    0, 
WP, 90, 2016120512, 03, LGEW,  24,  64N, 1342E,  18,    0, TD,   0,    ,    0,    0,    0,    0, 
WP, 90, 2016120512, 03, LGEW,  36,  74N, 1323E,  20,    0, TD,   0,    ,    0,    0,    0,    0, 
WP, 90, 2016120512, 03, LGEW,  48,  87N, 1307E,  22,    0, TD,   0,    ,    0,    0,    0,    0, 
WP, 90, 2016120512, 03, LGEW,  60,  99N, 1292E,  24,    0, TD,   0,    ,    0,    0,    0,    0, 
WP, 90, 2016120512, 03, LGEW,  72, 112N, 1278E,  25,    0, TD,   0,    ,    0,    0,    0,    0, 
WP, 90, 2016120512, 03, MBAM,  12,  51N, 1376E,   0,    0,   ,   0,    ,    0,    0,    0,    0, 
WP, 90, 2016120512, 03, MBAM,  24,  62N, 1361E,   0,    0,   ,   0,    ,    0,    0,    0,    0, 
WP, 90, 2016120512, 03, MBAM,  36,  77N, 1349E,   0,    0,   ,   0,    ,    0,    0,    0,    0, 
WP, 90, 2016120512, 03, MBAM,  48,  95N, 1336E,   0,    0,   ,   0,    ,    0,    0,    0,    0, 
WP, 90, 2016120512, 03, MBAM,  72, 134N, 1305E,   0,    0,   ,   0,    ,    0,    0,    0,    0, 
WP, 90, 2016120512, 03, RECR,  12,  52N, 1368E,  15,    0,   ,   0,    ,    0,    0,    0,    0, 
WP, 90, 2016120512, 03, RECR,  24,  59N, 1350E,  25,    0,   ,   0,    ,    0,    0,    0,    0, 
WP, 90, 2016120512, 03, RECR,  36,  65N, 1331E,  30,    0,   ,   0,    ,    0,    0,    0,    0, 
WP, 90, 2016120512, 03, RECR,  48,  71N, 1312E,  40,    0,   ,   0,    ,    0,    0,    0,    0, 
WP, 90, 2016120512, 03, RECR,  72,  86N, 1272E,  60,    0,   ,   0,    ,    0,    0,    0,    0, 
WP, 90, 2016120512, 03, SBAM,  12,  51N, 1377E,   0,    0,   ,   0,    ,    0,    0,    0,    0, 
WP, 90, 2016120512, 03, SBAM,  24,  62N, 1364E,   0,    0,   ,   0,    ,    0,    0,    0,    0, 
WP, 90, 2016120512, 03, SBAM,  36,  77N, 1353E,   0,    0,   ,   0,    ,    0,    0,    0,    0, 
WP, 90, 2016120512, 03, SBAM,  48,  95N, 1340E,   0,    0,   ,   0,    ,    0,    0,    0,    0, 
WP, 90, 2016120512, 03, SBAM,  72, 139N, 1304E,   0,    0,   ,   0,    ,    0,    0,    0,    0, 
WP, 90, 2016120512, 03, SHIW,   0,  47N, 1391E,  15,    0, TD,   0,    ,    0,    0,    0,    0, 
WP, 90, 2016120512, 03, SHIW,  12,  56N, 1363E,  19,    0, TD,   0,    ,    0,    0,    0,    0, 
WP, 90, 2016120512, 03, SHIW,  24,  64N, 1342E,  24,    0, TD,   0,    ,    0,    0,    0,    0, 
WP, 90, 2016120512, 03, SHIW,  36,  74N, 1323E,  30,    0, TD,   0,    ,    0,    0,    0,    0, 
WP, 90, 2016120512, 03, SHIW,  48,  87N, 1307E,  33,    0, TD,   0,    ,    0,    0,    0,    0, 
WP, 90, 2016120512, 03, SHIW,  60,  99N, 1292E,  37,    0, TS,   0,    ,    0,    0,    0,    0, 
WP, 90, 2016120512, 03, SHIW,  72, 112N, 1278E,  44,    0, TS,   0,    ,    0,    0,    0,    0, 
WP, 90, 2016120512, 03, SHIW,  84,   0N,    0E,  47,    0,   ,   0,    ,    0,    0,    0,    0, 
WP, 90, 2016120512, 03, SHIW,  96,   0N,    0E,  49,    0,   ,   0,    ,    0,    0,    0,    0, 
WP, 90, 2016120512, 03, SHIW, 108,   0N,    0E,  52,    0,   ,   0,    ,    0,    0,    0,    0, 
WP, 90, 2016120512, 03, SHIW, 120,   0N,    0E,  53,    0,   ,   0,    ,    0,    0,    0,    0, 
WP, 90, 2016120512, 03, ST5D,  12,   0N,    0E,  17,    0,   ,   0,    ,    0,    0,    0,    0, 
WP, 90, 2016120512, 03, ST5D,  24,   0N,    0E,  20,    0,   ,   0,    ,    0,    0,    0,    0, 
WP, 90, 2016120512, 03, ST5D,  36,   0N,    0E,  18,    0,   ,   0,    ,    0,    0,    0,    0, 
WP, 90, 2016120512, 03, ST5D,  48,   0N,    0E,  21,    0,   ,   0,    ,    0,    0,    0,    0, 
WP, 90, 2016120512, 03, ST5D,  60,   0N,    0E,  26,    0,   ,   0,    ,    0,    0,    0,    0, 
WP, 90, 2016120512, 03, ST5D,  72,   0N,    0E,  31,    0,   ,   0,    ,    0,    0,    0,    0, 
WP, 90, 2016120512, 03, ST5D,  84,   0N,    0E,  41,    0,   ,   0,    ,    0,    0,    0,    0, 
WP, 90, 2016120512, 03, ST5D,  96,   0N,    0E,  46,    0,   ,   0,    ,    0,    0,    0,    0, 
WP, 90, 2016120512, 03, ST5D, 108,   0N,    0E,  53,    0,   ,   0,    ,    0,    0,    0,    0, 
WP, 90, 2016120512, 03, ST5D, 120,   0N,    0E,  55,    0,   ,   0,    ,    0,    0,    0,    0, 
WP, 90, 2016120512, 03, STRT,  12,  51N, 1373E,  25,    0,   ,   0,    ,    0,    0,    0,    0, 
WP, 90, 2016120512, 03, STRT,  24,  54N, 1355E,  30,    0,   ,   0,    ,    0,    0,    0,    0, 
WP, 90, 2016120512, 03, STRT,  36,  58N, 1336E,  40,    0,   ,   0,    ,    0,    0,    0,    0, 
WP, 90, 2016120512, 03, STRT,  48,  60N, 1316E,  45,    0,   ,   0,    ,    0,    0,    0,    0, 
WP, 90, 2016120512, 03, STRT,  72,  66N, 1280E,  60,    0,   ,   0,    ,    0,    0,    0,    0, 
WP, 90, 2016120512, 03, TMMN,   0,  38N, 1391E,  18,    0,   ,   0,    ,    0,    0,    0,    0, 
WP, 90, 2016120512, 03, TMMN,   6,  35N, 1388E,  20,    0,   ,   0,    ,    0,    0,    0,    0, 
WP, 90, 2016120512, 03, TMMN,  12,  34N, 1386E,  22,    0,   ,   0,    ,    0,    0,    0,    0, 
WP, 90, 2016120512, 03, TMMN,  18,  34N, 1384E,  24,    0,   ,   0,    ,    0,    0,    0,    0, 
WP, 90, 2016120512, 03, TMMN,  24,  36N, 1382E,  25,    0,   ,   0,    ,    0,    0,    0,    0, 
WP, 90, 2016120512, 03, TMMN,  30,  39N, 1379E,  26,    0,   ,   0,    ,    0,    0,    0,    0, 
WP, 90, 2016120512, 03, TMMN,  36,  40N, 1378E,  26,    0,   ,   0,    ,    0,    0,    0,    0, 
WP, 90, 2016120512, 03, TMMN,  42,  42N, 1379E,  27,    0,   ,   0,    ,    0,    0,    0,    0, 
WP, 90, 2016120512, 03, TMMN,  48,  45N, 1379E,  28,    0,   ,   0,    ,    0,    0,    0,    0, 
WP, 90, 2016120512, 03, TMMN,  54,  48N, 1378E,  29,    0,   ,   0,    ,    0,    0,    0,    0, 
WP, 90, 2016120512, 03, TMMN,  60,  52N, 1378E,  29,    0,   ,   0,    ,    0,    0,    0,    0, 
WP, 90, 2016120512, 03, TMMN,  66,  54N, 1380E,  32,    0,   ,   0,    ,    0,    0,    0,    0, 
WP, 90, 2016120512, 03, TMMN,  72,  55N, 1380E,  35,    0,   ,   0,    ,    0,    0,    0,    0, 
WP, 90, 2016120512, 03, TMMN,  78,  55N, 1378E,  37,    0,   ,   0,    ,    0,    0,    0,    0, 
WP, 90, 2016120512, 03, TMMN,  84,  55N, 1373E,  36,    0,   ,   0,    ,    0,    0,    0,    0, 
WP, 90, 2016120512, 03, TMMN,  90,  55N, 1367E,  36,    0,   ,   0,    ,    0,    0,    0,    0, 
WP, 90, 2016120512, 03, TMMN,  96,  55N, 1362E,  35,    0,   ,   0,    ,    0,    0,    0,    0, 
WP, 90, 2016120512, 03, TMMN, 102,  54N, 1359E,  37,    0,   ,   0,    ,    0,    0,    0,    0, 
WP, 90, 2016120512, 03, TMMN, 108,  53N, 1357E,  38,    0,   ,   0,    ,    0,    0,    0,    0, 
WP, 90, 2016120512, 03, TMMN, 114,  53N, 1356E,  38,    0,   ,   0,    ,    0,    0,    0,    0, 
WP, 90, 2016120512, 03, TMMN, 120,  53N, 1355E,  39,    0,   ,   0,    ,    0,    0,    0,    0, 
WP, 90, 2016120512, 03, TMMN, 126,  53N, 1351E,  40,    0,   ,   0,    ,    0,    0,    0,    0, 
WP, 90, 2016120512, 03, TMMN, 132,  54N, 1347E,  40,    0,   ,   0,    ,    0,    0,    0,    0, 
WP, 90, 2016120512, 03, TMMN, 138,  56N, 1346E,  41,    0,   ,   0,    ,    0,    0,    0,    0, 
WP, 90, 2016120512, 03, WBAI,   0,  47N, 1391E,   0,    0,   ,  34, NEQ,    0,    0,    0,    0, 
WP, 90, 2016120512, 03, WBAI,  12,  56N, 1363E,   0,    0,   ,  34, NEQ,    0,    0,    0,    0, 
WP, 90, 2016120512, 03, WBAI,  24,  64N, 1342E,   0,    0,   ,  34, NEQ,    0,    0,    0,    0, 
WP, 90, 2016120512, 03, WBAI,  36,  74N, 1323E,   0,    0,   ,  34, NEQ,    0,    0,    0,    0, 
WP, 90, 2016120512, 03, WBAI,  48,  87N, 1307E,   0,    0,   ,  34, NEQ,    0,    0,    0,    0, 
WP, 90, 2016120512, 03, WBAI,  60,  99N, 1292E,   0,    0,   ,  34, NEQ,    0,    0,    0,    0, 
WP, 90, 2016120512, 03, WBAI,  72, 112N, 1278E,   0,    0,   ,  34, NEQ,    0,    0,    0,    0, 
WP, 90, 2016120512, 03, WBAR,   0,  47N, 1392E,   0,    0,   ,   0,    ,    0,    0,    0,    0, 
WP, 90, 2016120512, 03, WBAR,   6,  64N, 1373E,   0,    0,   ,   0,    ,    0,    0,    0,    0, 
WP, 90, 2016120512, 03, WBAR,  12,  65N, 1357E,   0,    0,   ,   0,    ,    0,    0,    0,    0, 
WP, 90, 2016120512, 03, WBAR,  18,  65N, 1343E,   0,    0,   ,   0,    ,    0,    0,    0,    0, 
WP, 90, 2016120512, 03, WBAR,  24,  67N, 1332E,   0,    0,   ,   0,    ,    0,    0,    0,    0, 
WP, 90, 2016120512, 03, WBAR,  30,  71N, 1322E,   0,    0,   ,   0,    ,    0,    0,    0,    0, 
WP, 90, 2016120512, 03, WBAR,  36,  76N, 1314E,   0,    0,   ,   0,    ,    0,    0,    0,    0, 
WP, 90, 2016120512, 03, WBAR,  42,  81N, 1305E,   0,    0,   ,   0,    ,    0,    0,    0,    0, 
WP, 90, 2016120512, 03, WBAR,  48,  87N, 1296E,   0,    0,   ,   0,    ,    0,    0,    0,    0, 
WP, 90, 2016120512, 03, WBAR,  54,  94N, 1287E,   0,    0,   ,   0,    ,    0,    0,    0,    0, 
WP, 90, 2016120512, 03, WBAR,  60, 102N, 1278E,   0,    0,   ,   0,    ,    0,    0,    0,    0, 
WP, 90, 2016120512, 03, WBAR,  66, 111N, 1269E,   0,    0,   ,   0,    ,    0,    0,    0,    0, 
WP, 90, 2016120512, 03, WBAR,  72, 118N, 1261E,   0,    0,   ,   0,    ,    0,    0,    0,    0, 
WP, 90, 2016120512, 03, WBS1,  12,  56N, 1363E,  19,    0,   ,   0,    ,    0,    0,    0,    0, 
WP, 90, 2016120512, 03, WBS1,  24,  64N, 1342E,  24,    0,   ,   0,    ,    0,    0,    0,    0, 
WP, 90, 2016120512, 03, WBS1,  36,  74N, 1323E,  31,    0,   ,   0,    ,    0,    0,    0,    0, 
WP, 90, 2016120512, 03, WBS1,  48,  87N, 1307E,  37,    0,   ,   0,    ,    0,    0,    0,    0, 
WP, 90, 2016120512, 03, WBS1,  60,  99N, 1292E,  44,    0,   ,   0,    ,    0,    0,    0,    0, 
WP, 90, 2016120512, 03, WBS1,  72, 112N, 1278E,  51,    0,   ,   0,    ,    0,    0,    0,    0, 
WP, 90, 2016120512, 03, WBS5,  12,  56N, 1363E,  19,    0,   ,   0,    ,    0,    0,    0,    0, 
WP, 90, 2016120512, 03, WBS5,  24,  64N, 1342E,  25,    0,   ,   0,    ,    0,    0,    0,    0, 
WP, 90, 2016120512, 03, WBS5,  36,  74N, 1323E,  31,    0,   ,   0,    ,    0,    0,    0,    0, 
WP, 90, 2016120512, 03, WBS5,  48,  87N, 1307E,  37,    0,   ,   0,    ,    0,    0,    0,    0, 
WP, 90, 2016120512, 03, WBS5,  60,  99N, 1292E,  44,    0,   ,   0,    ,    0,    0,    0,    0, 
WP, 90, 2016120512, 03, WBS5,  72, 112N, 1278E,  51,    0,   ,   0,    ,    0,    0,    0,    0, 
WP, 90, 2016120512, 03, XTRP,  12,  47N, 1377E,  15,    0,   ,   0,    ,    0,    0,    0,    0, 
WP, 90, 2016120512, 03, XTRP,  24,  47N, 1363E,  15,    0,   ,   0,    ,    0,    0,    0,    0, 
WP, 90, 2016120512, 03, XTRP,  36,  47N, 1349E,  15,    0,   ,   0,    ,    0,    0,    0,    0, 
WP, 90, 2016120512, 03, XTRP,  48,  47N, 1335E,  15,    0,   ,   0,    ,    0,    0,    0,    0, 
WP, 90, 2016120512, 03, XTRP,  60,  47N, 1321E,  15,    0,   ,   0,    ,    0,    0,    0,    0, 
WP, 90, 2016120512, 03, XTRP,  72,  47N, 1307E,  15,    0,   ,   0,    ,    0,    0,    0,    0, 
WP, 90, 2016120512, 03, XTRP,  84,  47N, 1293E,  15,    0,   ,   0,    ,    0,    0,    0,    0, 
WP, 90, 2016120512, 03, XTRP,  96,  47N, 1279E,  15,    0,   ,   0,    ,    0,    0,    0,    0, 
WP, 90, 2016120512, 03, XTRP, 108,  47N, 1265E,  15,    0,   ,   0,    ,    0,    0,    0,    0, 
WP, 90, 2016120512, 03, XTRP, 120,  47N, 1251E,  15,    0,   ,   0,    ,    0,    0,    0,    0, 
WP, 90, 2016120512, 72, JAVN,   0,  15N, 1417E,  15,    0,   ,  34, NEQ,    0,    0,    0,    0, 
WP, 90, 2016120512, 72, JAVN,  12,  25N, 1417E,  15,    0,   ,  34, NEQ,    0,    0,    0,    0, 
WP, 90, 2016120512, 72, JAVN,  24,  28N, 1426E,  15,    0,   ,  34, NEQ,    0,    0,    0,    0, 
WP, 90, 2016120512, 72, JAVN,  36,  33N, 1416E,  15,    0,   ,  34, NEQ,    0,    0,    0,    0, 
WP, 90, 2016120512, 72, JAVN,  48,  44N, 1425E,  20,    0,   ,  34, NEQ,    0,    0,    0,    0, 
WP, 90, 2016120512, 72, JAVN,  60,  45N, 1428E,  30,    0,   ,  34, NEQ,    0,    0,    0,    0, 
WP, 90, 2016120512, 72, JAVN,  72,  55N, 1421E,  20,    0,   ,  34, NEQ,    0,    0,    0,    0, 
WP, 90, 2016120512, 72, JAVN,  84,  65N, 1416E,  25,    0,   ,  34, NEQ,    0,    0,    0,    0, 
WP, 90, 2016120512, 72, JAVN,  96,  73N, 1405E,  30,    0,   ,  34, NEQ,    0,    0,    0,    0, 
WP, 90, 2016120512, 72, JAVN, 108,  85N, 1387E,  35,    0,   ,  34, NEQ,    0,    0,    0,    0, 
WP, 90, 2016120512, 72, JAVN, 120,  89N, 1375E,  35,    0,   ,  34, NEQ,    0,    0,    0,    0, 
WP, 90, 2016120512, 74, JJGS,   0,   8N, 1415E,  15,    0,   ,  34, NEQ,    0,    0,    0,    0, 
WP, 90, 2016120512, 74, JJGS,  12,  39N, 1365E,  15,    0,   ,  34, NEQ,    0,    0,    0,    0, 
WP, 90, 2016120518, 01, CARQ, -24,  47N, 1413E,  15,    0,   ,   0,    ,    0,    0,    0,    0, 
WP, 90, 2016120518, 01, CARQ, -18,  47N, 1405E,  15,    0,   ,   0,    ,    0,    0,    0,    0, 
WP, 90, 2016120518, 01, CARQ, -12,  47N, 1398E,  15,    0,   ,   0,    ,    0,    0,    0,    0, 
WP, 90, 2016120518, 01, CARQ,  -6,  47N, 1391E,  15,    0,   ,   0,    ,    0,    0,    0,    0, 
WP, 90, 2016120518, 01, CARQ,   0,  42N, 1388E,  15,    0,   ,   0,    ,    0,    0,    0,    0, 
WP, 90, 2016120518, 03, C120,  12,  40N, 1378E,   0,    0,   ,   0,    ,    0,    0,    0,    0, 
WP, 90, 2016120518, 03, C120,  24,  40N, 1365E,   0,    0,   ,   0,    ,    0,    0,    0,    0, 
WP, 90, 2016120518, 03, C120,  36,  41N, 1352E,   0,    0,   ,   0,    ,    0,    0,    0,    0, 
WP, 90, 2016120518, 03, C120,  48,  42N, 1339E,   0,    0,   ,   0,    ,    0,    0,    0,    0, 
WP, 90, 2016120518, 03, C120,  60,  43N, 1325E,   0,    0,   ,   0,    ,    0,    0,    0,    0, 
WP, 90, 2016120518, 03, C120,  72,  46N, 1307E,   0,    0,   ,   0,    ,    0,    0,    0,    0, 
WP, 90, 2016120518, 03, C120,  84,  50N, 1290E,   0,    0,   ,   0,    ,    0,    0,    0,    0, 
WP, 90, 2016120518, 03, C120,  96,  54N, 1274E,   0,    0,   ,   0,    ,    0,    0,    0,    0, 
WP, 90, 2016120518, 03, C120, 108,  58N, 1259E,   0,    0,   ,   0,    ,    0,    0,    0,    0, 
WP, 90, 2016120518, 03, C120, 120,  62N, 1247E,   0,    0,   ,   0,    ,    0,    0,    0,    0, 
WP, 90, 2016120518, 03, CLIM,  12,  45N, 1366E,  18,    0,   ,   0,    ,    0,    0,    0,    0, 
WP, 90, 2016120518, 03, CLIM,  24,  48N, 1343E,  27,    0,   ,   0,    ,    0,    0,    0,    0, 
WP, 90, 2016120518, 03, CLIM,  36,  54N, 1316E,  43,    0,   ,   0,    ,    0,    0,    0,    0, 
WP, 90, 2016120518, 03, CLIM,  48,  61N, 1292E,  55,    0,   ,   0,    ,    0,    0,    0,    0, 
WP, 90, 2016120518, 03, CLIM,  72,  76N, 1242E,  57,    0,   ,   0,    ,    0,    0,    0,    0, 
WP, 90, 2016120518, 03, CLIP,  12,  41N, 1376E,  21,    0,   ,   0,    ,    0,    0,    0,    0, 
WP, 90, 2016120518, 03, CLIP,  24,  42N, 1361E,  31,    0,   ,   0,    ,    0,    0,    0,    0, 
WP, 90, 2016120518, 03, CLIP,  36,  43N, 1344E,  41,    0,   ,   0,    ,    0,    0,    0,    0, 
WP, 90, 2016120518, 03, CLIP,  48,  47N, 1327E,  52,    0,   ,   0,    ,    0,    0,    0,    0, 
WP, 90, 2016120518, 03, CLIP,  72,  61N, 1283E,  72,    0,   ,   0,    ,    0,    0,    0,    0, 
WP, 90, 2016120518, 03, FBAM,  12,  42N, 1374E,   0,    0,   ,   0,    ,    0,    0,    0,    0, 
WP, 90, 2016120518, 03, FBAM,  24,  50N, 1357E,   0,    0,   ,   0,    ,    0,    0,    0,    0, 
WP, 90, 2016120518, 03, FBAM,  36,  59N, 1343E,   0,    0,   ,   0,    ,    0,    0,    0,    0, 
WP, 90, 2016120518, 03, FBAM,  48,  66N, 1331E,   0,    0,   ,   0,    ,    0,    0,    0,    0, 
WP, 90, 2016120518, 03, FBAM,  72,  79N, 1306E,   0,    0,   ,   0,    ,    0,    0,    0,    0, 
WP, 90, 2016120518, 03, HPAC,  12,  41N, 1372E,   0,    0,   ,   0,    ,    0,    0,    0,    0, 
WP, 90, 2016120518, 03, HPAC,  24,  40N, 1355E,   0,    0,   ,   0,    ,    0,    0,    0,    0, 
WP, 90, 2016120518, 03, HPAC,  36,  41N, 1337E,   0,    0,   ,   0,    ,    0,    0,    0,    0, 
WP, 90, 2016120518, 03, HPAC,  48,  41N, 1320E,   0,    0,   ,   0,    ,    0,    0,    0,    0, 
WP, 90, 2016120518, 03, HPAC,  72,  44N, 1285E,   0,    0,   ,   0,    ,    0,    0,    0,    0, 
WP, 90, 2016120518, 03, JNV2,   0,  42N, 1388E,  15,    0,   ,  34, NEQ,    0,    0,    0,    0, 
WP, 90, 2016120518, 03, JNV2,  12,  59N, 1358E,  15,    0,   ,  34, NEQ,    0,    0,    0,    0, 
WP, 90, 2016120518, 03, JNV2,  24,  71N, 1334E,  15,    0,   ,  34, NEQ,    0,    0,    0,    0, 
WP, 90, 2016120518, 03, JNV2,  36,  81N, 1306E,  15,    0,   ,  34, NEQ,    0,    0,    0,    0, 
WP, 90, 2016120518, 03, JNV2,  48,  90N, 1286E,  17,    0,   ,  34, NEQ,    0,    0,    0,    0, 
WP, 90, 2016120518, 03, JNV2,  60, 101N, 1278E,  21,    0,   ,  34, NEQ,    0,    0,    0,    0, 
WP, 90, 2016120518, 03, JNV2,  72, 114N, 1276E,  22,    0,   ,  34, NEQ,    0,    0,    0,    0, 
WP, 90, 2016120518, 03, JNV2,  84, 129N, 1287E,  25,    0,   ,  34, NEQ,    0,    0,    0,    0, 
WP, 90, 2016120518, 03, JNV2,  96, 146N, 1305E,  30,    0,   ,  34, NEQ,    0,    0,    0,    0, 
WP, 90, 2016120518, 03, JNV2, 108, 169N, 1330E,  35,    0,   ,  34, NEQ,    0,    0,    0,    0, 
WP, 90, 2016120518, 03, JNV2, 120, 193N, 1356E,  30,    0,   ,  34, NEQ,    0,    0,    0,    0, 
WP, 90, 2016120518, 03, MBAM,  12,  43N, 1376E,   0,    0,   ,   0,    ,    0,    0,    0,    0, 
WP, 90, 2016120518, 03, MBAM,  24,  53N, 1365E,   0,    0,   ,   0,    ,    0,    0,    0,    0, 
WP, 90, 2016120518, 03, MBAM,  36,  63N, 1356E,   0,    0,   ,   0,    ,    0,    0,    0,    0, 
WP, 90, 2016120518, 03, MBAM,  48,  73N, 1347E,   0,    0,   ,   0,    ,    0,    0,    0,    0, 
WP, 90, 2016120518, 03, MBAM,  72,  96N, 1326E,   0,    0,   ,   0,    ,    0,    0,    0,    0, 
WP, 90, 2016120518, 03, RECR,  12,  47N, 1366E,  20,    0,   ,   0,    ,    0,    0,    0,    0, 
WP, 90, 2016120518, 03, RECR,  24,  53N, 1344E,  25,    0,   ,   0,    ,    0,    0,    0,    0, 
WP, 90, 2016120518, 03, RECR,  36,  59N, 1326E,  30,    0,   ,   0,    ,    0,    0,    0,    0, 
WP, 90, 2016120518, 03, RECR,  48,  66N, 1307E,  40,    0,   ,   0,    ,    0,    0,    0,    0, 
WP, 90, 2016120518, 03, RECR,  72,  79N, 1266E,  65,    0,   ,   0,    ,    0,    0,    0,    0, 
WP, 90, 2016120518, 03, SBAM,  12,  43N, 1377E,   0,    0,   ,   0,    ,    0,    0,    0,    0, 
WP, 90, 2016120518, 03, SBAM,  24,  52N, 1366E,   0,    0,   ,   0,    ,    0,    0,    0,    0, 
WP, 90, 2016120518, 03, SBAM,  36,  63N, 1358E,   0,    0,   ,   0,    ,    0,    0,    0,    0, 
WP, 90, 2016120518, 03, SBAM,  48,  74N, 1350E,   0,    0,   ,   0,    ,    0,    0,    0,    0, 
WP, 90, 2016120518, 03, SBAM,  72, 100N, 1330E,   0,    0,   ,   0,    ,    0,    0,    0,    0, 
WP, 90, 2016120518, 03, ST5D,  12,   0N,    0E,  17,    0,   ,   0,    ,    0,    0,    0,    0, 
WP, 90, 2016120518, 03, ST5D,  24,   0N,    0E,  20,    0,   ,   0,    ,    0,    0,    0,    0, 
WP, 90, 2016120518, 03, ST5D,  36,   0N,    0E,  18,    0,   ,   0,    ,    0,    0,    0,    0, 
WP, 90, 2016120518, 03, ST5D,  48,   0N,    0E,  20,    0,   ,   0,    ,    0,    0,    0,    0, 
WP, 90, 2016120518, 03, ST5D,  60,   0N,    0E,  25,    0,   ,   0,    ,    0,    0,    0,    0, 
WP, 90, 2016120518, 03, ST5D,  72,   0N,    0E,  30,    0,   ,   0,    ,    0,    0,    0,    0, 
WP, 90, 2016120518, 03, ST5D,  84,   0N,    0E,  40,    0,   ,   0,    ,    0,    0,    0,    0, 
WP, 90, 2016120518, 03, ST5D,  96,   0N,    0E,  45,    0,   ,   0,    ,    0,    0,    0,    0, 
WP, 90, 2016120518, 03, ST5D, 108,   0N,    0E,  53,    0,   ,   0,    ,    0,    0,    0,    0, 
WP, 90, 2016120518, 03, ST5D, 120,   0N,    0E,  55,    0,   ,   0,    ,    0,    0,    0,    0, 
WP, 90, 2016120518, 03, STRT,  12,  44N, 1370E,  20,    0,   ,   0,    ,    0,    0,    0,    0, 
WP, 90, 2016120518, 03, STRT,  24,  46N, 1353E,  30,    0,   ,   0,    ,    0,    0,    0,    0, 
WP, 90, 2016120518, 03, STRT,  36,  48N, 1335E,  35,    0,   ,   0,    ,    0,    0,    0,    0, 
WP, 90, 2016120518, 03, STRT,  48,  49N, 1319E,  50,    0,   ,   0,    ,    0,    0,    0,    0, 
WP, 90, 2016120518, 03, STRT,  72,  53N, 1286E,  80,    0,   ,   0,    ,    0,    0,    0,    0, 
WP, 90, 2016120518, 03, TMM2,   0,  42N, 1388E,  15,    0,   ,  34, NEQ,    0,    0,    0,    0, 
WP, 90, 2016120518, 03, TMM2,  12,  46N, 1383E,  19,    0,   ,  34, NEQ,    0,    0,    0,    0, 
WP, 90, 2016120518, 03, TMM2,  24,  55N, 1380E,  19,    0,   ,  34, NEQ,    0,    0,    0,    0, 
WP, 90, 2016120518, 03, TMM2,  36,  62N, 1379E,  20,    0,   ,  34, NEQ,    0,    0,    0,    0, 
WP, 90, 2016120518, 03, TMM2,  48,  69N, 1376E,  19,    0,   ,  34, NEQ,    0,    0,    0,    0, 
WP, 90, 2016120518, 03, TMM2,  60,  77N, 1377E,  19,    0,   ,  34, NEQ,    0,    0,    0,    0, 
WP, 90, 2016120518, 03, TMM2,  72,  85N, 1380E,  20,    0,   ,  34, NEQ,    0,    0,    0,    0, 
WP, 90, 2016120518, 03, TMM2,  84,  92N, 1382E,  20,    0,   ,  34, NEQ,    0,    0,    0,    0, 
WP, 90, 2016120518, 03, TMM2,  96,  99N, 1379E,  20,    0,   ,  34, NEQ,    0,    0,    0,    0, 
WP, 90, 2016120518, 03, TMM2, 108, 104N, 1376E,  20,    0,   ,  34, NEQ,    0,    0,    0,    0, 
WP, 90, 2016120518, 03, TMM2, 120, 104N, 1380E,  20,    0,   ,  34, NEQ,    0,    0,    0,    0, 
WP, 90, 2016120518, 03, TMM2, 132, 105N, 1384E,  20,    0,   ,  34, NEQ,    0,    0,    0,    0, 
WP, 90, 2016120518, 03, TMMN,   0,  39N, 1388E,  18,    0,   ,   0,    ,    0,    0,    0,    0, 
WP, 90, 2016120518, 03, TMMN,   6,  37N, 1384E,  22,    0,   ,   0,    ,    0,    0,    0,    0, 
WP, 90, 2016120518, 03, TMMN,  12,  37N, 1382E,  24,    0,   ,   0,    ,    0,    0,    0,    0, 
WP, 90, 2016120518, 03, TMMN,  18,  40N, 1381E,  26,    0,   ,   0,    ,    0,    0,    0,    0, 
WP, 90, 2016120518, 03, TMMN,  24,  44N, 1380E,  27,    0,   ,   0,    ,    0,    0,    0,    0, 
WP, 90, 2016120518, 03, TMMN,  30,  50N, 1381E,  28,    0,   ,   0,    ,    0,    0,    0,    0, 
WP, 90, 2016120518, 03, TMMN,  36,  56N, 1381E,  29,    0,   ,   0,    ,    0,    0,    0,    0, 
WP, 90, 2016120518, 03, TMMN,  42,  62N, 1379E,  30,    0,   ,   0,    ,    0,    0,    0,    0, 
WP, 90, 2016120518, 03, TMMN,  48,  66N, 1375E,  31,    0,   ,   0,    ,    0,    0,    0,    0, 
WP, 90, 2016120518, 03, TMMN,  54,  71N, 1372E,  32,    0,   ,   0,    ,    0,    0,    0,    0, 
WP, 90, 2016120518, 03, TMMN,  60,  74N, 1372E,  33,    0,   ,   0,    ,    0,    0,    0,    0, 
WP, 90, 2016120518, 03, TMMN,  66,  79N, 1373E,  34,    0,   ,   0,    ,    0,    0,    0,    0, 
WP, 90, 2016120518, 03, TMMN,  72,  83N, 1375E,  35,    0,   ,   0,    ,    0,    0,    0,    0, 
WP, 90, 2016120518, 03, TMMN,  78,  88N, 1374E,  35,    0,   ,   0,    ,    0,    0,    0,    0, 
WP, 90, 2016120518, 03, TMMN,  84,  92N, 1374E,  37,    0,   ,   0,    ,    0,    0,    0,    0, 
WP, 90, 2016120518, 03, TMMN,  90,  95N, 1375E,  39,    0,   ,   0,    ,    0,    0,    0,    0, 
WP, 90, 2016120518, 03, TMMN,  96,  98N, 1376E,  41,    0,   ,   0,    ,    0,    0,    0,    0, 
WP, 90, 2016120518, 03, TMMN, 102, 100N, 1376E,  41,    0,   ,   0,    ,    0,    0,    0,    0, 
WP, 90, 2016120518, 03, TMMN, 108, 104N, 1376E,  42,    0,   ,   0,    ,    0,    0,    0,    0, 
WP, 90, 2016120518, 03, TMMN, 114, 107N, 1377E,  42,    0,   ,   0,    ,    0,    0,    0,    0, 
WP, 90, 2016120518, 03, TMMN, 120, 109N, 1376E,  42,    0,   ,   0,    ,    0,    0,    0,    0, 
WP, 90, 2016120518, 03, TMMN, 126, 109N, 1376E,  44,    0,   ,   0,    ,    0,    0,    0,    0, 
WP, 90, 2016120518, 03, TMMN, 132, 108N, 1378E,  44,    0,   ,   0,    ,    0,    0,    0,    0, 
WP, 90, 2016120518, 03, TMMN, 138, 108N, 1381E,  45,    0,   ,   0,    ,    0,    0,    0,    0, 
WP, 90, 2016120518, 03, WBAI,   0,  42N, 1388E,   0,    0,   ,  34, NEQ,    0,    0,    0,    0, 
WP, 90, 2016120518, 03, WBAI,  12,  51N, 1358E,   0,    0,   ,  34, NEQ,    0,    0,    0,    0, 
WP, 90, 2016120518, 03, WBAI,  24,  57N, 1336E,   0,    0,   ,  34, NEQ,    0,    0,    0,    0, 
WP, 90, 2016120518, 03, WBAI,  36,  66N, 1318E,   0,    0,   ,  34, NEQ,    0,    0,    0,    0, 
WP, 90, 2016120518, 03, WBAI,  48,  80N, 1300E,   0,    0,   ,  34, NEQ,    0,    0,    0,    0, 
WP, 90, 2016120518, 03, WBAI,  60,  95N, 1283E,   0,    0,   ,  34, NEQ,    0,    0,    0,    0, 
WP, 90, 2016120518, 03, WBAI,  72, 111N, 1265E,   0,    0,   ,  34, NEQ,    0,    0,    0,    0, 
WP, 90, 2016120518, 03, WBAR,   0,  42N, 1388E,   0,    0,   ,   0,    ,    0,    0,    0,    0, 
WP, 90, 2016120518, 03, WBAR,   6,  29N, 1373E,   0,    0,   ,   0,    ,    0,    0,    0,    0, 
WP, 90, 2016120518, 03, WBAR,  12,  31N, 1371E,   0,    0,   ,   0,    ,    0,    0,    0,    0, 
WP, 90, 2016120518, 03, WBAR,  18,  47N, 1348E,   0,    0,   ,   0,    ,    0,    0,    0,    0, 
WP, 90, 2016120518, 03, WBAR,  24,  52N, 1338E,   0,    0,   ,   0,    ,    0,    0,    0,    0, 
WP, 90, 2016120518, 03, WBAR,  30,  57N, 1329E,   0,    0,   ,   0,    ,    0,    0,    0,    0, 
WP, 90, 2016120518, 03, WBAR,  36,  62N, 1321E,   0,    0,   ,   0,    ,    0,    0,    0,    0, 
WP, 90, 2016120518, 03, WBAR,  42,  67N, 1313E,   0,    0,   ,   0,    ,    0,    0,    0,    0, 
WP, 90, 2016120518, 03, WBAR,  48,  73N, 1306E,   0,    0,   ,   0,    ,    0,    0,    0,    0, 
WP, 90, 2016120518, 03, WBAR,  54,  80N, 1297E,   0,    0,   ,   0,    ,    0,    0,    0,    0, 
WP, 90, 2016120518, 03, WBAR,  60,  86N, 1289E,   0,    0,   ,   0,    ,    0,    0,    0,    0, 
WP, 90, 2016120518, 03, WBAR,  66,  92N, 1281E,   0,    0,   ,   0,    ,    0,    0,    0,    0, 
WP, 90, 2016120518, 03, WBAR,  72,  99N, 1273E,   0,    0,   ,   0,    ,    0,    0,    0,    0, 
WP, 90, 2016120518, 03, WBS1,  12,  51N, 1358E,  18,    0,   ,   0,    ,    0,    0,    0,    0, 
WP, 90, 2016120518, 03, WBS1,  24,  57N, 1336E,  22,    0,   ,   0,    ,    0,    0,    0,    0, 
WP, 90, 2016120518, 03, WBS1,  36,  66N, 1318E,  26,    0,   ,   0,    ,    0,    0,    0,    0, 
WP, 90, 2016120518, 03, WBS1,  48,  80N, 1300E,  31,    0,   ,   0,    ,    0,    0,    0,    0, 
WP, 90, 2016120518, 03, WBS1,  60,  95N, 1283E,  36,    0,   ,   0,    ,    0,    0,    0,    0, 
WP, 90, 2016120518, 03, WBS1,  72, 111N, 1265E,  42,    0,   ,   0,    ,    0,    0,    0,    0, 
WP, 90, 2016120518, 03, WBS5,  12,  51N, 1358E,  19,    0,   ,   0,    ,    0,    0,    0,    0, 
WP, 90, 2016120518, 03, WBS5,  24,  57N, 1336E,  23,    0,   ,   0,    ,    0,    0,    0,    0, 
WP, 90, 2016120518, 03, WBS5,  36,  66N, 1318E,  27,    0,   ,   0,    ,    0,    0,    0,    0, 
WP, 90, 2016120518, 03, WBS5,  48,  80N, 1300E,  32,    0,   ,   0,    ,    0,    0,    0,    0, 
WP, 90, 2016120518, 03, WBS5,  60,  95N, 1283E,  37,    0,   ,   0,    ,    0,    0,    0,    0, 
WP, 90, 2016120518, 03, WBS5,  72, 111N, 1265E,  43,    0,   ,   0,    ,    0,    0,    0,    0, 
WP, 90, 2016120518, 72, JAVN,   0,  38N, 1365E,  15,    0,   ,  34, NEQ,    0,    0,    0,    0, 
WP, 90, 2016120518, 72, JAVN,  12,  25N, 1388E,  15,    0,   ,  34, NEQ,    0,    0,    0,    0, 
WP, 90, 2016120518, 72, JAVN,  24,  28N, 1383E,  15,    0,   ,  34, NEQ,    0,    0,    0,    0, 
WP, 90, 2016120518, 72, JAVN,  36,  28N, 1384E,  20,    0,   ,  34, NEQ,    0,    0,    0,    0, 
WP, 90, 2016120518, 72, JAVN,  48,  52N, 1377E,  30,    0,   ,  34, NEQ,    0,    0,    0,    0, 
WP, 90, 2016120518, 72, JAVN,  60,  49N, 1361E,  25,    0,   ,  34, NEQ,    0,    0,    0,    0, 
WP, 90, 2016120518, 72, JAVN,  72,  63N, 1393E,  20,    0,   ,  34, NEQ,    0,    0,    0,    0, 
WP, 90, 2016120518, 72, JAVN,  84,  70N, 1391E,  25,    0,   ,  34, NEQ,    0,    0,    0,    0, 
WP, 90, 2016120518, 72, JAVN,  96,  80N, 1412E,  25,    0,   ,  34, NEQ,    0,    0,    0,    0, 
WP, 90, 2016120518, 72, JAVN, 108,  86N, 1391E,  25,    0,   ,  34, NEQ,    0,    0,    0,    0, 
WP, 90, 2016120518, 72, JAVN, 120, 100N, 1372E,  30,    0,   ,  34, NEQ,    0,    0,    0,    0, 
WP, 90, 2016120600, 01, CARQ, -18,  47N, 1398E,  15,    0,   ,   0,    ,    0,    0,    0,    0, 
WP, 90, 2016120600, 01, CARQ, -12,  47N, 1391E,  15,    0,   ,   0,    ,    0,    0,    0,    0, 
WP, 90, 2016120600, 01, CARQ,  -6,  42N, 1388E,  15,    0,   ,   0,    ,    0,    0,    0,    0, 
WP, 90, 2016120600, 01, CARQ,   0,  42N, 1384E,  15,    0,   ,   0,    ,    0,    0,    0,    0, 
WP, 90, 2016120600, 03, C120,  12,  40N, 1376E,   0,    0,   ,   0,    ,    0,    0,    0,    0, 
WP, 90, 2016120600, 03, C120,  24,  40N, 1365E,   0,    0,   ,   0,    ,    0,    0,    0,    0, 
WP, 90, 2016120600, 03, C120,  36,  42N, 1354E,   0,    0,   ,   0,    ,    0,    0,    0,    0, 
WP, 90, 2016120600, 03, C120,  48,  43N, 1342E,   0,    0,   ,   0,    ,    0,    0,    0,    0, 
WP, 90, 2016120600, 03, C120,  60,  44N, 1329E,   0,    0,   ,   0,    ,    0,    0,    0,    0, 
WP, 90, 2016120600, 03, C120,  72,  48N, 1312E,   0,    0,   ,   0,    ,    0,    0,    0,    0, 
WP, 90, 2016120600, 03, C120,  84,  52N, 1295E,   0,    0,   ,   0,    ,    0,    0,    0,    0, 
WP, 90, 2016120600, 03, C120,  96,  56N, 1279E,   0,    0,   ,   0,    ,    0,    0,    0,    0, 
WP, 90, 2016120600, 03, C120, 108,  60N, 1265E,   0,    0,   ,   0,    ,    0,    0,    0,    0, 
WP, 90, 2016120600, 03, C120, 120,  64N, 1254E,   0,    0,   ,   0,    ,    0,    0,    0,    0, 
WP, 90, 2016120600, 03, CLIM,  12,  49N, 1358E,  16,    0,   ,   0,    ,    0,    0,    0,    0, 
WP, 90, 2016120600, 03, CLIM,  24,  56N, 1330E,  23,    0,   ,   0,    ,    0,    0,    0,    0, 
WP, 90, 2016120600, 03, CLIM,  36,  68N, 1295E,  35,    0,   ,   0,    ,    0,    0,    0,    0, 
WP, 90, 2016120600, 03, CLIM,  48,  75N, 1272E,  47,    0,   ,   0,    ,    0,    0,    0,    0, 
WP, 90, 2016120600, 03, CLIM,  72,  87N, 1228E,  46,    0,   ,   0,    ,    0,    0,    0,    0, 
WP, 90, 2016120600, 03, CLIP,  12,  41N, 1375E,  21,    0,   ,   0,    ,    0,    0,    0,    0, 
WP, 90, 2016120600, 03, CLIP,  24,  43N, 1360E,  30,    0,   ,   0,    ,    0,    0,    0,    0, 
WP, 90, 2016120600, 03, CLIP,  36,  46N, 1345E,  41,    0,   ,   0,    ,    0,    0,    0,    0, 
WP, 90, 2016120600, 03, CLIP,  48,  50N, 1330E,  51,    0,   ,   0,    ,    0,    0,    0,    0, 
WP, 90, 2016120600, 03, CLIP,  72,  62N, 1285E,  71,    0,   ,   0,    ,    0,    0,    0,    0, 
WP, 90, 2016120600, 03, CONW,   0,  42N, 1384E,  15,    0,   ,   0,    ,    0,    0,    0,    0, 
WP, 90, 2016120600, 03, DSHW,   0,  42N, 1384E,  15,    0, TD,   0,    ,    0,    0,    0,    0, 
WP, 90, 2016120600, 03, DSHW,  12,  49N, 1359E,  19,    0, TD,   0,    ,    0,    0,    0,    0, 
WP, 90, 2016120600, 03, DSHW,  24,  62N, 1337E,  23,    0, TD,   0,    ,    0,    0,    0,    0, 
WP, 90, 2016120600, 03, DSHW,  36,  73N, 1321E,  27,    0, TD,   0,    ,    0,    0,    0,    0, 
WP, 90, 2016120600, 03, DSHW,  48,  85N, 1305E,  29,    0, TD,   0,    ,    0,    0,    0,    0, 
WP, 90, 2016120600, 03, DSHW,  60,  98N, 1289E,  31,    0, TD,   0,    ,    0,    0,    0,    0, 
WP, 90, 2016120600, 03, DSHW,  72, 110N, 1272E,  36,    0, TS,   0,    ,    0,    0,    0,    0, 
WP, 90, 2016120600, 03, DSHW,  84,   0N,    0E,  39,    0,   ,   0,    ,    0,    0,    0,    0, 
WP, 90, 2016120600, 03, DSHW,  96,   0N,    0E,  42,    0,   ,   0,    ,    0,    0,    0,    0, 
WP, 90, 2016120600, 03, DSHW, 108,   0N,    0E,  45,    0,   ,   0,    ,    0,    0,    0,    0, 
WP, 90, 2016120600, 03, DSHW, 120,   0N,    0E,  46,    0,   ,   0,    ,    0,    0,    0,    0, 
WP, 90, 2016120600, 03, FBAM,  12,  42N, 1372E,   0,    0,   ,   0,    ,    0,    0,    0,    0, 
WP, 90, 2016120600, 03, FBAM,  24,  50N, 1355E,   0,    0,   ,   0,    ,    0,    0,    0,    0, 
WP, 90, 2016120600, 03, FBAM,  36,  58N, 1341E,   0,    0,   ,   0,    ,    0,    0,    0,    0, 
WP, 90, 2016120600, 03, FBAM,  48,  64N, 1328E,   0,    0,   ,   0,    ,    0,    0,    0,    0, 
WP, 90, 2016120600, 03, FBAM,  72,  77N, 1301E,   0,    0,   ,   0,    ,    0,    0,    0,    0, 
WP, 90, 2016120600, 03, HPAC,  12,  43N, 1367E,   0,    0,   ,   0,    ,    0,    0,    0,    0, 
WP, 90, 2016120600, 03, HPAC,  24,  44N, 1350E,   0,    0,   ,   0,    ,    0,    0,    0,    0, 
WP, 90, 2016120600, 03, HPAC,  36,  47N, 1329E,   0,    0,   ,   0,    ,    0,    0,    0,    0, 
WP, 90, 2016120600, 03, HPAC,  48,  49N, 1314E,   0,    0,   ,   0,    ,    0,    0,    0,    0, 
WP, 90, 2016120600, 03, HPAC,  72,  50N, 1285E,   0,    0,   ,   0,    ,    0,    0,    0,    0, 
WP, 90, 2016120600, 03, ICNX,   0,   0N,    0W,  15,    0,   ,   0,    ,    0,    0,    0,    0, 
WP, 90, 2016120600, 03, ICNX,  12,   0N,    0W,  19,    0,   ,   0,    ,    0,    0,    0,    0, 
WP, 90, 2016120600, 03, ICNX,  24,   0N,    0W,  25,    0,   ,   0,    ,    0,    0,    0,    0, 
WP, 90, 2016120600, 03, ICNX,  36,   0N,    0W,  32,    0,   ,   0,    ,    0,    0,    0,    0, 
WP, 90, 2016120600, 03, ICNX,  48,   0N,    0W,  41,    0,   ,   0,    ,    0,    0,    0,    0, 
WP, 90, 2016120600, 03, ICNX,  60,   0N,    0W,  49,    0,   ,   0,    ,    0,    0,    0,    0, 
WP, 90, 2016120600, 03, ICNX,  72,   0N,    0W,  57,    0,   ,   0,    ,    0,    0,    0,    0, 
WP, 90, 2016120600, 03, JAS1,  12,  37N, 1393E,  19,    0,   ,   0,    ,    0,    0,    0,    0, 
WP, 90, 2016120600, 03, JAS1,  24,  39N, 1392E,  24,    0,   ,   0,    ,    0,    0,    0,    0, 
WP, 90, 2016120600, 03, JAS1,  36,  49N, 1389E,  32,    0,   ,   0,    ,    0,    0,    0,    0, 
WP, 90, 2016120600, 03, JAS1,  48,  60N, 1380E,  43,    0,   ,   0,    ,    0,    0,    0,    0, 
WP, 90, 2016120600, 03, JAS1,  60,  66N, 1387E,  52,    0,   ,   0,    ,    0,    0,    0,    0, 
WP, 90, 2016120600, 03, JAS1,  72,  76N, 1400E,  61,    0,   ,   0,    ,    0,    0,    0,    0, 
WP, 90, 2016120600, 03, JAS1,  84,  85N, 1409E,  69,    0,   ,   0,    ,    0,    0,    0,    0, 
WP, 90, 2016120600, 03, JAS1,  96,  93N, 1408E,  76,    0,   ,   0,    ,    0,    0,    0,    0, 
WP, 90, 2016120600, 03, JAS1, 108, 103N, 1391E,  83,    0,   ,   0,    ,    0,    0,    0,    0, 
WP, 90, 2016120600, 03, JAS1, 120, 113N, 1373E,  90,    0,   ,   0,    ,    0,    0,    0,    0, 
WP, 90, 2016120600, 03, JAS5,  12,  37N, 1393E,  19,    0,   ,   0,    ,    0,    0,    0,    0, 
WP, 90, 2016120600, 03, JAS5,  24,  39N, 1392E,  25,    0,   ,   0,    ,    0,    0,    0,    0, 
WP, 90, 2016120600, 03, JAS5,  36,  49N, 1389E,  33,    0,   ,   0,    ,    0,    0,    0,    0, 
WP, 90, 2016120600, 03, JAS5,  48,  60N, 1380E,  44,    0,   ,   0,    ,    0,    0,    0,    0, 
WP, 90, 2016120600, 03, JAS5,  60,  66N, 1387E,  53,    0,   ,   0,    ,    0,    0,    0,    0, 
WP, 90, 2016120600, 03, JAS5,  72,  76N, 1400E,  63,    0,   ,   0,    ,    0,    0,    0,    0, 
WP, 90, 2016120600, 03, JAS5,  84,  85N, 1409E,  72,    0,   ,   0,    ,    0,    0,    0,    0, 
WP, 90, 2016120600, 03, JAS5,  96,  93N, 1408E,  80,    0,   ,   0,    ,    0,    0,    0,    0, 
WP, 90, 2016120600, 03, JAS5, 108, 103N, 1391E,  87,    0,   ,   0,    ,    0,    0,    0,    0, 
WP, 90, 2016120600, 03, JAS5, 120, 113N, 1373E,  93,    0,   ,   0,    ,    0,    0,    0,    0, 
WP, 90, 2016120600, 03, JAVI,   0,  42N, 1384E,  15,    0,   ,  34, NEQ,    0,    0,    0,    0, 
WP, 90, 2016120600, 03, JAVI,  12,  37N, 1393E,  15,    0,   ,  34, NEQ,    0,    0,    0,    0, 
WP, 90, 2016120600, 03, JAVI,  24,  39N, 1392E,  18,    0,   ,  34, NEQ,    0,    0,    0,    0, 
WP, 90, 2016120600, 03, JAVI,  36,  49N, 1389E,  24,    0,   ,  34, NEQ,    0,    0,    0,    0, 
WP, 90, 2016120600, 03, JAVI,  48,  60N, 1380E,  26,    0,   ,  34, NEQ,    0,    0,    0,    0, 
WP, 90, 2016120600, 03, JAVI,  60,  66N, 1387E,  23,    0,   ,  34, NEQ,    0,    0,    0,    0, 
WP, 90, 2016120600, 03, JAVI,  72,  76N, 1400E,  22,    0,   ,  34, NEQ,    0,    0,    0,    0, 
WP, 90, 2016120600, 03, JAVI,  84,  85N, 1409E,  24,    0,   ,  34, NEQ,    0,    0,    0,    0, 
WP, 90, 2016120600, 03, JAVI,  96,  93N, 1408E,  25,    0,   ,  34, NEQ,    0,    0,    0,    0, 
WP, 90, 2016120600, 03, JAVI, 108, 103N, 1391E,  27,    0,   ,  34, NEQ,    0,    0,    0,    0, 
WP, 90, 2016120600, 03, JAVI, 120, 113N, 1373E,  30,    0,   ,  34, NEQ,    0,    0,    0,    0, 
WP, 90, 2016120600, 03, JJG2,   0,  42N, 1384E,  15,    0,   ,  34, NEQ,    0,    0,    0,    0, 
WP, 90, 2016120600, 03, LGEW,   0,  42N, 1384E,  15,    0, TD,   0,    ,    0,    0,    0,    0, 
WP, 90, 2016120600, 03, LGEW,  12,  49N, 1359E,  16,    0, TD,   0,    ,    0,    0,    0,    0, 
WP, 90, 2016120600, 03, LGEW,  24,  62N, 1337E,  18,    0, TD,   0,    ,    0,    0,    0,    0, 
WP, 90, 2016120600, 03, LGEW,  36,  73N, 1321E,  21,    0, TD,   0,    ,    0,    0,    0,    0, 
WP, 90, 2016120600, 03, LGEW,  48,  85N, 1305E,  23,    0, TD,   0,    ,    0,    0,    0,    0, 
WP, 90, 2016120600, 03, LGEW,  60,  98N, 1289E,  24,    0, TD,   0,    ,    0,    0,    0,    0, 
WP, 90, 2016120600, 03, LGEW,  72, 110N, 1272E,  25,    0, TD,   0,    ,    0,    0,    0,    0, 
WP, 90, 2016120600, 03, MBAM,  12,  43N, 1374E,   0,    0,   ,   0,    ,    0,    0,    0,    0, 
WP, 90, 2016120600, 03, MBAM,  24,  53N, 1363E,   0,    0,   ,   0,    ,    0,    0,    0,    0, 
WP, 90, 2016120600, 03, MBAM,  36,  63N, 1354E,   0,    0,   ,   0,    ,    0,    0,    0,    0, 
WP, 90, 2016120600, 03, MBAM,  48,  72N, 1345E,   0,    0,   ,   0,    ,    0,    0,    0,    0, 
WP, 90, 2016120600, 03, MBAM,  72,  94N, 1323E,   0,    0,   ,   0,    ,    0,    0,    0,    0, 
WP, 90, 2016120600, 03, RECR,  12,  49N, 1363E,  15,    0,   ,   0,    ,    0,    0,    0,    0, 
WP, 90, 2016120600, 03, RECR,  24,  54N, 1342E,  25,    0,   ,   0,    ,    0,    0,    0,    0, 
WP, 90, 2016120600, 03, RECR,  36,  59N, 1322E,  30,    0,   ,   0,    ,    0,    0,    0,    0, 
WP, 90, 2016120600, 03, RECR,  48,  64N, 1301E,  40,    0,   ,   0,    ,    0,    0,    0,    0, 
WP, 90, 2016120600, 03, RECR,  72,  82N, 1260E,  60,    0,   ,   0,    ,    0,    0,    0,    0, 
WP, 90, 2016120600, 03, SBAM,  12,  43N, 1375E,   0,    0,   ,   0,    ,    0,    0,    0,    0, 
WP, 90, 2016120600, 03, SBAM,  24,  53N, 1364E,   0,    0,   ,   0,    ,    0,    0,    0,    0, 
WP, 90, 2016120600, 03, SBAM,  36,  64N, 1356E,   0,    0,   ,   0,    ,    0,    0,    0,    0, 
WP, 90, 2016120600, 03, SBAM,  48,  73N, 1347E,   0,    0,   ,   0,    ,    0,    0,    0,    0, 
WP, 90, 2016120600, 03, SBAM,  72,  99N, 1328E,   0,    0,   ,   0,    ,    0,    0,    0,    0, 
WP, 90, 2016120600, 03, SHIW,   0,  42N, 1384E,  15,    0, TD,   0,    ,    0,    0,    0,    0, 
WP, 90, 2016120600, 03, SHIW,  12,  49N, 1359E,  19,    0, TD,   0,    ,    0,    0,    0,    0, 
WP, 90, 2016120600, 03, SHIW,  24,  62N, 1337E,  23,    0, TD,   0,    ,    0,    0,    0,    0, 
WP, 90, 2016120600, 03, SHIW,  36,  73N, 1321E,  27,    0, TD,   0,    ,    0,    0,    0,    0, 
WP, 90, 2016120600, 03, SHIW,  48,  85N, 1305E,  29,    0, TD,   0,    ,    0,    0,    0,    0, 
WP, 90, 2016120600, 03, SHIW,  60,  98N, 1289E,  31,    0, TD,   0,    ,    0,    0,    0,    0, 
WP, 90, 2016120600, 03, SHIW,  72, 110N, 1272E,  36,    0, TS,   0,    ,    0,    0,    0,    0, 
WP, 90, 2016120600, 03, SHIW,  84,   0N,    0E,  39,    0,   ,   0,    ,    0,    0,    0,    0, 
WP, 90, 2016120600, 03, SHIW,  96,   0N,    0E,  42,    0,   ,   0,    ,    0,    0,    0,    0, 
WP, 90, 2016120600, 03, SHIW, 108,   0N,    0E,  45,    0,   ,   0,    ,    0,    0,    0,    0, 
WP, 90, 2016120600, 03, SHIW, 120,   0N,    0E,  46,    0,   ,   0,    ,    0,    0,    0,    0, 
WP, 90, 2016120600, 03, ST5D,  12,   0N,    0E,  17,    0,   ,   0,    ,    0,    0,    0,    0, 
WP, 90, 2016120600, 03, ST5D,  24,   0N,    0E,  20,    0,   ,   0,    ,    0,    0,    0,    0, 
WP, 90, 2016120600, 03, ST5D,  36,   0N,    0E,  18,    0,   ,   0,    ,    0,    0,    0,    0, 
WP, 90, 2016120600, 03, ST5D,  48,   0N,    0E,  20,    0,   ,   0,    ,    0,    0,    0,    0, 
WP, 90, 2016120600, 03, ST5D,  60,   0N,    0E,  25,    0,   ,   0,    ,    0,    0,    0,    0, 
WP, 90, 2016120600, 03, ST5D,  72,   0N,    0E,  30,    0,   ,   0,    ,    0,    0,    0,    0, 
WP, 90, 2016120600, 03, ST5D,  84,   0N,    0E,  40,    0,   ,   0,    ,    0,    0,    0,    0, 
WP, 90, 2016120600, 03, ST5D,  96,   0N,    0E,  44,    0,   ,   0,    ,    0,    0,    0,    0, 
WP, 90, 2016120600, 03, ST5D, 108,   0N,    0E,  52,    0,   ,   0,    ,    0,    0,    0,    0, 
WP, 90, 2016120600, 03, ST5D, 120,   0N,    0E,  55,    0,   ,   0,    ,    0,    0,    0,    0, 
WP, 90, 2016120600, 03, STRT,  12,  45N, 1368E,  15,    0,   ,   0,    ,    0,    0,    0,    0, 
WP, 90, 2016120600, 03, STRT,  24,  46N, 1352E,  25,    0,   ,   0,    ,    0,    0,    0,    0, 
WP, 90, 2016120600, 03, STRT,  36,  47N, 1336E,  35,    0,   ,   0,    ,    0,    0,    0,    0, 
WP, 90, 2016120600, 03, STRT,  48,  49N, 1320E,  50,    0,   ,   0,    ,    0,    0,    0,    0, 
WP, 90, 2016120600, 03, STRT,  72,  47N, 1284E,  70,    0,   ,   0,    ,    0,    0,    0,    0, 
WP, 90, 2016120600, 03, TMMI,   0,  42N, 1384E,  15,    0,   ,  34, NEQ,    0,    0,    0,    0, 
WP, 90, 2016120600, 03, TMMI,  12,  45N, 1380E,  19,    0,   ,  34, NEQ,    0,    0,    0,    0, 
WP, 90, 2016120600, 03, TMMI,  24,  54N, 1380E,  21,    0,   ,  34, NEQ,    0,    0,    0,    0, 
WP, 90, 2016120600, 03, TMMI,  36,  65N, 1377E,  23,    0,   ,  34, NEQ,    0,    0,    0,    0, 
WP, 90, 2016120600, 03, TMMI,  48,  74N, 1373E,  25,    0,   ,  34, NEQ,    0,    0,    0,    0, 
WP, 90, 2016120600, 03, TMMI,  60,  83N, 1372E,  27,    0,   ,  34, NEQ,    0,    0,    0,    0, 
WP, 90, 2016120600, 03, TMMI,  72,  91N, 1373E,  29,    0,   ,  34, NEQ,    0,    0,    0,    0, 
WP, 90, 2016120600, 03, TMMI,  84,  99N, 1374E,  32,    0,   ,  34, NEQ,    0,    0,    0,    0, 
WP, 90, 2016120600, 03, TMMI,  96, 104N, 1375E,  34,    0,   ,  34, NEQ,    0,    0,    0,    0, 
WP, 90, 2016120600, 03, TMMI, 108, 110N, 1375E,  35,    0,   ,  34, NEQ,    0,    0,    0,    0, 
WP, 90, 2016120600, 03, TMMI, 120, 112N, 1376E,  37,    0,   ,  34, NEQ,    0,    0,    0,    0, 
WP, 90, 2016120600, 03, TMMI, 132, 112N, 1380E,  38,    0,   ,  34, NEQ,    0,    0,    0,    0, 
WP, 90, 2016120600, 03, TMMI, 144, 111N, 1384E,  40,    0,   ,  34, NEQ,    0,    0,    0,    0, 
WP, 90, 2016120600, 03, TMMN,   0,  40N, 1390E,  17,    0,   ,   0,    ,    0,    0,    0,    0, 
WP, 90, 2016120600, 03, TMMN,   6,  37N, 1389E,  19,    0,   ,   0,    ,    0,    0,    0,    0, 
WP, 90, 2016120600, 03, TMMN,  12,  36N, 1391E,  21,    0,   ,   0,    ,    0,    0,    0,    0, 
WP, 90, 2016120600, 03, TMMN,  18,  36N, 1394E,  22,    0,   ,   0,    ,    0,    0,    0,    0, 
WP, 90, 2016120600, 03, TMMN,  24,  37N, 1395E,  23,    0,   ,   0,    ,    0,    0,    0,    0, 
WP, 90, 2016120600, 03, TMMN,  30,  40N, 1398E,  25,    0,   ,   0,    ,    0,    0,    0,    0, 
WP, 90, 2016120600, 03, TMMN,  36,  44N, 1403E,  27,    0,   ,   0,    ,    0,    0,    0,    0, 
WP, 90, 2016120600, 03, TMMN,  42,  49N, 1407E,  29,    0,   ,   0,    ,    0,    0,    0,    0, 
WP, 90, 2016120600, 03, TMMN,  48,  55N, 1408E,  29,    0,   ,   0,    ,    0,    0,    0,    0, 
WP, 90, 2016120600, 03, TMMN,  54,  59N, 1405E,  28,    0,   ,   0,    ,    0,    0,    0,    0, 
WP, 90, 2016120600, 03, TMMN,  60,  62N, 1400E,  29,    0,   ,   0,    ,    0,    0,    0,    0, 
WP, 90, 2016120600, 03, TMMN,  66,  64N, 1394E,  32,    0,   ,   0,    ,    0,    0,    0,    0, 
WP, 90, 2016120600, 03, TMMN,  72,  65N, 1389E,  33,    0,   ,   0,    ,    0,    0,    0,    0, 
WP, 90, 2016120600, 03, TMMN,  78,  66N, 1385E,  32,    0,   ,   0,    ,    0,    0,    0,    0, 
WP, 90, 2016120600, 03, TMMN,  84,  69N, 1379E,  30,    0,   ,   0,    ,    0,    0,    0,    0, 
WP, 90, 2016120600, 03, TMMN,  90,  71N, 1372E,  30,    0,   ,   0,    ,    0,    0,    0,    0, 
WP, 90, 2016120600, 03, TMMN,  96,  69N, 1367E,  30,    0,   ,   0,    ,    0,    0,    0,    0, 
WP, 90, 2016120600, 03, TMMN, 102,  68N, 1365E,  31,    0,   ,   0,    ,    0,    0,    0,    0, 
WP, 90, 2016120600, 03, TMMN, 108,  67N, 1363E,  32,    0,   ,   0,    ,    0,    0,    0,    0, 
WP, 90, 2016120600, 03, TMMN, 114,  67N, 1362E,  32,    0,   ,   0,    ,    0,    0,    0,    0, 
WP, 90, 2016120600, 03, TMMN, 120,  67N, 1360E,  32,    0,   ,   0,    ,    0,    0,    0,    0, 
WP, 90, 2016120600, 03, TMMN, 126,  68N, 1356E,  33,    0,   ,   0,    ,    0,    0,    0,    0, 
WP, 90, 2016120600, 03, TMMN, 132,  70N, 1353E,  34,    0,   ,   0,    ,    0,    0,    0,    0, 
WP, 90, 2016120600, 03, TMMN, 138,  72N, 1352E,  35,    0,   ,   0,    ,    0,    0,    0,    0, 
WP, 90, 2016120600, 03, WBAI,   0,  42N, 1384E,   0,    0,   ,  34, NEQ,    0,    0,    0,    0, 
WP, 90, 2016120600, 03, WBAI,  12,  49N, 1359E,   0,    0,   ,  34, NEQ,    0,    0,    0,    0, 
WP, 90, 2016120600, 03, WBAI,  24,  62N, 1337E,   0,    0,   ,  34, NEQ,    0,    0,    0,    0, 
WP, 90, 2016120600, 03, WBAI,  36,  73N, 1321E,   0,    0,   ,  34, NEQ,    0,    0,    0,    0, 
WP, 90, 2016120600, 03, WBAI,  48,  85N, 1305E,   0,    0,   ,  34, NEQ,    0,    0,    0,    0, 
WP, 90, 2016120600, 03, WBAI,  60,  98N, 1289E,   0,    0,   ,  34, NEQ,    0,    0,    0,    0, 
WP, 90, 2016120600, 03, WBAI,  72, 110N, 1272E,   0,    0,   ,  34, NEQ,    0,    0,    0,    0, 
WP, 90, 2016120600, 03, WBS1,  12,  49N, 1359E,  19,    0,   ,   0,    ,    0,    0,    0,    0, 
WP, 90, 2016120600, 03, WBS1,  24,  62N, 1337E,  24,    0,   ,   0,    ,    0,    0,    0,    0, 
WP, 90, 2016120600, 03, WBS1,  36,  73N, 1321E,  30,    0,   ,   0,    ,    0,    0,    0,    0, 
WP, 90, 2016120600, 03, WBS1,  48,  85N, 1305E,  36,    0,   ,   0,    ,    0,    0,    0,    0, 
WP, 90, 2016120600, 03, WBS1,  60,  98N, 1289E,  43,    0,   ,   0,    ,    0,    0,    0,    0, 
WP, 90, 2016120600, 03, WBS1,  72, 110N, 1272E,  50,    0,   ,   0,    ,    0,    0,    0,    0, 
WP, 90, 2016120600, 03, WBS5,  12,  49N, 1359E,  19,    0,   ,   0,    ,    0,    0,    0,    0, 
WP, 90, 2016120600, 03, WBS5,  24,  62N, 1337E,  25,    0,   ,   0,    ,    0,    0,    0,    0, 
WP, 90, 2016120600, 03, WBS5,  36,  73N, 1321E,  31,    0,   ,   0,    ,    0,    0,    0,    0, 
WP, 90, 2016120600, 03, WBS5,  48,  85N, 1305E,  37,    0,   ,   0,    ,    0,    0,    0,    0, 
WP, 90, 2016120600, 03, WBS5,  60,  98N, 1289E,  44,    0,   ,   0,    ,    0,    0,    0,    0, 
WP, 90, 2016120600, 03, WBS5,  72, 110N, 1272E,  51,    0,   ,   0,    ,    0,    0,    0,    0, 
WP, 90, 2016120606, 03, TMMN,   0,  40N, 1383E,  20,    0,   ,   0,    ,    0,    0,    0,    0, 
WP, 90, 2016120606, 03, TMMN,   6,  40N, 1383E,  23,    0,   ,   0,    ,    0,    0,    0,    0, 
WP, 90, 2016120606, 03, TMMN,  12,  42N, 1384E,  24,    0,   ,   0,    ,    0,    0,    0,    0, 
WP, 90, 2016120606, 03, TMMN,  18,  44N, 1387E,  26,    0,   ,   0,    ,    0,    0,    0,    0, 
WP, 90, 2016120606, 03, TMMN,  24,  47N, 1388E,  28,    0,   ,   0,    ,    0,    0,    0,    0, 
WP, 90, 2016120606, 03, TMMN,  30,  51N, 1390E,  29,    0,   ,   0,    ,    0,    0,    0,    0, 
WP, 90, 2016120606, 03, TMMN,  36,  56N, 1392E,  28,    0,   ,   0,    ,    0,    0,    0,    0, 
WP, 90, 2016120606, 03, TMMN,  42,  60N, 1394E,  29,    0,   ,   0,    ,    0,    0,    0,    0, 
WP, 90, 2016120606, 03, TMMN,  48,  65N, 1396E,  30,    0,   ,   0,    ,    0,    0,    0,    0, 
WP, 90, 2016120606, 03, TMMN,  54,  69N, 1398E,  31,    0,   ,   0,    ,    0,    0,    0,    0, 
WP, 90, 2016120606, 03, TMMN,  60,  75N, 1395E,  31,    0,   ,   0,    ,    0,    0,    0,    0, 
WP, 90, 2016120606, 03, TMMN,  66,  80N, 1390E,  32,    0,   ,   0,    ,    0,    0,    0,    0, 
WP, 90, 2016120606, 03, TMMN,  72,  84N, 1385E,  33,    0,   ,   0,    ,    0,    0,    0,    0, 
WP, 90, 2016120606, 03, TMMN,  78,  88N, 1383E,  35,    0,   ,   0,    ,    0,    0,    0,    0, 
WP, 90, 2016120606, 03, TMMN,  84,  92N, 1381E,  37,    0,   ,   0,    ,    0,    0,    0,    0, 
WP, 90, 2016120606, 03, TMMN,  90,  95N, 1378E,  38,    0,   ,   0,    ,    0,    0,    0,    0, 
WP, 90, 2016120606, 03, TMMN,  96,  99N, 1375E,  38,    0,   ,   0,    ,    0,    0,    0,    0, 
WP, 90, 2016120606, 03, TMMN, 102, 102N, 1372E,  41,    0,   ,   0,    ,    0,    0,    0,    0, 
WP, 90, 2016120606, 03, TMMN, 108, 106N, 1369E,  45,    0,   ,   0,    ,    0,    0,    0,    0, 
WP, 90, 2016120606, 03, TMMN, 114, 110N, 1367E,  49,    0,   ,   0,    ,    0,    0,    0,    0, 
WP, 90, 2016120606, 03, TMMN, 120, 114N, 1365E,  48,    0,   ,   0,    ,    0,    0,    0,    0, 
WP, 90, 2016120606, 03, TMMN, 126, 117N, 1365E,  45,    0,   ,   0,    ,    0,    0,    0,    0, 
WP, 90, 2016120606, 03, TMMN, 132, 120N, 1366E,  45,    0,   ,   0,    ,    0,    0,    0,    0, 
WP, 90, 2016120606, 03, TMMN, 138, 123N, 1368E,  47,    0,   ,   0,    ,    0,    0,    0,    0, 
WP, 90, 2016120612, 74, JJGS,   0,  35N, 1381E,  15,    0,   ,  34, NEQ,    0,    0,    0,    0, 
WP, 90, 2016120612, 74, JJGS,  12,  33N, 1401E,  15,    0,   ,  34, NEQ,    0,    0,    0,    0, 
WP, 90, 2016120612, 74, JJGS,  24,  58N, 1386E,  10,    0,   ,  34, NEQ,    0,    0,    0,    0, 
WP, 90, 2016120700, 01, CARQ, -18,  40N, 1384E,  15,    0,   ,   0,    ,    0,    0,    0,    0, 
WP, 90, 2016120700, 01, CARQ, -12,  40N, 1389E,  15,    0,   ,   0,    ,    0,    0,    0,    0, 
WP, 90, 2016120700, 01, CARQ,  -6,  39N, 1393E,  15,    0,   ,   0,    ,    0,    0,    0,    0, 
WP, 90, 2016120700, 01, CARQ,   0,  38N, 1397E,  15,    0,   ,   0,    ,    0,    0,    0,    0, 
WP, 90, 2016120700, 03, C120,  12,  38N, 1401E,   0,    0,   ,   0,    ,    0,    0,    0,    0, 
WP, 90, 2016120700, 03, C120,  24,  39N, 1400E,   0,    0,   ,   0,    ,    0,    0,    0,    0, 
WP, 90, 2016120700, 03, C120,  36,  42N, 1397E,   0,    0,   ,   0,    ,    0,    0,    0,    0, 
WP, 90, 2016120700, 03, C120,  48,  46N, 1391E,   0,    0,   ,   0,    ,    0,    0,    0,    0, 
WP, 90, 2016120700, 03, C120,  60,  48N, 1383E,   0,    0,   ,   0,    ,    0,    0,    0,    0, 
WP, 90, 2016120700, 03, C120,  72,  53N, 1370E,   0,    0,   ,   0,    ,    0,    0,    0,    0, 
WP, 90, 2016120700, 03, C120,  84,  58N, 1356E,   0,    0,   ,   0,    ,    0,    0,    0,    0, 
WP, 90, 2016120700, 03, C120,  96,  62N, 1342E,   0,    0,   ,   0,    ,    0,    0,    0,    0, 
WP, 90, 2016120700, 03, C120, 108,  66N, 1327E,   0,    0,   ,   0,    ,    0,    0,    0,    0, 
WP, 90, 2016120700, 03, C120, 120,  70N, 1315E,   0,    0,   ,   0,    ,    0,    0,    0,    0, 
WP, 90, 2016120700, 03, CLIM,  12,  46N, 1371E,  17,    0,   ,   0,    ,    0,    0,    0,    0, 
WP, 90, 2016120700, 03, CLIM,  24,  56N, 1342E,  24,    0,   ,   0,    ,    0,    0,    0,    0, 
WP, 90, 2016120700, 03, CLIM,  36,  64N, 1311E,  35,    0,   ,   0,    ,    0,    0,    0,    0, 
WP, 90, 2016120700, 03, CLIM,  48,  73N, 1285E,  47,    0,   ,   0,    ,    0,    0,    0,    0, 
WP, 90, 2016120700, 03, CLIM,  72,  84N, 1240E,  53,    0,   ,   0,    ,    0,    0,    0,    0, 
WP, 90, 2016120700, 03, CLIP,  12,  41N, 1402E,  20,    0,   ,   0,    ,    0,    0,    0,    0, 
WP, 90, 2016120700, 03, CLIP,  24,  48N, 1400E,  29,    0,   ,   0,    ,    0,    0,    0,    0, 
WP, 90, 2016120700, 03, CLIP,  36,  55N, 1393E,  38,    0,   ,   0,    ,    0,    0,    0,    0, 
WP, 90, 2016120700, 03, CLIP,  48,  61N, 1383E,  48,    0,   ,   0,    ,    0,    0,    0,    0, 
WP, 90, 2016120700, 03, CLIP,  72,  72N, 1351E,  63,    0,   ,   0,    ,    0,    0,    0,    0, 
WP, 90, 2016120700, 03, FBAM,  12,  38N, 1394E,   0,    0,   ,   0,    ,    0,    0,    0,    0, 
WP, 90, 2016120700, 03, FBAM,  24,  39N, 1377E,   0,    0,   ,   0,    ,    0,    0,    0,    0, 
WP, 90, 2016120700, 03, FBAM,  36,  38N, 1360E,   0,    0,   ,   0,    ,    0,    0,    0,    0, 
WP, 90, 2016120700, 03, FBAM,  48,  37N, 1344E,   0,    0,   ,   0,    ,    0,    0,    0,    0, 
WP, 90, 2016120700, 03, FBAM,  72,  34N, 1311E,   0,    0,   ,   0,    ,    0,    0,    0,    0, 
WP, 90, 2016120700, 03, HPAC,  12,  41N, 1388E,   0,    0,   ,   0,    ,    0,    0,    0,    0, 
WP, 90, 2016120700, 03, HPAC,  24,  45N, 1378E,   0,    0,   ,   0,    ,    0,    0,    0,    0, 
WP, 90, 2016120700, 03, HPAC,  36,  48N, 1366E,   0,    0,   ,   0,    ,    0,    0,    0,    0, 
WP, 90, 2016120700, 03, HPAC,  48,  51N, 1357E,   0,    0,   ,   0,    ,    0,    0,    0,    0, 
WP, 90, 2016120700, 03, HPAC,  72,  55N, 1342E,   0,    0,   ,   0,    ,    0,    0,    0,    0, 
WP, 90, 2016120700, 03, MBAM,  12,  39N, 1397E,   0,    0,   ,   0,    ,    0,    0,    0,    0, 
WP, 90, 2016120700, 03, MBAM,  24,  41N, 1387E,   0,    0,   ,   0,    ,    0,    0,    0,    0, 
WP, 90, 2016120700, 03, MBAM,  36,  40N, 1377E,   0,    0,   ,   0,    ,    0,    0,    0,    0, 
WP, 90, 2016120700, 03, MBAM,  48,  36N, 1368E,   0,    0,   ,   0,    ,    0,    0,    0,    0, 
WP, 90, 2016120700, 03, MBAM,  72,  26N, 1348E,   0,    0,   ,   0,    ,    0,    0,    0,    0, 
WP, 90, 2016120700, 03, SBAM,  12,  39N, 1397E,   0,    0,   ,   0,    ,    0,    0,    0,    0, 
WP, 90, 2016120700, 03, SBAM,  24,  42N, 1389E,   0,    0,   ,   0,    ,    0,    0,    0,    0, 
WP, 90, 2016120700, 03, SBAM,  36,  40N, 1382E,   0,    0,   ,   0,    ,    0,    0,    0,    0, 
WP, 90, 2016120700, 03, SBAM,  48,  35N, 1375E,   0,    0,   ,   0,    ,    0,    0,    0,    0, 
WP, 90, 2016120700, 03, SBAM,  72,  21N, 1361E,   0,    0,   ,   0,    ,    0,    0,    0,    0, 
WP, 90, 2016120700, 03, ST5D,  12,   0N,    0E,  17,    0,   ,   0,    ,    0,    0,    0,    0, 
WP, 90, 2016120700, 03, ST5D,  24,   0N,    0E,  20,    0,   ,   0,    ,    0,    0,    0,    0, 
WP, 90, 2016120700, 03, ST5D,  36,   0N,    0E,  17,    0,   ,   0,    ,    0,    0,    0,    0, 
WP, 90, 2016120700, 03, ST5D,  48,   0N,    0E,  20,    0,   ,   0,    ,    0,    0,    0,    0, 
WP, 90, 2016120700, 03, ST5D,  60,   0N,    0E,  24,    0,   ,   0,    ,    0,    0,    0,    0, 
WP, 90, 2016120700, 03, ST5D,  72,   0N,    0E,  30,    0,   ,   0,    ,    0,    0,    0,    0, 
WP, 90, 2016120700, 03, ST5D,  84,   0N,    0E,  40,    0,   ,   0,    ,    0,    0,    0,    0, 
WP, 90, 2016120700, 03, ST5D,  96,   0N,    0E,  44,    0,   ,   0,    ,    0,    0,    0,    0, 
WP, 90, 2016120700, 03, ST5D, 108,   0N,    0E,  53,    0,   ,   0,    ,    0,    0,    0,    0, 
WP, 90, 2016120700, 03, ST5D, 120,   0N,    0E,  56,    0,   ,   0,    ,    0,    0,    0,    0, 
WP, 90, 2016120700, 03, XTRP,  12,  36N, 1405E,  15,    0,   ,   0,    ,    0,    0,    0,    0, 
WP, 90, 2016120700, 03, XTRP,  24,  34N, 1413E,  15,    0,   ,   0,    ,    0,    0,    0,    0, 
WP, 90, 2016120700, 03, XTRP,  36,  32N, 1421E,  15,    0,   ,   0,    ,    0,    0,    0,    0, 
WP, 90, 2016120700, 03, XTRP,  48,  30N, 1429E,  15,    0,   ,   0,    ,    0,    0,    0,    0, 
WP, 90, 2016120700, 03, XTRP,  60,  28N, 1437E,  15,    0,   ,   0,    ,    0,    0,    0,    0, 
WP, 90, 2016120700, 03, XTRP,  72,  26N, 1445E,  15,    0,   ,   0,    ,    0,    0,    0,    0, 
WP, 90, 2016120700, 03, XTRP,  84,  24N, 1453E,  15,    0,   ,   0,    ,    0,    0,    0,    0, 
WP, 90, 2016120700, 03, XTRP,  96,  22N, 1461E,  15,    0,   ,   0,    ,    0,    0,    0,    0, 
WP, 90, 2016120700, 03, XTRP, 108,  20N, 1469E,  15,    0,   ,   0,    ,    0,    0,    0,    0, 
WP, 90, 2016120700, 03, XTRP, 120,  18N, 1477E,  15,    0,   ,   0,    ,    0,    0,    0,    0, 
