IO, 91, 2015100718, 03, COTC,   0, 133N,  717E,  16, 1009, XX,  34, NEQ,    0,    0,    0,    0,    0,    0, 108,   0,   0, 
IO, 91, 2015100718, 03, COTC,   6, 131N,  715E,  16, 1009, XX,  34, NEQ,    0,    0,    0,    0,    0,    0, 104,   0,   0, 
IO, 91, 2015100718, 03, COTC,  12, 131N,  715E,  18, 1009, XX,  34, NEQ,    0,    0,    0,    0,    0,    0, 107,   0,   0, 
IO, 91, 2015100718, 03, COTC,  18, 131N,  717E,  27, 1007, XX,  34, NEQ,    0,    0,    0,    0,    0,    0, 107,   0,   0, 
IO, 91, 2015100718, 03, COTC,  24, 128N,  712E,  29, 1010, XX,  34, NEQ,    0,  175,    0,    0,    0,    0,  57,   0,   0, 
IO, 91, 2015100718, 03, COTC,  30, 132N,  718E,  29, 1006, XX,  34, NEQ,    0,  176,    0,    0,    0,    0,  66,   0,   0, 
IO, 91, 2015100718, 03, COTC,  36, 130N,  713E,  32, 1008, XX,  34, NEQ,    0,    0,    0,    0,    0,    0,  82,   0,   0, 
IO, 91, 2015100718, 03, COTC,  42, 134N,  713E,  24, 1005, XX,  34, NEQ,    0,  284,    0,    0,    0,    0,  96,   0,   0, 
IO, 91, 2015100718, 03, COTC,  48, 134N,  715E,  29, 1008, XX,  34, NEQ,    0,    0,  129,    0,    0,    0, 105,   0,   0, 
IO, 91, 2015100718, 03, COTC,  54, 138N,  715E,  26, 1005, XX,  34, NEQ,    0,    0,    0,  142,    0,    0,  92,   0,   0, 
IO, 91, 2015100718, 03, COTC,  60, 140N,  713E,  38, 1007, XX,  34, NEQ,    0,    0,   80,   77,    0,    0,  77,   0,   0, 
IO, 91, 2015100718, 03, COTC,  66, 144N,  716E,  36, 1004, XX,  34, NEQ,  108,    0,    0,    0,    0,    0, 104,   0,   0, 
IO, 91, 2015100718, 03, COTC,  72, 146N,  723E,  32, 1007, XX,  34, NEQ,    0,    0,    0,  142,    0,    0,  85,   0,   0, 
IO, 91, 2015100718, 03, COTC,  78, 148N,  722E,  35, 1004, XX,  34, NEQ,    0,   42,  130,    0,    0,    0,  42,   0,   0, 
IO, 91, 2015100718, 03, COTC,  84, 148N,  720E,  36, 1004, XX,  34, NEQ,   77,    0,  126,   16,    0,    0,  93,   0,   0, 
IO, 91, 2015100718, 03, COTC,  90, 152N,  717E,  44, 1001, XX,  34, NEQ,   68,   59,    0,   43,    0,    0,  58,   0,   0, 
IO, 91, 2015100718, 03, COTC,  96, 155N,  709E,  50, 1004, XX,  34, NEQ,   54,   95,   61,   87,    0,    0,  44,   0,   0, 
IO, 91, 2015100718, 03, COTC,  96, 155N,  709E,  50, 1004, XX,  50, NEQ,    0,    0,   44,    0,    0,    0,  44,   0,   0, 
IO, 91, 2015100718, 03, COTC, 102, 154N,  704E,  47,  994, XX,  34, NEQ,   98,   23,   55,   91,    0,    0,  19,   0,   0, 
IO, 91, 2015100718, 03, COTC, 108, 156N,  694E,  61,  990, XX,  34, NEQ,  104,   58,   61,   92,    0,    0,  14,   0,   0, 
IO, 91, 2015100718, 03, COTC, 108, 156N,  694E,  61,  990, XX,  50, NEQ,   36,   10,   25,   35,    0,    0,  14,   0,   0, 
IO, 91, 2015100718, 03, COTC, 114, 161N,  685E,  57,  986, XX,  34, NEQ,  109,   70,   58,   99,    0,    0,  15,   0,   0, 
IO, 91, 2015100718, 03, COTC, 114, 161N,  685E,  57,  986, XX,  50, NEQ,    0,    0,   24,   30,    0,    0,  15,   0,   0, 
IO, 91, 2015100718, 03, COTC, 120, 162N,  676E,  58,  985, XX,  34, NEQ,   97,   49,   86,  101,    0,    0,   6,   0,   0, 
IO, 91, 2015100718, 03, COTC, 120, 162N,  676E,  58,  985, XX,  50, NEQ,   36,   25,   14,   30,    0,    0,   6,   0,   0, 
IO, 91, 2015100718, 03, GFDN,   0, 133N,  714E,  27, 1006,   ,   0,    ,    0,    0,    0,    0, 
IO, 91, 2015100718, 03, GFDN,   6, 128N,  718E,  27, 1004,   ,   0,    ,    0,    0,    0,    0, 
IO, 91, 2015100718, 03, GFDN,  12, 129N,  717E,  23, 1003,   ,   0,    ,    0,    0,    0,    0, 
IO, 91, 2015100718, 03, GFDN,  18, 131N,  718E,  26, 1002,   ,   0,    ,    0,    0,    0,    0, 
IO, 91, 2015100718, 03, GFDN,  24, 133N,  719E,  25, 1004,   ,   0,    ,    0,    0,    0,    0, 
IO, 91, 2015100718, 03, GFDN,  30, 134N,  719E,  25, 1004,   ,   0,    ,    0,    0,    0,    0, 
IO, 91, 2015100718, 03, GFDN,  36, 136N,  717E,  41, 1003,   ,   0,    ,    0,    0,    0,    0, 
IO, 91, 2015100718, 03, GFDN,  42, 140N,  714E,  37, 1003,   ,   0,    ,    0,    0,    0,    0, 
IO, 91, 2015100718, 03, GFDN,  48, 143N,  713E,  30, 1004,   ,   0,    ,    0,    0,    0,    0, 
IO, 91, 2015100718, 03, GFDN,  54, 146N,  713E,  35, 1003,   ,   0,    ,    0,    0,    0,    0, 
IO, 91, 2015100718, 03, GFDN,  60, 149N,  712E,  41, 1002,   ,   0,    ,    0,    0,    0,    0, 
IO, 91, 2015100718, 03, GFDN,  66, 151N,  713E,  42, 1000,   ,   0,    ,    0,    0,    0,    0, 
IO, 91, 2015100718, 03, GFDN,  72, 151N,  712E,  41, 1000,   ,   0,    ,    0,    0,    0,    0, 
IO, 91, 2015100718, 03, GFDN,  78, 151N,  714E,  42, 1000,   ,   0,    ,    0,    0,    0,    0, 
IO, 91, 2015100718, 03, GFDN,  84, 153N,  714E,  36,  999,   ,   0,    ,    0,    0,    0,    0, 
IO, 91, 2015100718, 03, GFDN,  90, 155N,  712E,  35,  997,   ,   0,    ,    0,    0,    0,    0, 
IO, 91, 2015100718, 03, GFDN,  96, 157N,  710E,  42,  998,   ,   0,    ,    0,    0,    0,    0, 
IO, 91, 2015100718, 03, GFDN, 102, 159N,  706E,  57,  994,   ,   0,    ,    0,    0,    0,    0, 
IO, 91, 2015100718, 03, GFDN, 108, 160N,  701E,  57,  991,   ,   0,    ,    0,    0,    0,    0, 
IO, 91, 2015100718, 03, GFDN, 114, 163N,  698E,  53,  990,   ,   0,    ,    0,    0,    0,    0, 
IO, 91, 2015100718, 03, GFDN, 120, 167N,  695E,  56,  987,   ,   0,    ,    0,    0,    0,    0, 
IO, 91, 2015100718, 03, GFDN, 126, 172N,  691E,  66,  982,   ,   0,    ,    0,    0,    0,    0, 
IO, 91, 2015100718, 03, NVGM,   0, 133N,  716E,  18, 1009, XX,  34, NEQ,    0,    0,    0,    0,    0,    0, 135,   0,   0, 
IO, 91, 2015100718, 03, NVGM,   6, 129N,  715E,  19, 1007, XX,  34, NEQ,    0,    0,    0,    0,    0,    0, 151,   0,   0, 
IO, 91, 2015100718, 03, NVGM,  12, 129N,  711E,  22, 1009, XX,  34, NEQ,    0,    0,    0,    0,    0,    0, 154,   0,   0, 
IO, 91, 2015100718, 03, NVGM,  18, 133N,  711E,  19, 1006, XX,  34, NEQ,    0,    0,    0,    0,    0,    0, 136,   0,   0, 
IO, 91, 2015100718, 03, NVGM,  24, 133N,  712E,  19, 1008, XX,  34, NEQ,    0,    0,    0,    0,    0,    0, 157,   0,   0, 
IO, 91, 2015100718, 03, NVGM,  30, 134N,  713E,  23, 1005, XX,  34, NEQ,    0,    0,    0,    0,    0,    0, 145,   0,   0, 
IO, 91, 2015100718, 03, NVGM,  36, 138N,  712E,  24, 1007, XX,  34, NEQ,    0,    0,    0,    0,    0,    0, 162,   0,   0, 
IO, 91, 2015100718, 03, NVGM,  42, 143N,  711E,  24, 1004, XX,  34, NEQ,    0,    0,    0,    0,    0,    0, 143,   0,   0, 
IO, 91, 2015100718, 03, NVGM,  48, 146N,  710E,  24, 1007, XX,  34, NEQ,    0,    0,    0,    0,    0,    0, 146,   0,   0, 
IO, 91, 2015100718, 03, NVGM,  54, 149N,  711E,  24, 1005, XX,  34, NEQ,    0,    0,    0,    0,    0,    0, 145,   0,   0, 
IO, 91, 2015100718, 03, NVGM,  60, 153N,  713E,  26, 1007, XX,  34, NEQ,    0,    0,    0,    0,    0,    0, 110,   0,   0, 
IO, 91, 2015100718, 03, NVGM,  66, 156N,  713E,  25, 1004, XX,  34, NEQ,    0,    0,    0,    0,    0,    0,  99,   0,   0, 
IO, 91, 2015100718, 03, NVGM,  72, 156N,  714E,  26, 1007, XX,  34, NEQ,    0,    0,    0,    0,    0,    0, 107,   0,   0, 
IO, 91, 2015100718, 03, NVGM,  78, 157N,  713E,  27, 1005, XX,  34, NEQ,    0,    0,    0,    0,    0,    0, 101,   0,   0, 
IO, 91, 2015100718, 03, NVGM,  84, 158N,  711E,  26, 1007, XX,  34, NEQ,    0,    0,    0,    0,    0,    0,  90,   0,   0, 
IO, 91, 2015100718, 03, NVGM,  90, 159N,  708E,  25, 1005, XX,  34, NEQ,    0,    0,    0,    0,    0,    0, 116,   0,   0, 
IO, 91, 2015100718, 03, NVGM,  96, 159N,  704E,  25, 1008, XX,  34, NEQ,    0,    0,    0,    0,    0,    0, 114,   0,   0, 
IO, 91, 2015100718, 03, NVGM, 102, 160N,  698E,  24, 1006, XX,  34, NEQ,    0,    0,    0,    0,    0,    0, 117,   0,   0, 
IO, 91, 2015100718, 03, NVGM, 108, 161N,  689E,  24, 1009, XX,  34, NEQ,    0,    0,    0,    0,    0,    0, 132,   0,   0, 
IO, 91, 2015100718, 03, NVGM, 114, 161N,  681E,  21, 1006, XX,  34, NEQ,    0,    0,    0,    0,    0,    0, 114,   0,   0, 
IO, 91, 2015100718, 03, NVGM, 120, 161N,  672E,  21, 1008, XX,  34, NEQ,    0,    0,    0,    0,    0,    0,  85,   0,   0, 
IO, 91, 2015100718, 03, NVGM, 126, 162N,  663E,  19, 1007, XX,  34, NEQ,    0,    0,    0,    0,    0,    0,  18,   0,   0, 
IO, 91, 2015100718, 03, NVGM, 132, 164N,  653E,  21, 1009, XX,  34, NEQ,    0,    0,    0,    0,    0,    0, 117,   0,   0, 
IO, 91, 2015100718, 03, NVGM, 138, 168N,  645E,  21, 1006, XX,  34, NEQ,    0,    0,    0,    0,    0,    0,  94,   0,   0, 
IO, 91, 2015100718, 03, NVGM, 144, 170N,  636E,  23, 1008, XX,  34, NEQ,    0,    0,    0,    0,    0,    0, 102,   0,   0, 
IO, 91, 2015100718, 03, NVGM, 150, 173N,  625E,  23, 1006, XX,  34, NEQ,    0,    0,    0,    0,    0,    0, 116,   0,   0, 
IO, 91, 2015100718, 03, NVGM, 156, 177N,  613E,  24, 1009, XX,  34, NEQ,    0,    0,    0,    0,    0,    0, 148,   0,   0, 
IO, 91, 2015100718, 03, NVGM, 162, 181N,  602E,  21, 1006, XX,  34, NEQ,    0,    0,    0,    0,    0,    0, 133,   0,   0, 
IO, 91, 2015100718, 03, NVGM, 168, 183N,  590E,  25, 1009, XX,  34, NEQ,    0,    0,    0,    0,    0,    0,  77,   0,   0, 
IO, 91, 2015100718, 03, NVGM, 174, 186N,  577E,  26, 1007, XX,  34, NEQ,    0,    0,    0,    0,    0,    0,  92,   0,   0, 
IO, 91, 2015100718, 03, NVGM, 180, 186N,  565E,  28, 1010, XX,  34, NEQ,    0,    0,    0,    0,    0,    0,  82,   0,   0, 
IO, 91, 2015100800, 03, COTC,   0, 129N,  715E,  15, 1006, XX,  34, NEQ,    0,    0,    0,    0,    0,    0, 108,   0,   0, 
IO, 91, 2015100800, 03, COTC,   6, 130N,  712E,  17, 1011, XX,  34, NEQ,    0,    0,    0,    0,    0,    0, 106,   0,   0, 
IO, 91, 2015100800, 03, COTC,  12, 133N,  715E,  32, 1007, XX,  34, NEQ,    0,    0,    0,    0,    0,    0,  90,   0,   0, 
IO, 91, 2015100800, 03, COTC,  18, 134N,  722E,  27, 1010, XX,  34, NEQ,    0,  188,    0,    0,    0,    0, 101,   0,   0, 
IO, 91, 2015100800, 03, COTC,  24, 134N,  717E,  34, 1008, XX,  34, NEQ,    0,    0,    0,    0,    0,    0, 106,   0,   0, 
IO, 91, 2015100800, 03, COTC,  30, 137N,  724E,  34, 1009, XX,  34, NEQ,   69,    0,    0,    0,    0,    0,  69,   0,   0, 
IO, 91, 2015100800, 03, COTC,  36, 143N,  726E,  28, 1006, XX,  34, NEQ,    0,    0,    0,    0,    0,    0, 106,   0,   0, 
IO, 91, 2015100800, 03, COTC,  42, 141N,  725E,  26, 1009, XX,  34, NEQ,    0,    0,    0,    0,    0,    0, 102,   0,   0, 
IO, 91, 2015100800, 03, COTC,  48, 145N,  733E,  25, 1006, XX,  34, NEQ,    0,    0,    0,    0,    0,    0,  75,   0,   0, 
IO, 91, 2015100800, 03, COTC,  54, 149N,  736E,  33, 1009, XX,  34, NEQ,    0,    0,    0,    0,    0,    0, 104,   0,   0, 
IO, 91, 2015100800, 03, COTC,  60, 148N,  738E,  27, 1007, XX,  34, NEQ,    0,    0,    0,    0,    0,    0, 107,   0,   0, 
IO, 91, 2015100800, 03, COTC,  66, 142N,  745E,  38, 1009, XX,  34, NEQ,    0,    0,  334,  110,    0,    0, 107,   0,   0, 
IO, 91, 2015100800, 03, COTC,  72, 143N,  749E,  25, 1008, XX,  34, NEQ,    0,    0,  278,    0,    0,    0,  67,   0,   0, 
IO, 91, 2015100800, 03, COTC,  78, 147N,  755E,  12, 1011, XX,  34, NEQ,    0,    0,    0,    0,    0,    0, 100,   0,   0, 
IO, 91, 2015100800, 03, COTC,  84, 147N,  752E,  25, 1007, XX,  34, NEQ,    0,    0,    0,    0,    0,    0,  58,   0,   0, 
IO, 91, 2015100800, 03, COTC,  90, 146N,  757E,  25, 1010, XX,  34, NEQ,    0,    0,    0,    0,    0,    0, 102,   0,   0, 
IO, 91, 2015100800, 03, COTC,  96, 145N,  757E,  13, 1010, XX,  34, NEQ,    0,    0,    0,    0,    0,    0,  79,   0,   0, 
IO, 91, 2015100800, 03, COTC, 102, 143N,  755E,  15, 1010, XX,  34, NEQ,    0,    0,    0,    0,    0,    0,  95,   0,   0, 
IO, 91, 2015100800, 03, COTC, 108, 147N,  748E,  15, 1007, XX,  34, NEQ,    0,    0,    0,    0,    0,    0,  43,   0,   0, 
IO, 91, 2015100800, 03, COTC, 114, 149N,  745E,  16, 1011, XX,  34, NEQ,    0,    0,    0,    0,    0,    0,  34,   0,   0, 
IO, 91, 2015100800, 03, COTC, 120, 144N,  740E,  31, 1009, XX,  34, NEQ,    0,    0,    0,    0,    0,    0,  30,   0,   0, 
IO, 91, 2015100800, 03, GFDN,   0, 132N,  714E,  32, 1002,   ,   0,    ,    0,    0,    0,    0, 
IO, 91, 2015100800, 03, GFDN,   6, 131N,  713E,  30, 1001,   ,   0,    ,    0,    0,    0,    0, 
IO, 91, 2015100800, 03, GFDN,  12, 132N,  712E,  49, 1001,   ,   0,    ,    0,    0,    0,    0, 
IO, 91, 2015100800, 03, GFDN,  18, 132N,  712E,  42, 1003,   ,   0,    ,    0,    0,    0,    0, 
IO, 91, 2015100800, 03, GFDN,  24, 133N,  714E,  29, 1002,   ,   0,    ,    0,    0,    0,    0, 
IO, 91, 2015100800, 03, GFDN,  30, 133N,  714E,  25, 1003,   ,   0,    ,    0,    0,    0,    0, 
IO, 91, 2015100800, 03, GFDN,  36, 136N,  714E,  25, 1003,   ,   0,    ,    0,    0,    0,    0, 
IO, 91, 2015100800, 03, GFDN,  42, 142N,  713E,  36, 1003,   ,   0,    ,    0,    0,    0,    0, 
IO, 91, 2015100800, 03, GFDN,  48, 150N,  711E,  44, 1001,   ,   0,    ,    0,    0,    0,    0, 
IO, 91, 2015100800, 03, GFDN,  54, 154N,  710E,  45, 1002,   ,   0,    ,    0,    0,    0,    0, 
IO, 91, 2015100800, 03, GFDN,  60, 156N,  711E,  44, 1001,   ,   0,    ,    0,    0,    0,    0, 
IO, 91, 2015100800, 03, GFDN,  66, 157N,  713E,  35, 1001,   ,   0,    ,    0,    0,    0,    0, 
IO, 91, 2015100800, 03, GFDN,  72, 159N,  713E,  38, 1000,   ,   0,    ,    0,    0,    0,    0, 
IO, 91, 2015100800, 03, GFDN,  78, 159N,  712E,  46,  998,   ,   0,    ,    0,    0,    0,    0, 
IO, 91, 2015100800, 03, GFDN,  84, 160N,  711E,  43,  996,   ,   0,    ,    0,    0,    0,    0, 
IO, 91, 2015100800, 03, GFDN,  90, 162N,  709E,  58,  993,   ,   0,    ,    0,    0,    0,    0, 
IO, 91, 2015100800, 03, GFDN,  96, 163N,  706E,  47,  994,   ,   0,    ,    0,    0,    0,    0, 
IO, 91, 2015100800, 03, GFDN, 102, 165N,  703E,  51,  992,   ,   0,    ,    0,    0,    0,    0, 
IO, 91, 2015100800, 03, GFDN, 108, 168N,  699E,  62,  987,   ,   0,    ,    0,    0,    0,    0, 
IO, 91, 2015100800, 03, GFDN, 114, 170N,  695E,  60,  986,   ,   0,    ,    0,    0,    0,    0, 
IO, 91, 2015100800, 03, GFDN, 120, 173N,  691E,  71,  979,   ,   0,    ,    0,    0,    0,    0, 
IO, 91, 2015100800, 03, GFDN, 126, 177N,  687E,  72,  975,   ,   0,    ,    0,    0,    0,    0, 
IO, 91, 2015100800, 03, NVGM,   0, 129N,  715E,  18, 1006, XX,  34, NEQ,    0,    0,    0,    0,    0,    0, 153,   0,   0, 
IO, 91, 2015100800, 03, NVGM,   6, 128N,  712E,  19, 1009, XX,  34, NEQ,    0,    0,    0,    0,    0,    0, 133,   0,   0, 
IO, 91, 2015100800, 03, NVGM,  12, 131N,  712E,  18, 1007, XX,  34, NEQ,    0,    0,    0,    0,    0,    0, 128,   0,   0, 
IO, 91, 2015100800, 03, NVGM,  18, 133N,  714E,  18, 1009, XX,  34, NEQ,    0,    0,    0,    0,    0,    0, 159,   0,   0, 
IO, 91, 2015100800, 03, NVGM,  24, 135N,  712E,  19, 1007, XX,  34, NEQ,    0,    0,    0,    0,    0,    0, 147,   0,   0, 
IO, 91, 2015100800, 03, NVGM,  30, 137N,  710E,  19, 1008, XX,  34, NEQ,    0,    0,    0,    0,    0,    0, 156,   0,   0, 
IO, 91, 2015100800, 03, NVGM,  36, 140N,  709E,  17, 1006, XX,  34, NEQ,    0,    0,    0,    0,    0,    0, 154,   0,   0, 
IO, 91, 2015100800, 03, NVGM,  42, 142N,  709E,  19, 1008, XX,  34, NEQ,    0,    0,    0,    0,    0,    0, 157,   0,   0, 
IO, 91, 2015100800, 03, NVGM,  48, 145N,  710E,  21, 1007, XX,  34, NEQ,    0,    0,    0,    0,    0,    0, 150,   0,   0, 
IO, 91, 2015100800, 03, NVGM,  54, 149N,  712E,  22, 1009, XX,  34, NEQ,    0,    0,    0,    0,    0,    0, 134,   0,   0, 
IO, 91, 2015100800, 03, NVGM,  60, 153N,  714E,  20, 1006, XX,  34, NEQ,    0,    0,    0,    0,    0,    0, 116,   0,   0, 
IO, 91, 2015100800, 03, NVGM,  66, 154N,  713E,  18, 1008, XX,  34, NEQ,    0,    0,    0,    0,    0,    0, 127,   0,   0, 
IO, 91, 2015100800, 03, NVGM,  72, 152N,  713E,  20, 1006, XX,  34, NEQ,    0,    0,    0,    0,    0,    0, 130,   0,   0, 
IO, 91, 2015100800, 03, NVGM,  78, 151N,  711E,  19, 1009, XX,  34, NEQ,    0,    0,    0,    0,    0,    0, 143,   0,   0, 
IO, 91, 2015100800, 03, NVGM,  84, 151N,  709E,  21, 1006, XX,  34, NEQ,    0,    0,    0,    0,    0,    0,  86,   0,   0, 
IO, 91, 2015100800, 03, NVGM,  90, 149N,  705E,  20, 1009, XX,  34, NEQ,    0,    0,    0,    0,    0,    0,  98,   0,   0, 
IO, 91, 2015100800, 03, NVGM,  96, 149N,  698E,  19, 1006, XX,  34, NEQ,    0,    0,    0,    0,    0,    0, 108,   0,   0, 
IO, 91, 2015100800, 03, NVGM, 102, 148N,  690E,  20, 1009, XX,  34, NEQ,    0,    0,    0,    0,    0,    0, 105,   0,   0, 
IO, 91, 2015100800, 03, NVGM, 108, 149N,  683E,  19, 1007, XX,  34, NEQ,    0,    0,    0,    0,    0,    0, 127,   0,   0, 
IO, 91, 2015100800, 03, NVGM, 114, 149N,  675E,  19, 1009, XX,  34, NEQ,    0,    0,    0,    0,    0,    0, 127,   0,   0, 
IO, 91, 2015100800, 03, NVGM, 120, 150N,  667E,  18, 1007, XX,  34, NEQ,    0,    0,    0,    0,    0,    0, 122,   0,   0, 
IO, 91, 2015100800, 03, NVGM, 126, 149N,  656E,  19, 1010, XX,  34, NEQ,    0,    0,    0,    0,    0,    0, 136,   0,   0, 
IO, 91, 2015100800, 03, NVGM, 132, 149N,  645E,  19, 1007, XX,  34, NEQ,    0,    0,    0,    0,    0,    0, 124,   0,   0, 
IO, 91, 2015100800, 03, NVGM, 138, 152N,  634E,  20, 1010, XX,  34, NEQ,    0,    0,    0,    0,    0,    0, 140,   0,   0, 
IO, 91, 2015100800, 03, NVGM, 144, 153N,  621E,  20, 1008, XX,  34, NEQ,    0,    0,    0,    0,    0,    0, 132,   0,   0, 
IO, 91, 2015100800, 03, NVGM, 150, 152N,  605E,  19, 1010, XX,  34, NEQ,    0,    0,    0,    0,    0,    0, 158,   0,   0, 
IO, 91, 2015100800, 03, NVGM, 156, 154N,  591E,  18, 1007, XX,  34, NEQ,    0,    0,    0,    0,    0,    0, 151,   0,   0, 
IO, 91, 2015100800, 03, NVGM, 162, 155N,  578E,  21, 1010, XX,  34, NEQ,    0,    0,    0,    0,    0,    0, 155,   0,   0, 
IO, 91, 2015100800, 03, NVGM, 168, 154N,  565E,  20, 1008, XX,  34, NEQ,    0,    0,    0,    0,    0,    0, 152,   0,   0, 
IO, 91, 2015100800, 03, NVGM, 174, 152N,  552E,  20, 1010, XX,  34, NEQ,    0,    0,    0,    0,    0,    0, 108,   0,   0, 
IO, 91, 2015100806, 03, COTC,   0, 129N,  712E,  17, 1009, XX,  34, NEQ,    0,    0,    0,    0,    0,    0, 108,   0,   0, 
IO, 91, 2015100806, 03, COTC,   6, 134N,  714E,  16, 1007, XX,  34, NEQ,    0,    0,    0,    0,    0,    0, 108,   0,   0, 
IO, 91, 2015100806, 03, COTC,  12, 136N,  719E,  20, 1009, XX,  34, NEQ,    0,    0,    0,    0,    0,    0, 107,   0,   0, 
IO, 91, 2015100806, 03, COTC,  18, 136N,  719E,  28, 1007, XX,  34, NEQ,    0,    0,    0,    0,    0,    0,  96,   0,   0, 
IO, 91, 2015100806, 03, COTC,  24, 134N,  713E,  34, 1008, XX,  34, NEQ,    0,    0,    0,    0,    0,    0,  76,   0,   0, 
IO, 91, 2015100806, 03, COTC,  30, 139N,  715E,  24, 1006, XX,  34, NEQ,    0,    0,    0,    0,    0,    0,  85,   0,   0, 
IO, 91, 2015100806, 03, COTC,  36, 141N,  719E,  35, 1008, XX,  34, NEQ,    0,  101,    0,    0,    0,    0,  98,   0,   0, 
IO, 91, 2015100806, 03, COTC,  42, 142N,  725E,  30, 1006, XX,  34, NEQ,    0,    0,    0,    0,    0,    0,  91,   0,   0, 
IO, 91, 2015100806, 03, COTC,  48, 143N,  725E,  32, 1009, XX,  34, NEQ,    0,    0,    0,    0,    0,    0, 107,   0,   0, 
IO, 91, 2015100806, 03, COTC,  54, 147N,  727E,  34, 1007, XX,  34, NEQ,    0,    0,   84,    0,    0,    0,  84,   0,   0, 
IO, 91, 2015100806, 03, COTC,  60, 146N,  731E,  23, 1010, XX,  34, NEQ,    0,    0,    0,    0,    0,    0,  70,   0,   0, 
IO, 91, 2015100806, 03, COTC,  66, 143N,  735E,  28, 1007, XX,  34, NEQ,    0,    0,    0,    0,    0,    0,  36,   0,   0, 
IO, 91, 2015100806, 03, COTC,  72, 141N,  740E,  38, 1008, XX,  34, NEQ,    0,   59,  103,    0,    0,    0, 100,   0,   0, 
IO, 91, 2015100806, 03, COTC,  78, 142N,  741E,  22, 1007, XX,  34, NEQ,    0,    0,    0,    0,    0,    0,  89,   0,   0, 
IO, 91, 2015100806, 03, COTC,  84, 144N,  742E,  29, 1009, XX,  34, NEQ,    0,    0,    0,    0,    0,    0,  91,   0,   0, 
IO, 91, 2015100806, 03, COTC,  90, 140N,  738E,  26, 1008, XX,  34, NEQ,    0,  143,    0,    0,    0,    0,  28,   0,   0, 
IO, 91, 2015100806, 03, COTC,  96, 141N,  734E,  25, 1008, XX,  34, NEQ,    0,    0,    0,    0,    0,    0,  21,   0,   0, 
IO, 91, 2015100806, 03, COTC, 102, 142N,  731E,  30, 1006, XX,  34, NEQ,    0,    0,    0,    0,    0,    0,  83,   0,   0, 
IO, 91, 2015100806, 03, COTC, 108, 145N,  727E,  37, 1008, XX,  34, NEQ,    0,    0,    0,   95,    0,    0,  23,   0,   0, 
IO, 91, 2015100806, 03, COTC, 114, 147N,  726E,  38, 1006, XX,  34, NEQ,   33,    0,    0,   25,    0,    0,  27,   0,   0, 
IO, 91, 2015100806, 03, COTC, 120, 151N,  722E,  43, 1005, XX,  34, NEQ,   55,    0,    0,   31,    0,    0,  23,   0,   0, 
IO, 91, 2015100806, 03, GFDN,   0, 130N,  713E,  30, 1006,   ,   0,    ,    0,    0,    0,    0, 
IO, 91, 2015100806, 03, GFDN,   6, 132N,  715E,  25, 1004,   ,   0,    ,    0,    0,    0,    0, 
IO, 91, 2015100806, 03, GFDN,  12, 133N,  718E,  20, 1005,   ,   0,    ,    0,    0,    0,    0, 
IO, 91, 2015100806, 03, GFDN,  18, 135N,  719E,  19, 1003,   ,   0,    ,    0,    0,    0,    0, 
IO, 91, 2015100806, 03, GFDN,  24, 139N,  717E,  20, 1003,   ,   0,    ,    0,    0,    0,    0, 
IO, 91, 2015100806, 03, GFDN,  30, 142N,  714E,  19, 1004,   ,   0,    ,    0,    0,    0,    0, 
IO, 91, 2015100806, 03, GFDN,  36, 146N,  712E,  19, 1006,   ,   0,    ,    0,    0,    0,    0, 
IO, 91, 2015100806, 03, GFDN,  42, 151N,  711E,  20, 1006,   ,   0,    ,    0,    0,    0,    0, 
IO, 91, 2015100806, 03, GFDN,  48, 155N,  711E,  21, 1005,   ,   0,    ,    0,    0,    0,    0, 
IO, 91, 2015100806, 03, GFDN,  54, 156N,  712E,  27, 1004,   ,   0,    ,    0,    0,    0,    0, 
IO, 91, 2015100806, 03, GFDN,  60, 160N,  714E,  33, 1004,   ,   0,    ,    0,    0,    0,    0, 
IO, 91, 2015100806, 03, GFDN,  66, 160N,  716E,  31, 1005,   ,   0,    ,    0,    0,    0,    0, 
IO, 91, 2015100806, 03, GFDN,  72, 161N,  716E,  32, 1005,   ,   0,    ,    0,    0,    0,    0, 
IO, 91, 2015100806, 03, GFDN,  78, 162N,  717E,  32, 1004,   ,   0,    ,    0,    0,    0,    0, 
IO, 91, 2015100806, 03, GFDN,  84, 162N,  714E,  29, 1006,   ,   0,    ,    0,    0,    0,    0, 
IO, 91, 2015100806, 03, GFDN,  90, 162N,  712E,  32, 1005,   ,   0,    ,    0,    0,    0,    0, 
IO, 91, 2015100806, 03, GFDN,  96, 166N,  707E,  44, 1001,   ,   0,    ,    0,    0,    0,    0, 
IO, 91, 2015100806, 03, GFDN, 102, 166N,  700E,  33, 1002,   ,   0,    ,    0,    0,    0,    0, 
IO, 91, 2015100806, 03, GFDN, 108, 168N,  694E,  28, 1003,   ,   0,    ,    0,    0,    0,    0, 
IO, 91, 2015100806, 03, GFDN, 114, 171N,  687E,  43, 1000,   ,   0,    ,    0,    0,    0,    0, 
IO, 91, 2015100806, 03, GFDN, 120, 171N,  683E,  49,  999,   ,   0,    ,    0,    0,    0,    0, 
IO, 91, 2015100806, 03, GFDN, 126, 173N,  680E,  44,  996,   ,   0,    ,    0,    0,    0,    0, 
IO, 91, 2015100806, 03, NVGM,   0, 127N,  713E,  19, 1009, XX,  34, NEQ,    0,    0,    0,    0,    0,    0, 149,   0,   0, 
IO, 91, 2015100806, 03, NVGM,   6, 131N,  712E,  20, 1006, XX,  34, NEQ,    0,    0,    0,    0,    0,    0, 162,   0,   0, 
IO, 91, 2015100806, 03, NVGM,  12, 134N,  714E,  22, 1008, XX,  34, NEQ,    0,    0,    0,    0,    0,    0, 154,   0,   0, 
IO, 91, 2015100806, 03, NVGM,  18, 136N,  711E,  22, 1005, XX,  34, NEQ,    0,    0,    0,    0,    0,    0, 148,   0,   0, 
IO, 91, 2015100806, 03, NVGM,  24, 136N,  708E,  21, 1007, XX,  34, NEQ,    0,    0,    0,    0,    0,    0, 161,   0,   0, 
IO, 91, 2015100806, 03, NVGM,  30, 139N,  706E,  21, 1005, XX,  34, NEQ,    0,    0,    0,    0,    0,    0, 123,   0,   0, 
IO, 91, 2015100806, 03, NVGM,  36, 144N,  706E,  21, 1007, XX,  34, NEQ,    0,    0,    0,    0,    0,    0, 117,   0,   0, 
IO, 91, 2015100806, 03, NVGM,  42, 148N,  707E,  23, 1005, XX,  34, NEQ,    0,    0,    0,    0,    0,    0, 149,   0,   0, 
IO, 91, 2015100806, 03, NVGM,  48, 151N,  708E,  25, 1008, XX,  34, NEQ,    0,    0,    0,    0,    0,    0, 139,   0,   0, 
IO, 91, 2015100806, 03, NVGM,  54, 154N,  707E,  25, 1005, XX,  34, NEQ,    0,    0,    0,    0,    0,    0, 146,   0,   0, 
IO, 91, 2015100806, 03, NVGM,  60, 154N,  708E,  22, 1007, XX,  34, NEQ,    0,    0,    0,    0,    0,    0, 141,   0,   0, 
IO, 91, 2015100806, 03, NVGM,  66, 154N,  710E,  24, 1005, XX,  34, NEQ,    0,    0,    0,    0,    0,    0, 134,   0,   0, 
IO, 91, 2015100806, 03, NVGM,  72, 155N,  709E,  23, 1008, XX,  34, NEQ,    0,    0,    0,    0,    0,    0, 134,   0,   0, 
IO, 91, 2015100806, 03, NVGM,  78, 155N,  708E,  23, 1005, XX,  34, NEQ,    0,    0,    0,    0,    0,    0,  81,   0,   0, 
IO, 91, 2015100806, 03, NVGM,  84, 152N,  704E,  23, 1008, XX,  34, NEQ,    0,    0,    0,    0,    0,    0, 118,   0,   0, 
IO, 91, 2015100806, 03, NVGM,  90, 152N,  700E,  23, 1006, XX,  34, NEQ,    0,    0,    0,    0,    0,    0, 138,   0,   0, 
IO, 91, 2015100806, 03, NVGM,  96, 153N,  693E,  23, 1008, XX,  34, NEQ,    0,    0,    0,    0,    0,    0, 106,   0,   0, 
IO, 91, 2015100806, 03, NVGM, 102, 153N,  685E,  20, 1006, XX,  34, NEQ,    0,    0,    0,    0,    0,    0, 106,   0,   0, 
IO, 91, 2015100806, 03, NVGM, 108, 154N,  677E,  20, 1009, XX,  34, NEQ,    0,    0,    0,    0,    0,    0,  99,   0,   0, 
IO, 91, 2015100806, 03, NVGM, 114, 154N,  670E,  18, 1006, XX,  34, NEQ,    0,    0,    0,    0,    0,    0, 132,   0,   0, 
IO, 91, 2015100806, 03, NVGM, 120, 154N,  661E,  21, 1009, XX,  34, NEQ,    0,    0,    0,    0,    0,    0, 128,   0,   0, 
IO, 91, 2015100806, 03, NVGM, 126, 156N,  651E,  20, 1006, XX,  34, NEQ,    0,    0,    0,    0,    0,    0, 114,   0,   0, 
IO, 91, 2015100806, 03, NVGM, 132, 158N,  641E,  24, 1008, XX,  34, NEQ,    0,    0,    0,    0,    0,    0, 113,   0,   0, 
IO, 91, 2015100806, 03, NVGM, 138, 161N,  629E,  23, 1006, XX,  34, NEQ,    0,    0,    0,    0,    0,    0, 129,   0,   0, 
IO, 91, 2015100806, 03, NVGM, 144, 164N,  616E,  23, 1009, XX,  34, NEQ,    0,    0,    0,    0,    0,    0, 146,   0,   0, 
IO, 91, 2015100806, 03, NVGM, 150, 166N,  603E,  22, 1006, XX,  34, NEQ,    0,    0,    0,    0,    0,    0, 148,   0,   0, 
IO, 91, 2015100806, 03, NVGM, 156, 169N,  590E,  25, 1008, XX,  34, NEQ,    0,    0,    0,    0,    0,    0, 102,   0,   0, 
IO, 91, 2015100806, 03, NVGM, 162, 171N,  575E,  25, 1006, XX,  34, NEQ,    0,    0,    0,    0,    0,    0, 139,   0,   0, 
IO, 91, 2015100806, 03, NVGM, 168, 174N,  564E,  22, 1009, XX,  34, NEQ,    0,    0,    0,    0,    0,    0, 156,   0,   0, 
IO, 91, 2015100806, 03, NVGM, 174, 177N,  552E,  21, 1006, XX,  34, NEQ,    0,    0,    0,    0,    0,    0,  92,   0,   0, 
IO, 91, 2015100806, 03, NVGM, 180, 180N,  540E,  19, 1010, XX,  34, NEQ,    0,    0,    0,    0,    0,    0,  82,   0,   0, 
IO, 91, 2015100812, 03, COTC,   0, 131N,  712E,  18, 1005, XX,  34, NEQ,    0,    0,    0,    0,    0,    0, 108,   0,   0, 
IO, 91, 2015100812, 03, COTC,   6, 134N,  715E,  18, 1010, XX,  34, NEQ,    0,    0,    0,    0,    0,    0, 106,   0,   0, 
IO, 91, 2015100812, 03, COTC,  12, 137N,  711E,  26, 1007, XX,  34, NEQ,    0,    0,    0,    0,    0,    0,  90,   0,   0, 
IO, 91, 2015100812, 03, COTC,  18, 134N,  705E,  33, 1009, XX,  34, NEQ,    0,    0,    0,    0,    0,    0,  84,   0,   0, 
IO, 91, 2015100812, 03, COTC,  24, 135N,  707E,  28, 1005, XX,  34, NEQ,    0,    0,    0,    0,    0,    0,  70,   0,   0, 
IO, 91, 2015100812, 03, COTC,  30, 137N,  705E,  26, 1008, XX,  34, NEQ,    0,    0,    0,    0,    0,    0,  77,   0,   0, 
IO, 91, 2015100812, 03, COTC,  36, 142N,  715E,  30, 1006, XX,  34, NEQ,    0,    0,    0,    0,    0,    0, 105,   0,   0, 
IO, 91, 2015100812, 03, COTC,  42, 146N,  709E,  30, 1009, XX,  34, NEQ,    0,    0,    0,    0,    0,    0,  88,   0,   0, 
IO, 91, 2015100812, 03, COTC,  48, 149N,  711E,  33, 1006, XX,  34, NEQ,    0,    0,    0,    0,    0,    0,  40,   0,   0, 
IO, 91, 2015100812, 03, COTC,  54, 147N,  713E,  28, 1008, XX,  34, NEQ,    0,  148,    0,    0,    0,    0,  47,   0,   0, 
IO, 91, 2015100812, 03, COTC,  60, 146N,  718E,  29, 1008, XX,  34, NEQ,    0,  135,    0,    0,    0,    0,  75,   0,   0, 
IO, 91, 2015100812, 03, COTC,  66, 146N,  721E,  37, 1008, XX,  34, NEQ,   66,    0,   94,  118,    0,    0,  90,   0,   0, 
IO, 91, 2015100812, 03, COTC,  72, 145N,  720E,  30, 1005, XX,  34, NEQ,    0,    0,    0,    0,    0,    0,  95,   0,   0, 
IO, 91, 2015100812, 03, COTC,  78, 145N,  721E,  35, 1006, XX,  34, NEQ,   24,    0,    0,    0,    0,    0,  24,   0,   0, 
IO, 91, 2015100812, 03, COTC,  84, 146N,  719E,  40, 1001, XX,  34, NEQ,   31,    0,    0,   78,    0,    0,  20,   0,   0, 
IO, 91, 2015100812, 03, COTC,  90, 144N,  714E,  39, 1000, XX,  34, NEQ,   34,   16,    0,   26,    0,    0,  20,   0,   0, 
IO, 91, 2015100812, 03, COTC,  96, 144N,  712E,  41,  998, XX,  34, NEQ,   51,    0,    0,  154,    0,    0,  22,   0,   0, 
IO, 91, 2015100812, 03, COTC, 102, 146N,  708E,  47,  999, XX,  34, NEQ,   71,    0,    0,   44,    0,    0,  24,   0,   0, 
IO, 91, 2015100812, 03, COTC, 108, 148N,  702E,  56,  993, XX,  34, NEQ,   86,   25,   23,   67,    0,    0,  16,   0,   0, 
IO, 91, 2015100812, 03, COTC, 108, 148N,  702E,  56,  993, XX,  50, NEQ,   19,    0,    0,   19,    0,    0,  16,   0,   0, 
IO, 91, 2015100812, 03, COTC, 114, 146N,  697E,  63,  988, XX,  34, NEQ,   95,   38,   17,  151,    0,    0,  16,   0,   0, 
IO, 91, 2015100812, 03, COTC, 114, 146N,  697E,  63,  988, XX,  50, NEQ,   26,    0,    0,   19,    0,    0,  16,   0,   0, 
IO, 91, 2015100812, 03, COTC, 120, 148N,  691E,  79,  976, XX,  34, NEQ,   69,   32,   25,  117,    0,    0,  21,   0,   0, 
IO, 91, 2015100812, 03, COTC, 120, 148N,  691E,  79,  976, XX,  50, NEQ,   29,    8,   17,   30,    0,    0,  21,   0,   0, 
IO, 91, 2015100812, 03, COTC, 120, 148N,  691E,  79,  976, XX,  64, NEQ,   24,    2,    0,   25,    0,    0,  21,   0,   0, 
IO, 91, 2015100812, 03, GFDN,   0, 134N,  711E,  27, 1004,   ,   0,    ,    0,    0,    0,    0, 
IO, 91, 2015100812, 03, GFDN,   6, 133N,  715E,  22, 1004,   ,   0,    ,    0,    0,    0,    0, 
IO, 91, 2015100812, 03, GFDN,  12, 134N,  716E,  26, 1003,   ,   0,    ,    0,    0,    0,    0, 
IO, 91, 2015100812, 03, GFDN,  18, 137N,  714E,  34, 1003,   ,   0,    ,    0,    0,    0,    0, 
IO, 91, 2015100812, 03, GFDN,  24, 140N,  712E,  23, 1005,   ,   0,    ,    0,    0,    0,    0, 
IO, 91, 2015100812, 03, GFDN,  30, 144N,  710E,  21, 1005,   ,   0,    ,    0,    0,    0,    0, 
IO, 91, 2015100812, 03, GFDN,  36, 148N,  707E,  37, 1005,   ,   0,    ,    0,    0,    0,    0, 
IO, 91, 2015100812, 03, GFDN,  42, 152N,  708E,  27, 1004,   ,   0,    ,    0,    0,    0,    0, 
IO, 91, 2015100812, 03, GFDN,  48, 156N,  707E,  28, 1004,   ,   0,    ,    0,    0,    0,    0, 
IO, 91, 2015100812, 03, GFDN,  54, 159N,  707E,  22, 1005,   ,   0,    ,    0,    0,    0,    0, 
IO, 91, 2015100812, 03, GFDN,  60, 160N,  705E,  37, 1004,   ,   0,    ,    0,    0,    0,    0, 
IO, 91, 2015100812, 03, GFDN,  66, 161N,  702E,  43, 1004,   ,   0,    ,    0,    0,    0,    0, 
IO, 91, 2015100812, 03, GFDN,  72, 161N,  699E,  45, 1002,   ,   0,    ,    0,    0,    0,    0, 
IO, 91, 2015100812, 03, GFDN,  78, 160N,  698E,  33, 1003,   ,   0,    ,    0,    0,    0,    0, 
IO, 91, 2015100812, 03, GFDN,  84, 163N,  696E,  37, 1002,   ,   0,    ,    0,    0,    0,    0, 
IO, 91, 2015100812, 03, GFDN,  90, 166N,  693E,  43, 1000,   ,   0,    ,    0,    0,    0,    0, 
IO, 91, 2015100812, 03, GFDN,  96, 169N,  685E,  49,  993,   ,   0,    ,    0,    0,    0,    0, 
IO, 91, 2015100812, 03, GFDN, 102, 169N,  680E,  54,  994,   ,   0,    ,    0,    0,    0,    0, 
IO, 91, 2015100812, 03, GFDN, 108, 169N,  675E,  54,  990,   ,   0,    ,    0,    0,    0,    0, 
IO, 91, 2015100812, 03, GFDN, 114, 171N,  672E,  54,  991,   ,   0,    ,    0,    0,    0,    0, 
IO, 91, 2015100812, 03, GFDN, 120, 172N,  667E,  58,  985,   ,   0,    ,    0,    0,    0,    0, 
IO, 91, 2015100812, 03, GFDN, 126, 174N,  664E,  52,  991,   ,   0,    ,    0,    0,    0,    0, 
IO, 91, 2015100812, 03, NVGM,   0, 130N,  712E,  20, 1006, XX,  34, NEQ,    0,    0,    0,    0,    0,    0, 160,   0,   0, 
IO, 91, 2015100812, 03, NVGM,   6, 132N,  714E,  22, 1007, XX,  34, NEQ,    0,    0,    0,    0,    0,    0, 148,   0,   0, 
IO, 91, 2015100812, 03, NVGM,  12, 133N,  710E,  22, 1005, XX,  34, NEQ,    0,    0,    0,    0,    0,    0, 161,   0,   0, 
IO, 91, 2015100812, 03, NVGM,  18, 134N,  707E,  23, 1007, XX,  34, NEQ,    0,    0,    0,    0,    0,    0, 150,   0,   0, 
IO, 91, 2015100812, 03, NVGM,  24, 138N,  705E,  22, 1004, XX,  34, NEQ,    0,    0,    0,    0,    0,    0, 162,   0,   0, 
IO, 91, 2015100812, 03, NVGM,  30, 143N,  704E,  21, 1007, XX,  34, NEQ,    0,    0,    0,    0,    0,    0, 157,   0,   0, 
IO, 91, 2015100812, 03, NVGM,  36, 147N,  704E,  22, 1005, XX,  34, NEQ,    0,    0,    0,    0,    0,    0, 144,   0,   0, 
IO, 91, 2015100812, 03, NVGM,  42, 150N,  704E,  22, 1007, XX,  34, NEQ,    0,    0,    0,    0,    0,    0, 151,   0,   0, 
IO, 91, 2015100812, 03, NVGM,  48, 153N,  704E,  21, 1005, XX,  34, NEQ,    0,    0,    0,    0,    0,    0, 157,   0,   0, 
IO, 91, 2015100812, 03, NVGM,  54, 155N,  703E,  21, 1007, XX,  34, NEQ,    0,    0,    0,    0,    0,    0, 138,   0,   0, 
IO, 91, 2015100812, 03, NVGM,  60, 156N,  703E,  21, 1006, XX,  34, NEQ,    0,    0,    0,    0,    0,    0, 139,   0,   0, 
IO, 91, 2015100812, 03, NVGM,  66, 157N,  703E,  21, 1008, XX,  34, NEQ,    0,    0,    0,    0,    0,    0, 151,   0,   0, 
IO, 91, 2015100812, 03, NVGM,  72, 157N,  703E,  20, 1005, XX,  34, NEQ,    0,    0,    0,    0,    0,    0,  86,   0,   0, 
IO, 91, 2015100812, 03, NVGM,  78, 158N,  699E,  21, 1008, XX,  34, NEQ,    0,    0,    0,    0,    0,    0, 130,   0,   0, 
IO, 91, 2015100812, 03, NVGM,  84, 160N,  695E,  22, 1006, XX,  34, NEQ,    0,    0,    0,    0,    0,    0, 129,   0,   0, 
IO, 91, 2015100812, 03, NVGM,  90, 161N,  689E,  23, 1009, XX,  34, NEQ,    0,    0,    0,    0,    0,    0, 135,   0,   0, 
IO, 91, 2015100812, 03, NVGM,  96, 164N,  682E,  20, 1006, XX,  34, NEQ,    0,    0,    0,    0,    0,    0,  93,   0,   0, 
IO, 91, 2015100812, 03, NVGM, 102, 167N,  671E,  19, 1009, XX,  34, NEQ,    0,    0,    0,    0,    0,    0, 136,   0,   0, 
IO, 91, 2015100812, 03, NVGM, 108, 169N,  664E,  16, 1007, XX,  34, NEQ,    0,    0,    0,    0,    0,    0, 155,   0,   0, 
IO, 91, 2015100812, 03, NVGM, 114, 172N,  653E,  18, 1010, XX,  34, NEQ,    0,    0,    0,    0,    0,    0, 111,   0,   0, 
IO, 91, 2015100812, 03, NVGM, 120, 175N,  642E,  18, 1007, XX,  34, NEQ,    0,    0,    0,    0,    0,    0, 102,   0,   0, 
IO, 91, 2015100812, 03, NVGM, 126, 176N,  628E,  20, 1010, XX,  34, NEQ,    0,    0,    0,    0,    0,    0, 116,   0,   0, 
IO, 91, 2015100812, 03, NVGM, 132, 176N,  615E,  18, 1008, XX,  34, NEQ,    0,    0,    0,    0,    0,    0, 128,   0,   0, 
IO, 91, 2015100812, 03, NVGM, 138, 178N,  602E,  16, 1011, XX,  34, NEQ,    0,    0,    0,    0,    0,    0, 133,   0,   0, 
IO, 91, 2015100812, 03, NVGM, 144, 178N,  590E,  18, 1008, XX,  34, NEQ,    0,    0,    0,    0,    0,    0, 158,   0,   0, 
IO, 91, 2015100812, 03, NVGM, 150, 177N,  578E,  17, 1010, XX,  34, NEQ,    0,    0,    0,    0,    0,    0, 144,   0,   0, 
IO, 91, 2015100812, 03, NVGM, 156, 181N,  568E,  15, 1009, XX,  34, NEQ,    0,    0,    0,    0,    0,    0, 148,   0,   0, 
IO, 91, 2015100818, 03, COTC,   0, 134N,  714E,  21, 1007, XX,  34, NEQ,    0,    0,    0,    0,    0,    0, 108,   0,   0, 
IO, 91, 2015100818, 03, COTC,   6, 136N,  712E,  26, 1007, XX,  34, NEQ,    0,    0,    0,    0,    0,    0,  95,   0,   0, 
IO, 91, 2015100818, 03, COTC,  12, 138N,  707E,  36, 1007, XX,  34, NEQ,    0,    0,   46,    0,    0,    0,  46,   0,   0, 
IO, 91, 2015100818, 03, COTC,  18, 144N,  706E,  33, 1005, XX,  34, NEQ,    0,    0,    0,    0,    0,    0,  74,   0,   0, 
IO, 91, 2015100818, 03, COTC,  24, 141N,  705E,  23, 1008, XX,  34, NEQ,    0,    0,    0,    0,    0,    0,  71,   0,   0, 
IO, 91, 2015100818, 03, COTC,  30, 141N,  705E,  24, 1007, XX,  34, NEQ,    0,    0,    0,    0,    0,    0,  63,   0,   0, 
IO, 91, 2015100818, 03, COTC,  36, 145N,  709E,  28, 1008, XX,  34, NEQ,    0,    0,    0,    0,    0,    0,  57,   0,   0, 
IO, 91, 2015100818, 03, COTC,  42, 147N,  713E,  29, 1005, XX,  34, NEQ,    0,  247,    0,    0,    0,    0,  89,   0,   0, 
IO, 91, 2015100818, 03, COTC,  48, 151N,  716E,  27, 1009, XX,  34, NEQ,    0,    0,    0,    0,    0,    0,  56,   0,   0, 
IO, 91, 2015100818, 03, COTC,  54, 148N,  714E,  37, 1007, XX,  34, NEQ,    0,    0,   34,    0,    0,    0,  33,   0,   0, 
IO, 91, 2015100818, 03, COTC,  60, 148N,  715E,  32, 1009, XX,  34, NEQ,    0,    0,    0,    0,    0,    0,  79,   0,   0, 
IO, 91, 2015100818, 03, COTC,  66, 146N,  717E,  33, 1007, XX,  34, NEQ,    0,    0,    0,    0,    0,    0,  26,   0,   0, 
IO, 91, 2015100818, 03, COTC,  72, 143N,  715E,  27, 1009, XX,  34, NEQ,    0,    0,    0,    0,    0,    0,  60,   0,   0, 
IO, 91, 2015100818, 03, COTC,  78, 142N,  708E,  30, 1007, XX,  34, NEQ,    0,    0,    0,    0,    0,    0,  76,   0,   0, 
IO, 91, 2015100818, 03, COTC,  84, 140N,  702E,  32, 1009, XX,  34, NEQ,    0,    0,    0,  150,    0,    0,  88,   0,   0, 
IO, 91, 2015100818, 03, COTC,  90, 142N,  696E,  24, 1006, XX,  34, NEQ,    0,    0,    0,    0,    0,    0,  34,   0,   0, 
IO, 91, 2015100818, 03, COTC,  96, 142N,  689E,  29, 1007, XX,  34, NEQ,    0,    0,    0,    0,    0,    0,  41,   0,   0, 
IO, 91, 2015100818, 03, COTC, 102, 142N,  678E,  42, 1003, XX,  34, NEQ,  141,    0,    0,   14,    0,    0,  52,   0,   0, 
IO, 91, 2015100818, 03, COTC, 108, 144N,  669E,  42, 1005, XX,  34, NEQ,  198,   33,   32,   36,    0,    0,  30,   0,   0, 
IO, 91, 2015100818, 03, COTC, 114, 145N,  659E,  39, 1001, XX,  34, NEQ,   44,    0,    0,  123,    0,    0,  29,   0,   0, 
IO, 91, 2015100818, 03, COTC, 120, 149N,  651E,  42, 1001, XX,  34, NEQ,   79,    0,   20,   56,    0,    0,  24,   0,   0, 
IO, 91, 2015100818, 03, GFDN,   0, 134N,  711E,  34, 1003,   ,   0,    ,    0,    0,    0,    0, 
IO, 91, 2015100818, 03, GFDN,   6, 134N,  712E,  31, 1002,   ,   0,    ,    0,    0,    0,    0, 
IO, 91, 2015100818, 03, GFDN,  12, 138N,  710E,  27, 1001,   ,   0,    ,    0,    0,    0,    0, 
IO, 91, 2015100818, 03, GFDN,  18, 138N,  710E,  27, 1001,   ,   0,    ,    0,    0,    0,    0, 
IO, 91, 2015100818, 03, GFDN,  24, 141N,  707E,  32, 1004,   ,   0,    ,    0,    0,    0,    0, 
IO, 91, 2015100818, 03, GFDN,  30, 145N,  705E,  45, 1003,   ,   0,    ,    0,    0,    0,    0, 
IO, 91, 2015100818, 03, GFDN,  36, 149N,  703E,  42, 1001,   ,   0,    ,    0,    0,    0,    0, 
IO, 91, 2015100818, 03, GFDN,  42, 153N,  706E,  26, 1005,   ,   0,    ,    0,    0,    0,    0, 
IO, 91, 2015100818, 03, GFDN,  48, 157N,  707E,  29, 1005,   ,   0,    ,    0,    0,    0,    0, 
IO, 91, 2015100818, 03, GFDN,  54, 160N,  707E,  23, 1006,   ,   0,    ,    0,    0,    0,    0, 
IO, 91, 2015100818, 03, GFDN,  60, 163N,  705E,  23, 1006,   ,   0,    ,    0,    0,    0,    0, 
IO, 91, 2015100818, 03, GFDN,  66, 164N,  704E,  21, 1006,   ,   0,    ,    0,    0,    0,    0, 
IO, 91, 2015100818, 03, GFDN,  72, 166N,  699E,  18, 1008,   ,   0,    ,    0,    0,    0,    0, 
IO, 91, 2015100818, 03, GFDN,  78, 167N,  694E,  20, 1008,   ,   0,    ,    0,    0,    0,    0, 
IO, 91, 2015100818, 03, GFDN,  84, 167N,  686E,  19, 1008,   ,   0,    ,    0,    0,    0,    0, 
IO, 91, 2015100818, 03, GFDN,  90, 167N,  678E,  20, 1007,   ,   0,    ,    0,    0,    0,    0, 
IO, 91, 2015100818, 03, GFDN,  96, 170N,  665E,  20, 1008,   ,   0,    ,    0,    0,    0,    0, 
IO, 91, 2015100818, 03, GFDN, 102, 170N,  652E,  19, 1007,   ,   0,    ,    0,    0,    0,    0, 
IO, 91, 2015100818, 03, GFDN, 108, 170N,  638E,  21, 1007,   ,   0,    ,    0,    0,    0,    0, 
IO, 91, 2015100818, 03, GFDN, 114, 170N,  625E,  22, 1006,   ,   0,    ,    0,    0,    0,    0, 
IO, 91, 2015100818, 03, GFDN, 120, 169N,  613E,  21, 1006,   ,   0,    ,    0,    0,    0,    0, 
IO, 91, 2015100818, 03, GFDN, 126, 170N,  602E,  21, 1006,   ,   0,    ,    0,    0,    0,    0, 
IO, 91, 2015100818, 03, NVGM,   0, 132N,  714E,  22, 1007, XX,  34, NEQ,    0,    0,    0,    0,    0,    0, 132,   0,   0, 
IO, 91, 2015100818, 03, NVGM,   6, 133N,  710E,  22, 1004, XX,  34, NEQ,    0,    0,    0,    0,    0,    0, 153,   0,   0, 
IO, 91, 2015100818, 03, NVGM,  12, 135N,  706E,  22, 1007, XX,  34, NEQ,    0,    0,    0,    0,    0,    0, 155,   0,   0, 
IO, 91, 2015100818, 03, NVGM,  18, 139N,  705E,  21, 1004, XX,  34, NEQ,    0,    0,    0,    0,    0,    0, 122,   0,   0, 
IO, 91, 2015100818, 03, NVGM,  24, 142N,  705E,  20, 1007, XX,  34, NEQ,    0,    0,    0,    0,    0,    0, 139,   0,   0, 
IO, 91, 2015100818, 03, NVGM,  30, 145N,  704E,  21, 1005, XX,  34, NEQ,    0,    0,    0,    0,    0,    0, 161,   0,   0, 
IO, 91, 2015100818, 03, NVGM,  36, 148N,  705E,  20, 1007, XX,  34, NEQ,    0,    0,    0,    0,    0,    0, 137,   0,   0, 
IO, 91, 2015100818, 03, NVGM,  42, 151N,  707E,  19, 1004, XX,  34, NEQ,    0,    0,    0,    0,    0,    0, 156,   0,   0, 
IO, 91, 2015100818, 03, NVGM,  48, 151N,  708E,  22, 1007, XX,  34, NEQ,    0,    0,    0,    0,    0,    0, 140,   0,   0, 
IO, 91, 2015100818, 03, NVGM,  54, 152N,  708E,  23, 1005, XX,  34, NEQ,    0,    0,    0,    0,    0,    0, 122,   0,   0, 
IO, 91, 2015100818, 03, NVGM,  60, 155N,  707E,  23, 1008, XX,  34, NEQ,    0,    0,    0,    0,    0,    0, 119,   0,   0, 
IO, 91, 2015100818, 03, NVGM,  66, 158N,  707E,  23, 1005, XX,  34, NEQ,    0,    0,    0,    0,    0,    0,  65,   0,   0, 
IO, 91, 2015100818, 03, NVGM,  72, 159N,  704E,  23, 1008, XX,  34, NEQ,    0,    0,    0,    0,    0,    0, 136,   0,   0, 
IO, 91, 2015100818, 03, NVGM,  78, 161N,  699E,  22, 1006, XX,  34, NEQ,    0,    0,    0,    0,    0,    0, 159,   0,   0, 
IO, 91, 2015100818, 03, NVGM,  84, 163N,  693E,  19, 1009, XX,  34, NEQ,    0,    0,    0,    0,    0,    0, 156,   0,   0, 
IO, 91, 2015100818, 03, NVGM,  90, 164N,  686E,  17, 1006, XX,  34, NEQ,    0,    0,    0,    0,    0,    0,  77,   0,   0, 
IO, 91, 2015100818, 03, NVGM,  96, 164N,  676E,  17, 1009, XX,  34, NEQ,    0,    0,    0,    0,    0,    0,  96,   0,   0, 
IO, 91, 2015100818, 03, NVGM, 102, 168N,  669E,  16, 1007, XX,  34, NEQ,    0,    0,    0,    0,    0,    0, 103,   0,   0, 
IO, 91, 2015100818, 03, NVGM, 108, 167N,  658E,  17, 1009, XX,  34, NEQ,    0,    0,    0,    0,    0,    0, 142,   0,   0, 
IO, 91, 2015100818, 03, NVGM, 114, 171N,  649E,  19, 1006, XX,  34, NEQ,    0,    0,    0,    0,    0,    0, 121,   0,   0, 
IO, 91, 2015100818, 03, NVGM, 120, 171N,  635E,  20, 1009, XX,  34, NEQ,    0,    0,    0,    0,    0,    0, 112,   0,   0, 
IO, 91, 2015100818, 03, NVGM, 126, 173N,  624E,  18, 1007, XX,  34, NEQ,    0,    0,    0,    0,    0,    0, 139,   0,   0, 
IO, 91, 2015100818, 03, NVGM, 132, 176N,  613E,  17, 1010, XX,  34, NEQ,    0,    0,    0,    0,    0,    0, 158,   0,   0, 
IO, 91, 2015100818, 03, NVGM, 138, 180N,  601E,  19, 1008, XX,  34, NEQ,    0,    0,    0,    0,    0,    0, 152,   0,   0, 
IO, 91, 2015100818, 03, NVGM, 144, 182N,  589E,  20, 1010, XX,  34, NEQ,    0,    0,    0,    0,    0,    0, 142,   0,   0, 
IO, 91, 2015100818, 03, NVGM, 150, 184N,  577E,  20, 1008, XX,  34, NEQ,    0,    0,    0,    0,    0,    0, 141,   0,   0, 
IO, 91, 2015100818, 03, NVGM, 156, 185N,  565E,  19, 1011, XX,  34, NEQ,    0,    0,    0,    0,    0,    0, 150,   0,   0, 
IO, 91, 2015100900, 03, COTC,   0, 135N,  708E,  20, 1005, XX,  34, NEQ,    0,    0,    0,    0,    0,    0, 108,   0,   0, 
IO, 91, 2015100900, 03, COTC,   6, 136N,  702E,  26, 1009, XX,  34, NEQ,    0,    0,    0,    0,    0,    0,  65,   0,   0, 
IO, 91, 2015100900, 03, COTC,  12, 140N,  697E,  30, 1005, XX,  34, NEQ,    0,    0,    0,    0,    0,    0,  58,   0,   0, 
IO, 91, 2015100900, 03, COTC,  18, 147N,  696E,  29, 1008, XX,  34, NEQ,    0,  343,    0,    0,    0,    0,  28,   0,   0, 
IO, 91, 2015100900, 03, COTC,  24, 147N,  697E,  25, 1006, XX,  34, NEQ,    0,    0,    0,    0,    0,    0,  32,   0,   0, 
IO, 91, 2015100900, 03, COTC,  30, 151N,  696E,  31, 1008, XX,  34, NEQ,    0,    0,    0,    0,    0,    0,  48,   0,   0, 
IO, 91, 2015100900, 03, COTC,  36, 148N,  698E,  28, 1005, XX,  34, NEQ,    0,    0,    0,    0,    0,    0,  91,   0,   0, 
IO, 91, 2015100900, 03, COTC,  42, 149N,  701E,  28, 1008, XX,  34, NEQ,    0,    0,    0,    0,    0,    0,  71,   0,   0, 
IO, 91, 2015100900, 03, COTC,  48, 151N,  706E,  30, 1007, XX,  34, NEQ,    0,    0,    0,    0,    0,    0,  46,   0,   0, 
IO, 91, 2015100900, 03, COTC,  54, 151N,  706E,  33, 1009, XX,  34, NEQ,  126,    0,    0,    0,    0,    0,  87,   0,   0, 
IO, 91, 2015100900, 03, COTC,  60, 149N,  702E,  24, 1007, XX,  34, NEQ,    0,    0,    0,    0,    0,    0,  74,   0,   0, 
IO, 91, 2015100900, 03, COTC,  66, 147N,  702E,  26, 1010, XX,  34, NEQ,    0,    0,    0,    0,    0,    0,  50,   0,   0, 
IO, 91, 2015100900, 03, COTC,  72, 146N,  700E,  30, 1008, XX,  34, NEQ,    0,    0,    0,    0,    0,    0,  62,   0,   0, 
IO, 91, 2015100900, 03, COTC,  78, 145N,  693E,  27, 1010, XX,  34, NEQ,    0,    0,    0,    0,    0,    0,  84,   0,   0, 
IO, 91, 2015100900, 03, COTC,  84, 144N,  687E,  28, 1007, XX,  34, NEQ,    0,    0,    0,  141,    0,    0,  52,   0,   0, 
IO, 91, 2015100900, 03, COTC,  90, 141N,  680E,  23, 1009, XX,  34, NEQ,    0,    0,    0,  150,    0,    0,  31,   0,   0, 
IO, 91, 2015100900, 03, COTC,  96, 139N,  675E,  25, 1007, XX,  34, NEQ,  179,    0,    0,    0,    0,    0,  51,   0,   0, 
IO, 91, 2015100900, 03, COTC, 102, 137N,  670E,  26, 1009, XX,  34, NEQ,    0,    0,    0,  149,    0,    0,  81,   0,   0, 
IO, 91, 2015100900, 03, COTC, 108, 141N,  663E,  26, 1007, XX,  34, NEQ,    0,    0,    0,    0,    0,    0,  76,   0,   0, 
IO, 91, 2015100900, 03, COTC, 114, 141N,  653E,  33, 1007, XX,  34, NEQ,    0,    0,    0,    0,    0,    0,  59,   0,   0, 
IO, 91, 2015100900, 03, COTC, 120, 141N,  646E,  32, 1006, XX,  34, NEQ,  150,    0,    0,  186,    0,    0,  98,   0,   0, 
IO, 91, 2015100900, 03, GFDN,   0, 141N,  707E,  32, 1001,   ,   0,    ,    0,    0,    0,    0, 
IO, 91, 2015100900, 03, GFDN,   6, 140N,  703E,  31, 1000,   ,   0,    ,    0,    0,    0,    0, 
IO, 91, 2015100900, 03, GFDN,  12, 142N,  700E,  31, 1002,   ,   0,    ,    0,    0,    0,    0, 
IO, 91, 2015100900, 03, GFDN,  18, 142N,  696E,  41, 1002,   ,   0,    ,    0,    0,    0,    0, 
IO, 91, 2015100900, 03, GFDN,  24, 144N,  698E,  34, 1003,   ,   0,    ,    0,    0,    0,    0, 
IO, 91, 2015100900, 03, GFDN,  30, 148N,  697E,  40, 1004,   ,   0,    ,    0,    0,    0,    0, 
IO, 91, 2015100900, 03, GFDN,  36, 151N,  698E,  44, 1002,   ,   0,    ,    0,    0,    0,    0, 
IO, 91, 2015100900, 03, GFDN,  42, 154N,  698E,  33, 1004,   ,   0,    ,    0,    0,    0,    0, 
IO, 91, 2015100900, 03, GFDN,  48, 158N,  699E,  30, 1005,   ,   0,    ,    0,    0,    0,    0, 
IO, 91, 2015100900, 03, GFDN,  54, 161N,  699E,  47, 1005,   ,   0,    ,    0,    0,    0,    0, 
IO, 91, 2015100900, 03, GFDN,  60, 163N,  698E,  23, 1005,   ,   0,    ,    0,    0,    0,    0, 
IO, 91, 2015100900, 03, GFDN,  66, 165N,  694E,  21, 1007,   ,   0,    ,    0,    0,    0,    0, 
IO, 91, 2015100900, 03, GFDN,  72, 166N,  689E,  20, 1007,   ,   0,    ,    0,    0,    0,    0, 
IO, 91, 2015100900, 03, GFDN,  78, 167N,  683E,  21, 1006,   ,   0,    ,    0,    0,    0,    0, 
IO, 91, 2015100900, 03, GFDN,  84, 168N,  676E,  21, 1006,   ,   0,    ,    0,    0,    0,    0, 
IO, 91, 2015100900, 03, GFDN,  90, 166N,  665E,  21, 1006,   ,   0,    ,    0,    0,    0,    0, 
IO, 91, 2015100900, 03, GFDN,  96, 163N,  658E,  21, 1004,   ,   0,    ,    0,    0,    0,    0, 
IO, 91, 2015100900, 03, GFDN, 102, 162N,  654E,  38, 1004,   ,   0,    ,    0,    0,    0,    0, 
IO, 91, 2015100900, 03, GFDN, 108, 162N,  651E,  40, 1003,   ,   0,    ,    0,    0,    0,    0, 
IO, 91, 2015100900, 03, GFDN, 114, 164N,  647E,  45, 1004,   ,   0,    ,    0,    0,    0,    0, 
IO, 91, 2015100900, 03, GFDN, 120, 167N,  642E,  43, 1003,   ,   0,    ,    0,    0,    0,    0, 
IO, 91, 2015100900, 03, GFDN, 126, 172N,  635E,  46, 1002,   ,   0,    ,    0,    0,    0,    0, 
IO, 91, 2015100900, 03, NVGM,   0, 136N,  708E,  20, 1005, XX,  34, NEQ,    0,    0,    0,    0,    0,    0, 142,   0,   0, 
IO, 91, 2015100900, 03, NVGM,   6, 136N,  705E,  21, 1007, XX,  34, NEQ,    0,    0,    0,    0,    0,    0, 155,   0,   0, 
IO, 91, 2015100900, 03, NVGM,  12, 138N,  704E,  20, 1005, XX,  34, NEQ,    0,    0,    0,    0,    0,    0, 134,   0,   0, 
IO, 91, 2015100900, 03, NVGM,  18, 142N,  704E,  20, 1008, XX,  34, NEQ,    0,    0,    0,    0,    0,    0, 145,   0,   0, 
IO, 91, 2015100900, 03, NVGM,  24, 147N,  705E,  21, 1005, XX,  34, NEQ,    0,    0,    0,    0,    0,    0, 136,   0,   0, 
IO, 91, 2015100900, 03, NVGM,  30, 149N,  706E,  21, 1008, XX,  34, NEQ,    0,    0,    0,    0,    0,    0, 146,   0,   0, 
IO, 91, 2015100900, 03, NVGM,  36, 151N,  709E,  19, 1005, XX,  34, NEQ,    0,    0,    0,    0,    0,    0, 153,   0,   0, 
IO, 91, 2015100900, 03, NVGM,  42, 151N,  711E,  22, 1007, XX,  34, NEQ,    0,    0,    0,    0,    0,    0, 122,   0,   0, 
IO, 91, 2015100900, 03, NVGM,  48, 153N,  713E,  26, 1006, XX,  34, NEQ,    0,    0,    0,    0,    0,    0, 107,   0,   0, 
IO, 91, 2015100900, 03, NVGM,  54, 154N,  712E,  26, 1008, XX,  34, NEQ,    0,    0,    0,    0,    0,    0, 111,   0,   0, 
IO, 91, 2015100900, 03, NVGM,  60, 156N,  710E,  22, 1005, XX,  34, NEQ,    0,    0,    0,    0,    0,    0, 128,   0,   0, 
IO, 91, 2015100900, 03, NVGM,  66, 156N,  708E,  24, 1008, XX,  34, NEQ,    0,    0,    0,    0,    0,    0, 112,   0,   0, 
IO, 91, 2015100900, 03, NVGM,  72, 155N,  706E,  26, 1005, XX,  34, NEQ,    0,    0,    0,    0,    0,    0, 125,   0,   0, 
IO, 91, 2015100900, 03, NVGM,  78, 158N,  700E,  26, 1008, XX,  34, NEQ,    0,    0,    0,    0,    0,    0,  94,   0,   0, 
IO, 91, 2015100900, 03, NVGM,  84, 160N,  695E,  24, 1005, XX,  34, NEQ,    0,    0,    0,    0,    0,    0,  91,   0,   0, 
IO, 91, 2015100900, 03, NVGM,  90, 163N,  688E,  24, 1007, XX,  34, NEQ,    0,    0,    0,    0,    0,    0, 126,   0,   0, 
IO, 91, 2015100900, 03, NVGM,  96, 165N,  681E,  23, 1005, XX,  34, NEQ,    0,    0,    0,    0,    0,    0,  91,   0,   0, 
IO, 91, 2015100900, 03, NVGM, 102, 169N,  671E,  24, 1007, XX,  34, NEQ,    0,    0,    0,    0,    0,    0,  88,   0,   0, 
IO, 91, 2015100900, 03, NVGM, 108, 173N,  660E,  26, 1004, XX,  34, NEQ,    0,    0,    0,    0,    0,    0,  70,   0,   0, 
IO, 91, 2015100900, 03, NVGM, 114, 176N,  650E,  28, 1007, XX,  34, NEQ,    0,    0,    0,    0,    0,    0,  85,   0,   0, 
IO, 91, 2015100900, 03, NVGM, 120, 178N,  638E,  26, 1005, XX,  34, NEQ,    0,    0,    0,    0,    0,    0,  71,   0,   0, 
IO, 91, 2015100900, 03, NVGM, 126, 181N,  626E,  27, 1007, XX,  34, NEQ,    0,    0,    0,    0,    0,    0,  56,   0,   0, 
IO, 91, 2015100900, 03, NVGM, 132, 184N,  616E,  28, 1005, XX,  34, NEQ,    0,    0,    0,    0,    0,    0,  73,   0,   0, 
IO, 91, 2015100900, 03, NVGM, 138, 185N,  605E,  28, 1007, XX,  34, NEQ,    0,    0,    0,    0,    0,    0,  81,   0,   0, 
IO, 91, 2015100900, 03, NVGM, 144, 188N,  595E,  30, 1005, XX,  34, NEQ,    0,    0,    0,    0,    0,    0,  76,   0,   0, 
IO, 91, 2015100900, 03, NVGM, 150, 191N,  585E,  29, 1008, XX,  34, NEQ,    0,    0,    0,    0,    0,    0,  61,   0,   0, 
IO, 91, 2015100900, 03, NVGM, 156, 193N,  576E,  27, 1005, XX,  34, NEQ,    0,    0,    0,    0,    0,    0,  54,   0,   0, 
IO, 91, 2015100900, 03, NVGM, 162, 195N,  568E,  23, 1009, XX,  34, NEQ,    0,    0,    0,    0,    0,    0,  64,   0,   0, 
IO, 91, 2015100900, 03, NVGM, 168, 197N,  558E,  21, 1008, XX,  34, NEQ,    0,    0,    0,    0,    0,    0,  52,   0,   0, 
IO, 91, 2015100900, 03, NVGM, 174, 197N,  550E,  22, 1011, XX,  34, NEQ,    0,    0,    0,    0,    0,    0,  75,   0,   0, 
IO, 91, 2015100900, 03, NVGM, 180, 198N,  545E,  19, 1007, XX,  34, NEQ,    0,    0,    0,    0,    0,    0,  71,   0,   0, 
IO, 91, 2015100906, 03, COTC,   0, 135N,  703E,  18, 1007, XX,  34, NEQ,    0,    0,    0,    0,    0,    0, 108,   0,   0, 
IO, 91, 2015100906, 03, COTC,   6, 138N,  700E,  19, 1005, XX,  34, NEQ,    0,    0,    0,    0,    0,    0, 107,   0,   0, 
IO, 91, 2015100906, 03, COTC,  12, 141N,  696E,  28, 1008, XX,  34, NEQ,    0,    0,    0,    0,    0,    0,  53,   0,   0, 
IO, 91, 2015100906, 03, COTC,  18, 148N,  700E,  35, 1005, XX,  34, NEQ,  146,    0,    0,    0,    0,    0,  89,   0,   0, 
IO, 91, 2015100906, 03, COTC,  24, 148N,  702E,  33, 1008, XX,  34, NEQ,    0,    0,    0,    0,    0,    0,  59,   0,   0, 
IO, 91, 2015100906, 03, COTC,  30, 142N,  703E,  26, 1006, XX,  34, NEQ,    0,    0,    0,    0,    0,    0,  69,   0,   0, 
IO, 91, 2015100906, 03, COTC,  36, 143N,  710E,  39, 1008, XX,  34, NEQ,    0,    0,   55,    0,    0,    0,  45,   0,   0, 
IO, 91, 2015100906, 03, COTC,  42, 143N,  713E,  32, 1005, XX,  34, NEQ,    0,    0,    0,    0,    0,    0,  78,   0,   0, 
IO, 91, 2015100906, 03, COTC,  48, 146N,  716E,  29, 1008, XX,  34, NEQ,    0,    0,    0,    0,    0,    0,  88,   0,   0, 
IO, 91, 2015100906, 03, COTC,  54, 145N,  720E,  36, 1006, XX,  34, NEQ,    0,   32,    0,    0,    0,    0,  29,   0,   0, 
IO, 91, 2015100906, 03, COTC,  60, 149N,  720E,  27, 1008, XX,  34, NEQ,    0,    0,    0,    0,    0,    0,  84,   0,   0, 
IO, 91, 2015100906, 03, COTC,  66, 149N,  720E,  38, 1006, XX,  34, NEQ,    0,    0,  101,  110,    0,    0,  98,   0,   0, 
IO, 91, 2015100906, 03, COTC,  72, 146N,  714E,  39, 1006, XX,  34, NEQ,   87,    0,    0,  100,    0,    0,  88,   0,   0, 
IO, 91, 2015100906, 03, COTC,  78, 147N,  712E,  35, 1003, XX,  34, NEQ,   28,    0,    0,    0,    0,    0,  28,   0,   0, 
IO, 91, 2015100906, 03, COTC,  84, 147N,  709E,  45, 1004, XX,  34, NEQ,    0,    0,    0,   42,    0,    0,  36,   0,   0, 
IO, 91, 2015100906, 03, COTC,  90, 147N,  702E,  42, 1000, XX,  34, NEQ,   80,   21,    0,   67,    0,    0,  15,   0,   0, 
IO, 91, 2015100906, 03, COTC,  96, 148N,  696E,  44,  999, XX,  34, NEQ,  106,   80,   32,   82,    0,    0,  60,   0,   0, 
IO, 91, 2015100906, 03, COTC, 102, 150N,  690E,  50,  990, XX,  34, NEQ,   69,   73,   37,   48,    0,    0,  21,   0,   0, 
IO, 91, 2015100906, 03, COTC, 108, 150N,  685E,  63,  987, XX,  34, NEQ,   79,   78,   22,   72,    0,    0,  21,   0,   0, 
IO, 91, 2015100906, 03, COTC, 108, 150N,  685E,  63,  987, XX,  50, NEQ,   47,    0,    0,   27,    0,    0,  21,   0,   0, 
IO, 91, 2015100906, 03, COTC, 114, 151N,  679E,  69,  980, XX,  34, NEQ,   88,   68,   44,   89,    0,    0,  20,   0,   0, 
IO, 91, 2015100906, 03, COTC, 114, 151N,  679E,  69,  980, XX,  50, NEQ,   29,   17,   17,   48,    0,    0,  20,   0,   0, 
IO, 91, 2015100906, 03, COTC, 114, 151N,  679E,  69,  980, XX,  64, NEQ,   22,    0,    0,   23,    0,    0,  20,   0,   0, 
IO, 91, 2015100906, 03, COTC, 120, 151N,  671E,  80,  978, XX,  34, NEQ,   98,   71,   22,  103,    0,    0,  18,   0,   0, 
IO, 91, 2015100906, 03, COTC, 120, 151N,  671E,  80,  978, XX,  50, NEQ,   45,    0,    0,   46,    0,    0,  18,   0,   0, 
IO, 91, 2015100906, 03, COTC, 120, 151N,  671E,  80,  978, XX,  64, NEQ,   25,    0,    0,   31,    0,    0,  18,   0,   0, 
IO, 91, 2015100906, 03, GFDN,   0, 139N,  704E,  30, 1004,   ,   0,    ,    0,    0,    0,    0, 
IO, 91, 2015100906, 03, GFDN,   6, 141N,  702E,  34, 1000,   ,   0,    ,    0,    0,    0,    0, 
IO, 91, 2015100906, 03, GFDN,  12, 143N,  700E,  37, 1003,   ,   0,    ,    0,    0,    0,    0, 
IO, 91, 2015100906, 03, GFDN,  18, 143N,  698E,  42, 1000,   ,   0,    ,    0,    0,    0,    0, 
IO, 91, 2015100906, 03, GFDN,  24, 143N,  697E,  43, 1001,   ,   0,    ,    0,    0,    0,    0, 
IO, 91, 2015100906, 03, GFDN,  30, 144N,  698E,  45, 1002,   ,   0,    ,    0,    0,    0,    0, 
IO, 91, 2015100906, 03, GFDN,  36, 145N,  701E,  36, 1004,   ,   0,    ,    0,    0,    0,    0, 
IO, 91, 2015100906, 03, GFDN,  42, 147N,  704E,  30, 1005,   ,   0,    ,    0,    0,    0,    0, 
IO, 91, 2015100906, 03, GFDN,  48, 151N,  706E,  26, 1005,   ,   0,    ,    0,    0,    0,    0, 
IO, 91, 2015100906, 03, GFDN,  54, 153N,  707E,  24, 1004,   ,   0,    ,    0,    0,    0,    0, 
IO, 91, 2015100906, 03, GFDN,  60, 156N,  706E,  21, 1006,   ,   0,    ,    0,    0,    0,    0, 
IO, 91, 2015100906, 03, GFDN,  66, 158N,  704E,  21, 1006,   ,   0,    ,    0,    0,    0,    0, 
IO, 91, 2015100906, 03, GFDN,  72, 159N,  700E,  21, 1006,   ,   0,    ,    0,    0,    0,    0, 
IO, 91, 2015100906, 03, GFDN,  78, 162N,  695E,  20, 1006,   ,   0,    ,    0,    0,    0,    0, 
IO, 91, 2015100906, 03, GFDN,  84, 163N,  689E,  19, 1006,   ,   0,    ,    0,    0,    0,    0, 
IO, 91, 2015100906, 03, GFDN,  90, 165N,  682E,  28, 1005,   ,   0,    ,    0,    0,    0,    0, 
IO, 91, 2015100906, 03, GFDN,  96, 165N,  676E,  28, 1004,   ,   0,    ,    0,    0,    0,    0, 
IO, 91, 2015100906, 03, GFDN, 102, 167N,  671E,  32, 1002,   ,   0,    ,    0,    0,    0,    0, 
IO, 91, 2015100906, 03, GFDN, 108, 168N,  665E,  25, 1003,   ,   0,    ,    0,    0,    0,    0, 
IO, 91, 2015100906, 03, GFDN, 114, 170N,  663E,  48, 1000,   ,   0,    ,    0,    0,    0,    0, 
IO, 91, 2015100906, 03, GFDN, 120, 172N,  658E,  45,  999,   ,   0,    ,    0,    0,    0,    0, 
IO, 91, 2015100906, 03, GFDN, 126, 177N,  653E,  47,  995,   ,   0,    ,    0,    0,    0,    0, 
IO, 91, 2015100906, 03, NVGM,   0, 136N,  703E,  24, 1007, XX,  34, NEQ,    0,    0,    0,    0,    0,    0, 154,   0,   0, 
IO, 91, 2015100906, 03, NVGM,   6, 138N,  700E,  21, 1003, XX,  34, NEQ,    0,    0,    0,    0,    0,    0, 160,   0,   0, 
IO, 91, 2015100906, 03, NVGM,  12, 142N,  698E,  22, 1006, XX,  34, NEQ,    0,    0,    0,    0,    0,    0, 104,   0,   0, 
IO, 91, 2015100906, 03, NVGM,  18, 143N,  699E,  22, 1004, XX,  34, NEQ,    0,    0,    0,    0,    0,    0, 106,   0,   0, 
IO, 91, 2015100906, 03, NVGM,  24, 142N,  700E,  25, 1007, XX,  34, NEQ,    0,    0,    0,    0,    0,    0,  72,   0,   0, 
IO, 91, 2015100906, 03, NVGM,  30, 143N,  703E,  27, 1003, XX,  34, NEQ,    0,    0,    0,    0,    0,    0,  78,   0,   0, 
IO, 91, 2015100906, 03, NVGM,  36, 144N,  705E,  25, 1006, XX,  34, NEQ,    0,    0,    0,    0,    0,    0,  88,   0,   0, 
IO, 91, 2015100906, 03, NVGM,  42, 147N,  704E,  26, 1003, XX,  34, NEQ,    0,    0,    0,    0,    0,    0,  66,   0,   0, 
IO, 91, 2015100906, 03, NVGM,  48, 149N,  704E,  29, 1006, XX,  34, NEQ,    0,    0,    0,    0,    0,    0,  75,   0,   0, 
IO, 91, 2015100906, 03, NVGM,  54, 154N,  702E,  31, 1003, XX,  34, NEQ,    0,    0,    0,    0,    0,    0,  71,   0,   0, 
IO, 91, 2015100906, 03, NVGM,  60, 156N,  699E,  27, 1006, XX,  34, NEQ,    0,    0,    0,    0,    0,    0,  76,   0,   0, 
IO, 91, 2015100906, 03, NVGM,  66, 161N,  695E,  29, 1003, XX,  34, NEQ,    0,    0,    0,    0,    0,    0,  63,   0,   0, 
IO, 91, 2015100906, 03, NVGM,  72, 165N,  688E,  29, 1006, XX,  34, NEQ,    0,    0,    0,    0,    0,    0, 115,   0,   0, 
IO, 91, 2015100906, 03, NVGM,  78, 170N,  682E,  29, 1003, XX,  34, NEQ,    0,    0,    0,    0,    0,    0, 104,   0,   0, 
IO, 91, 2015100906, 03, NVGM,  84, 172N,  674E,  27, 1005, XX,  34, NEQ,    0,    0,    0,    0,    0,    0, 120,   0,   0, 
IO, 91, 2015100906, 03, NVGM,  90, 176N,  665E,  27, 1003, XX,  34, NEQ,    0,    0,    0,    0,    0,    0,  67,   0,   0, 
IO, 91, 2015100906, 03, NVGM,  96, 179N,  657E,  33, 1005, XX,  34, NEQ,    0,    0,    0,    0,    0,    0,  78,   0,   0, 
IO, 91, 2015100906, 03, NVGM, 102, 183N,  651E,  32, 1001, XX,  34, NEQ,    0,    0,    0,    0,    0,    0,  75,   0,   0, 
IO, 91, 2015100906, 03, NVGM, 108, 185N,  645E,  34, 1003, XX,  34, NEQ,    0,    0,    0,    0,    0,    0,  63,   0,   0, 
IO, 91, 2015100906, 03, NVGM, 114, 188N,  639E,  40, 1001, XX,  34, NEQ,  116,    0,    0,    0,    0,    0,  52,   0,   0, 
IO, 91, 2015100906, 03, NVGM, 120, 191N,  632E,  40, 1003, XX,  34, NEQ,   88,    0,    0,   85,    0,    0,  55,   0,   0, 
IO, 91, 2015100906, 03, NVGM, 126, 194N,  626E,  41, 1000, XX,  34, NEQ,   85,    0,    0,   96,    0,    0,  67,   0,   0, 
IO, 91, 2015100906, 03, NVGM, 132, 196N,  621E,  41, 1003, XX,  34, NEQ,  110,    0,    0,  107,    0,    0,  85,   0,   0, 
IO, 91, 2015100906, 03, NVGM, 138, 200N,  617E,  41, 1001, XX,  34, NEQ,  121,   91,    0,   49,    0,    0,  61,   0,   0, 
IO, 91, 2015100906, 03, NVGM, 144, 204N,  613E,  45, 1004, XX,  34, NEQ,  121,   88,    0,   50,    0,    0,  76,   0,   0, 
IO, 91, 2015100906, 03, NVGM, 150, 211N,  610E,  39, 1002, XX,  34, NEQ,   97,   69,    0,   81,    0,    0,  63,   0,   0, 
IO, 91, 2015100906, 03, NVGM, 156, 216N,  608E,  37, 1005, XX,  34, NEQ,   77,   91,    0,    0,    0,    0,  75,   0,   0, 
IO, 91, 2015100906, 03, NVGM, 162, 223N,  608E,  38, 1003, XX,  34, NEQ,   81,   90,    0,   78,    0,    0,  57,   0,   0, 
IO, 91, 2015100906, 03, NVGM, 168, 231N,  608E,  38, 1007, XX,  34, NEQ,   95,   87,    0,   60,    0,    0,  53,   0,   0, 
IO, 91, 2015100906, 03, NVGM, 174, 239N,  610E,  36, 1005, XX,  34, NEQ,    0,   63,    0,   62,    0,    0,  43,   0,   0, 
IO, 91, 2015100906, 03, NVGM, 180, 245N,  611E,  38, 1008, XX,  34, NEQ,    0,    0,    0,   28,    0,    0,  33,   0,   0, 
IO, 91, 2015100912, 03, AVNO,   0, 146N,  699E,  26, 1001, XX,  34, NEQ,    0,    0,    0,    0, 
IO, 91, 2015100912, 03, AVNO,   6, 149N,  698E,  24, 1004, XX,  34, NEQ,    0,    0,    0,    0, 
IO, 91, 2015100912, 03, AVNO,  12, 151N,  697E,  24, 1003, XX,  34, NEQ,    0,    0,    0,    0, 
IO, 91, 2015100912, 03, AVNO,  18, 152N,  695E,  26, 1006, XX,  34, NEQ,    0,    0,    0,    0, 
IO, 91, 2015100912, 03, AVNO,  24, 155N,  697E,  25, 1003, XX,  34, NEQ,    0,    0,    0,    0, 
IO, 91, 2015100912, 03, AVNO,  30, 157N,  699E,  22, 1006, XX,  34, NEQ,    0,    0,    0,    0, 
IO, 91, 2015100912, 03, AVNO,  36, 159N,  700E,  21, 1005, XX,  34, NEQ,    0,    0,    0,    0, 
IO, 91, 2015100912, 03, AVNO,  42, 160N,  700E,  22, 1008, XX,  34, NEQ,    0,    0,    0,    0, 
IO, 91, 2015100912, 03, AVNO,  48, 161N,  702E,  21, 1006, XX,  34, NEQ,    0,    0,    0,    0, 
IO, 91, 2015100912, 03, AVNO,  54, 161N,  700E,  19, 1008, XX,  34, NEQ,    0,    0,    0,    0, 
IO, 91, 2015100912, 03, AVNO,  60, 164N,  698E,  18, 1006, XX,  34, NEQ,    0,    0,    0,    0, 
IO, 91, 2015100912, 03, AVNO,  66, 166N,  691E,  19, 1009, XX,  34, NEQ,    0,    0,    0,    0, 
IO, 91, 2015100912, 03, AVNO,  72, 168N,  686E,  18, 1007, XX,  34, NEQ,    0,    0,    0,    0, 
IO, 91, 2015100912, 03, AVNO,  78, 170N,  678E,  17, 1010, XX,  34, NEQ,    0,    0,    0,    0, 
IO, 91, 2015100912, 03, AVNO,  84, 171N,  669E,  16, 1008, XX,  34, NEQ,    0,    0,    0,    0, 
IO, 91, 2015100912, 03, AVNO,  90, 173N,  661E,  18, 1011, XX,  34, NEQ,    0,    0,    0,    0, 
IO, 91, 2015100912, 03, AVNO,  96, 175N,  655E,  16, 1008, XX,  34, NEQ,    0,    0,    0,    0, 
IO, 91, 2015100912, 03, AVNO, 102, 173N,  646E,  17, 1010, XX,  34, NEQ,    0,    0,    0,    0, 
IO, 91, 2015100912, 03, AVNO, 108, 176N,  638E,  16, 1008, XX,  34, NEQ,    0,    0,    0,    0, 
IO, 91, 2015100912, 03, AVNO, 114, 180N,  630E,  18, 1012, XX,  34, NEQ,    0,    0,    0,    0, 
IO, 91, 2015100912, 03, AVNO, 120, 185N,  622E,  18, 1009, XX,  34, NEQ,    0,    0,    0,    0, 
IO, 91, 2015100912, 03, AVNO, 126, 191N,  612E,  19, 1011, XX,  34, NEQ,    0,    0,    0,    0, 
IO, 91, 2015100912, 03, AVNO, 132, 195N,  603E,  16, 1009, XX,  34, NEQ,    0,    0,    0,    0, 
IO, 91, 2015100912, 03, AVNO, 138, 200N,  594E,  16, 1013, XX,  34, NEQ,    0,    0,    0,    0, 
IO, 91, 2015100912, 03, AVNO, 144, 204N,  583E,  19, 1007, XX,  34, NEQ,    0,    0,    0,    0, 
IO, 91, 2015100912, 03, COTC,   0, 138N,  701E,  21, 1003, XX,  34, NEQ,    0,    0,    0,    0,    0,    0, 108,   0,   0, 
IO, 91, 2015100912, 03, COTC,   6, 141N,  700E,  22, 1008, XX,  34, NEQ,    0,    0,    0,    0,    0,    0, 106,   0,   0, 
IO, 91, 2015100912, 03, COTC,  12, 138N,  695E,  32, 1004, XX,  34, NEQ,    0,  327,    0,    0,    0,    0,  61,   0,   0, 
IO, 91, 2015100912, 03, COTC,  18, 143N,  698E,  33, 1005, XX,  34, NEQ,    0,    0,    0,    0,    0,    0, 101,   0,   0, 
IO, 91, 2015100912, 03, COTC,  24, 145N,  702E,  40, 1002, XX,  34, NEQ,    0,   52,   72,    0,    0,    0,  44,   0,   0, 
IO, 91, 2015100912, 03, COTC,  30, 148N,  706E,  35, 1006, XX,  34, NEQ,    0,    0,    0,   85,    0,    0,  85,   0,   0, 
IO, 91, 2015100912, 03, COTC,  36, 149N,  701E,  45, 1000, XX,  34, NEQ,    0,   80,   48,    0,    0,    0,  21,   0,   0, 
IO, 91, 2015100912, 03, COTC,  42, 151N,  699E,  53, 1000, XX,  34, NEQ,  169,   67,   66,   90,    0,    0,  32,   0,   0, 
IO, 91, 2015100912, 03, COTC,  42, 151N,  699E,  53, 1000, XX,  50, NEQ,    0,   34,    0,    0,    0,    0,  32,   0,   0, 
IO, 91, 2015100912, 03, COTC,  48, 154N,  697E,  48,  996, XX,  34, NEQ,   46,   45,   76,   96,    0,    0,  25,   0,   0, 
IO, 91, 2015100912, 03, COTC,  54, 156N,  695E,  43,  998, XX,  34, NEQ,  194,   56,   58,   26,    0,    0,  25,   0,   0, 
IO, 91, 2015100912, 03, COTC,  60, 157N,  691E,  57,  995, XX,  34, NEQ,   50,   67,   66,   97,    0,    0,  27,   0,   0, 
IO, 91, 2015100912, 03, COTC,  60, 157N,  691E,  57,  995, XX,  50, NEQ,   20,   32,    0,    0,    0,    0,  27,   0,   0, 
IO, 91, 2015100912, 03, COTC,  66, 161N,  682E,  52,  997, XX,  34, NEQ,   97,   69,   69,   79,    0,    0,  49,   0,   0, 
IO, 91, 2015100912, 03, COTC,  66, 161N,  682E,  52,  997, XX,  50, NEQ,    0,    0,    0,   51,    0,    0,  49,   0,   0, 
IO, 91, 2015100912, 03, COTC,  72, 163N,  675E,  55,  987, XX,  34, NEQ,   90,   65,   54,   95,    0,    0,  36,   0,   0, 
IO, 91, 2015100912, 03, COTC,  72, 163N,  675E,  55,  987, XX,  50, NEQ,   42,   28,    0,    0,    0,    0,  36,   0,   0, 
IO, 91, 2015100912, 03, COTC,  78, 164N,  670E,  64,  985, XX,  34, NEQ,   95,   91,   94,   98,    0,    0,  26,   0,   0, 
IO, 91, 2015100912, 03, COTC,  78, 164N,  670E,  64,  985, XX,  50, NEQ,   30,   12,   21,   34,    0,    0,  26,   0,   0, 
IO, 91, 2015100912, 03, COTC,  78, 164N,  670E,  64,  985, XX,  64, NEQ,    0,    0,    0,   26,    0,    0,  26,   0,   0, 
IO, 91, 2015100912, 03, COTC,  84, 163N,  665E,  80,  975, XX,  34, NEQ,   84,   98,   63,  123,    0,    0,  19,   0,   0, 
IO, 91, 2015100912, 03, COTC,  84, 163N,  665E,  80,  975, XX,  50, NEQ,   56,   24,   18,   56,    0,    0,  19,   0,   0, 
IO, 91, 2015100912, 03, COTC,  84, 163N,  665E,  80,  975, XX,  64, NEQ,   26,    0,    0,   26,    0,    0,  19,   0,   0, 
IO, 91, 2015100912, 03, COTC,  90, 164N,  659E,  89,  965, XX,  34, NEQ,   98,   92,   53,   82,    0,    0,  18,   0,   0, 
IO, 91, 2015100912, 03, COTC,  90, 164N,  659E,  89,  965, XX,  50, NEQ,   63,   31,   32,   49,    0,    0,  18,   0,   0, 
IO, 91, 2015100912, 03, COTC,  90, 164N,  659E,  89,  965, XX,  64, NEQ,   37,    2,    5,   33,    0,    0,  18,   0,   0, 
IO, 91, 2015100912, 03, COTC,  96, 166N,  655E,  96,  962, XX,  34, NEQ,  103,  122,   51,   91,    0,    0,  18,   0,   0, 
IO, 91, 2015100912, 03, COTC,  96, 166N,  655E,  96,  962, XX,  50, NEQ,   83,   30,   16,   51,    0,    0,  18,   0,   0, 
IO, 91, 2015100912, 03, COTC,  96, 166N,  655E,  96,  962, XX,  64, NEQ,   31,   18,    0,   33,    0,    0,  18,   0,   0, 
IO, 91, 2015100912, 03, COTC, 102, 169N,  654E,  73,  980, XX,  34, NEQ,  107,  119,   67,   88,    0,    0,  24,   0,   0, 
IO, 91, 2015100912, 03, COTC, 102, 169N,  654E,  73,  980, XX,  50, NEQ,   34,   18,    9,   40,    0,    0,  24,   0,   0, 
IO, 91, 2015100912, 03, COTC, 102, 169N,  654E,  73,  980, XX,  64, NEQ,   27,    0,    0,   28,    0,    0,  24,   0,   0, 
IO, 91, 2015100912, 03, COTC, 108, 171N,  650E,  79,  983, XX,  34, NEQ,  107,  151,   62,   87,    0,    0,  26,   0,   0, 
IO, 91, 2015100912, 03, COTC, 108, 171N,  650E,  79,  983, XX,  50, NEQ,   43,    0,   21,   40,    0,    0,  26,   0,   0, 
IO, 91, 2015100912, 03, COTC, 108, 171N,  650E,  79,  983, XX,  64, NEQ,   31,    0,    0,   31,    0,    0,  26,   0,   0, 
IO, 91, 2015100912, 03, COTC, 114, 171N,  643E,  53,  996, XX,  34, NEQ,  107,   92,   43,   97,    0,    0,  36,   0,   0, 
IO, 91, 2015100912, 03, COTC, 114, 171N,  643E,  53,  996, XX,  50, NEQ,   40,    0,    0,    0,    0,    0,  36,   0,   0, 
IO, 91, 2015100912, 03, COTC, 120, 173N,  637E,  54,  991, XX,  34, NEQ,  111,  111,   59,  100,    0,    0,  54,   0,   0, 
IO, 91, 2015100912, 03, COTC, 120, 173N,  637E,  54,  991, XX,  50, NEQ,   58,    0,    0,   49,    0,    0,  54,   0,   0, 
IO, 91, 2015100912, 03, GFDN,   0, 146N,  703E,  30, 1001,   ,   0,    ,    0,    0,    0,    0, 
IO, 91, 2015100912, 03, GFDN,   6, 146N,  701E,  28, 1002,   ,   0,    ,    0,    0,    0,    0, 
IO, 91, 2015100912, 03, GFDN,  12, 145N,  695E,  44,  999,   ,   0,    ,    0,    0,    0,    0, 
IO, 91, 2015100912, 03, GFDN,  18, 145N,  697E,  37, 1001,   ,   0,    ,    0,    0,    0,    0, 
IO, 91, 2015100912, 03, GFDN,  24, 146N,  697E,  46,  999,   ,   0,    ,    0,    0,    0,    0, 
IO, 91, 2015100912, 03, GFDN,  30, 147N,  698E,  45, 1001,   ,   0,    ,    0,    0,    0,    0, 
IO, 91, 2015100912, 03, GFDN,  36, 149N,  697E,  51,  996,   ,   0,    ,    0,    0,    0,    0, 
IO, 91, 2015100912, 03, GFDN,  42, 151N,  698E,  41,  998,   ,   0,    ,    0,    0,    0,    0, 
IO, 91, 2015100912, 03, GFDN,  48, 157N,  697E,  34, 1000,   ,   0,    ,    0,    0,    0,    0, 
IO, 91, 2015100912, 03, GFDN,  54, 163N,  695E,  31, 1003,   ,   0,    ,    0,    0,    0,    0, 
IO, 91, 2015100912, 03, GFDN,  60, 167N,  690E,  40, 1001,   ,   0,    ,    0,    0,    0,    0, 
IO, 91, 2015100912, 03, GFDN,  66, 169N,  683E,  40, 1005,   ,   0,    ,    0,    0,    0,    0, 
IO, 91, 2015100912, 03, GFDN,  72, 173N,  675E,  28, 1004,   ,   0,    ,    0,    0,    0,    0, 
IO, 91, 2015100912, 03, GFDN,  78, 174N,  669E,  25, 1005,   ,   0,    ,    0,    0,    0,    0, 
IO, 91, 2015100912, 03, GFDN,  84, 176N,  666E,  32, 1004,   ,   0,    ,    0,    0,    0,    0, 
IO, 91, 2015100912, 03, GFDN,  90, 182N,  665E,  42, 1002,   ,   0,    ,    0,    0,    0,    0, 
IO, 91, 2015100912, 03, GFDN,  96, 188N,  664E,  48, 1001,   ,   0,    ,    0,    0,    0,    0, 
IO, 91, 2015100912, 03, GFDN, 102, 192N,  661E,  44,  999,   ,   0,    ,    0,    0,    0,    0, 
IO, 91, 2015100912, 03, GFDN, 108, 196N,  658E,  47,  998,   ,   0,    ,    0,    0,    0,    0, 
IO, 91, 2015100912, 03, GFDN, 114, 197N,  655E,  39,  997,   ,   0,    ,    0,    0,    0,    0, 
IO, 91, 2015100912, 03, GFDN, 120, 198N,  652E,  34,  998,   ,   0,    ,    0,    0,    0,    0, 
IO, 91, 2015100912, 03, GFDN, 126, 200N,  649E,  44, 1000,   ,   0,    ,    0,    0,    0,    0, 
IO, 91, 2015100912, 03, NVGM,   0, 139N,  700E,  22, 1004, XX,  34, NEQ,    0,    0,    0,    0,    0,    0, 130,   0,   0, 
IO, 91, 2015100912, 03, NVGM,   6, 142N,  698E,  22, 1006, XX,  34, NEQ,    0,    0,    0,    0,    0,    0, 106,   0,   0, 
IO, 91, 2015100912, 03, NVGM,  12, 144N,  697E,  24, 1004, XX,  34, NEQ,    0,    0,    0,    0,    0,    0, 133,   0,   0, 
IO, 91, 2015100912, 03, NVGM,  18, 144N,  699E,  24, 1006, XX,  34, NEQ,    0,    0,    0,    0,    0,    0,  75,   0,   0, 
IO, 91, 2015100912, 03, NVGM,  24, 146N,  701E,  27, 1003, XX,  34, NEQ,    0,    0,    0,    0,    0,    0,  72,   0,   0, 
IO, 91, 2015100912, 03, NVGM,  30, 146N,  702E,  26, 1005, XX,  34, NEQ,    0,    0,    0,    0,    0,    0,  81,   0,   0, 
IO, 91, 2015100912, 03, NVGM,  36, 148N,  703E,  30, 1003, XX,  34, NEQ,    0,    0,    0,    0,    0,    0,  78,   0,   0, 
IO, 91, 2015100912, 03, NVGM,  42, 151N,  702E,  31, 1005, XX,  34, NEQ,    0,    0,    0,    0,    0,    0,  82,   0,   0, 
IO, 91, 2015100912, 03, NVGM,  48, 155N,  698E,  29, 1003, XX,  34, NEQ,    0,    0,    0,    0,    0,    0,  63,   0,   0, 
IO, 91, 2015100912, 03, NVGM,  54, 158N,  692E,  28, 1005, XX,  34, NEQ,    0,    0,    0,    0,    0,    0,  76,   0,   0, 
IO, 91, 2015100912, 03, NVGM,  60, 162N,  686E,  31, 1003, XX,  34, NEQ,    0,    0,    0,    0,    0,    0,  65,   0,   0, 
IO, 91, 2015100912, 03, NVGM,  66, 166N,  679E,  32, 1005, XX,  34, NEQ,    0,    0,    0,    0,    0,    0,  92,   0,   0, 
IO, 91, 2015100912, 03, NVGM,  72, 170N,  671E,  30, 1002, XX,  34, NEQ,    0,    0,    0,    0,    0,    0, 100,   0,   0, 
IO, 91, 2015100912, 03, NVGM,  78, 172N,  662E,  30, 1003, XX,  34, NEQ,    0,    0,    0,    0,    0,    0,  87,   0,   0, 
IO, 91, 2015100912, 03, NVGM,  84, 175N,  655E,  33, 1000, XX,  34, NEQ,    0,    0,    0,    0,    0,    0,  66,   0,   0, 
IO, 91, 2015100912, 03, NVGM,  90, 178N,  649E,  37, 1001, XX,  34, NEQ,   70,    0,    0,   55,    0,    0,  51,   0,   0, 
IO, 91, 2015100912, 03, NVGM,  96, 181N,  646E,  41,  998, XX,  34, NEQ,  100,   89,    0,  108,    0,    0,  56,   0,   0, 
IO, 91, 2015100912, 03, NVGM, 102, 184N,  643E,  43, 1000, XX,  34, NEQ,  104,   68,    0,   41,    0,    0,  68,   0,   0, 
IO, 91, 2015100912, 03, NVGM, 108, 186N,  640E,  44,  997, XX,  34, NEQ,   60,  114,    0,   62,    0,    0,  58,   0,   0, 
IO, 91, 2015100912, 03, NVGM, 114, 189N,  636E,  48, 1000, XX,  34, NEQ,  110,  108,    0,   76,    0,    0,  62,   0,   0, 
IO, 91, 2015100912, 03, NVGM, 120, 194N,  632E,  49,  998, XX,  34, NEQ,  125,  121,   63,   38,    0,    0,  71,   0,   0, 
IO, 91, 2015100912, 03, NVGM, 126, 197N,  627E,  50, 1001, XX,  34, NEQ,  139,  100,    0,   43,    0,    0,  64,   0,   0, 
IO, 91, 2015100912, 03, NVGM, 126, 197N,  627E,  50, 1001, XX,  50, NEQ,   68,    0,    0,    0,    0,    0,  64,   0,   0, 
IO, 91, 2015100912, 03, NVGM, 132, 201N,  623E,  50,  998, XX,  34, NEQ,  134,   76,    0,   35,    0,    0,  53,   0,   0, 
IO, 91, 2015100912, 03, NVGM, 132, 201N,  623E,  50,  998, XX,  50, NEQ,   56,    0,    0,    0,    0,    0,  53,   0,   0, 
IO, 91, 2015100912, 03, NVGM, 138, 205N,  616E,  46, 1002, XX,  34, NEQ,  128,   88,    0,   38,    0,    0,  82,   0,   0, 
IO, 91, 2015100912, 03, NVGM, 144, 211N,  613E,  50,  998, XX,  34, NEQ,  129,  106,   36,   30,    0,    0,  55,   0,   0, 
IO, 91, 2015100912, 03, NVGM, 150, 215N,  608E,  45, 1002, XX,  34, NEQ,   65,   65,   42,  135,    0,    0,  52,   0,   0, 
IO, 91, 2015100912, 03, NVGM, 156, 218N,  605E,  47, 1002, XX,  34, NEQ,  101,   64,   63,    0,    0,    0,  54,   0,   0, 
IO, 91, 2015100912, 03, NVGM, 162, 223N,  601E,  46, 1006, XX,  34, NEQ,   74,   58,    0,   63,    0,    0,  50,   0,   0, 
IO, 91, 2015100912, 03, NVGM, 168, 229N,  600E,  42, 1004, XX,  34, NEQ,   60,   49,    0,    0,    0,    0,  35,   0,   0, 
IO, 91, 2015100912, 03, NVGM, 174, 234N,  600E,  39, 1008, XX,  34, NEQ,   51,    0,    0,   59,    0,    0,  34,   0,   0, 
IO, 91, 2015100912, 03, NVGM, 180, 238N,  600E,  35, 1007, XX,  34, NEQ,    0,    0,    0,   53,    0,    0,  41,   0,   0, 
IO, 91, 2015100912, 74, JJGS,   0, 145N,  702E,  30,    0,   ,  34, NEQ,    0,    0,    0,    0, 
IO, 91, 2015100912, 74, JJGS,  12, 145N,  702E,  30,    0,   ,  34, NEQ,    0,    0,    0,    0, 
IO, 91, 2015100912, 74, JJGS,  24, 153N,  705E,  30,    0,   ,  34, NEQ,    0,    0,    0,    0, 
IO, 91, 2015100912, 74, JJGS,  36, 155N,  702E,  30,    0,   ,  34, NEQ,    0,    0,    0,    0, 
IO, 91, 2015100912, 74, JJGS,  48, 155N,  696E,  30,    0,   ,  34, NEQ,    0,    0,    0,    0, 
IO, 91, 2015100912, 74, JJGS,  60, 155N,  685E,  30,    0,   ,  34, NEQ,    0,    0,    0,    0, 
IO, 91, 2015100912, 74, JJGS,  72, 156N,  675E,  30,    0,   ,  34, NEQ,    0,    0,    0,    0, 
IO, 91, 2015100912, 74, JJGS,  84, 164N,  656E,  30,    0,   ,  34, NEQ,    0,    0,    0,    0, 
IO, 91, 2015100918, 03, AEMN,   0, 147N,  697E,  33, 1005, XX,  34, NEQ,    0,    0,    0,    0, 
IO, 91, 2015100918, 03, AEMN,   6, 150N,  694E,  29, 1004, XX,  34, NEQ,    0,    0,    0,    0, 
IO, 91, 2015100918, 03, AEMN,  12, 153N,  692E,  28, 1006, XX,  34, NEQ,    0,    0,    0,    0, 
IO, 91, 2015100918, 03, AEMN,  18, 156N,  692E,  29, 1004, XX,  34, NEQ,    0,    0,    0,    0, 
IO, 91, 2015100918, 03, AEMN,  24, 158N,  693E,  26, 1007, XX,  34, NEQ,    0,    0,    0,    0, 
IO, 91, 2015100918, 03, AEMN,  30, 160N,  693E,  25, 1005, XX,  34, NEQ,    0,    0,    0,    0, 
IO, 91, 2015100918, 03, AEMN,  36, 163N,  692E,  25, 1009, XX,  34, NEQ,    0,    0,    0,    0, 
IO, 91, 2015100918, 03, AEMN,  42, 166N,  691E,  24, 1006, XX,  34, NEQ,    0,    0,    0,    0, 
IO, 91, 2015100918, 03, AEMN,  48, 168N,  690E,  21, 1009, XX,  34, NEQ,    0,    0,    0,    0, 
IO, 91, 2015100918, 03, AEMN,  54, 169N,  686E,  21, 1008, XX,  34, NEQ,    0,    0,    0,    0, 
IO, 91, 2015100918, 03, AEMN,  60, 171N,  681E,  21, 1010, XX,  34, NEQ,    0,    0,    0,    0, 
IO, 91, 2015100918, 03, AEMN,  66, 173N,  678E,  19, 1008, XX,  34, NEQ,    0,    0,    0,    0, 
IO, 91, 2015100918, 03, AEMN,  72, 173N,  672E,  19, 1010, XX,  34, NEQ,    0,    0,    0,    0, 
IO, 91, 2015100918, 03, AEMN,  78, 174N,  666E,  19, 1008, XX,  34, NEQ,    0,    0,    0,    0, 
IO, 91, 2015100918, 03, AEMN,  84, 177N,  658E,  20, 1011, XX,  34, NEQ,    0,    0,    0,    0, 
IO, 91, 2015100918, 03, AEMN,  90, 180N,  653E,  19, 1008, XX,  34, NEQ,    0,    0,    0,    0, 
IO, 91, 2015100918, 03, AEMN,  96, 180N,  647E,  19, 1010, XX,  34, NEQ,    0,    0,    0,    0, 
IO, 91, 2015100918, 03, AEMN, 102, 183N,  640E,  18, 1008, XX,  34, NEQ,    0,    0,    0,    0, 
IO, 91, 2015100918, 03, AEMN, 108, 185N,  634E,  19, 1011, XX,  34, NEQ,    0,    0,    0,    0, 
IO, 91, 2015100918, 03, AEMN, 114, 188N,  628E,  19, 1008, XX,  34, NEQ,    0,    0,    0,    0, 
IO, 91, 2015100918, 03, AEMN, 120, 190N,  623E,  19, 1010, XX,  34, NEQ,    0,    0,    0,    0, 
IO, 91, 2015100918, 03, AEMN, 126, 194N,  620E,  18, 1009, XX,  34, NEQ,    0,    0,    0,    0, 
IO, 91, 2015100918, 03, AEMN, 132, 197N,  614E,  19, 1012, XX,  34, NEQ,    0,    0,    0,    0, 
IO, 91, 2015100918, 03, AEMN, 138, 200N,  611E,  19, 1008, XX,  34, NEQ,    0,    0,    0,    0, 
IO, 91, 2015100918, 03, AEMN, 144, 202N,  609E,  18, 1011, XX,  34, NEQ,    0,    0,    0,    0, 
IO, 91, 2015100918, 03, AEMN, 150, 206N,  604E,  16, 1010, XX,  34, NEQ,    0,    0,    0,    0, 
IO, 91, 2015100918, 03, AEMN, 156, 209N,  598E,  16, 1013, XX,  34, NEQ,    0,    0,    0,    0, 
IO, 91, 2015100918, 03, AEMN, 162, 212N,  595E,  17, 1009, XX,  34, NEQ,    0,    0,    0,    0, 
IO, 91, 2015100918, 03, AEMN, 168, 218N,  605E,  15, 1013, XX,  34, NEQ,    0,    0,    0,    0, 
IO, 91, 2015100918, 03, AEMN, 174, 217N,  599E,  14, 1012, XX,  34, NEQ,    0,    0,    0,    0, 
IO, 91, 2015100918, 03, AEMN, 180, 211N,  593E,  13, 1014, XX,  34, NEQ,    0,    0,    0,    0, 
IO, 91, 2015100918, 03, AVNO,   0, 148N,  698E,  25, 1003, XX,  34, NEQ,    0,    0,    0,    0, 
IO, 91, 2015100918, 03, AVNO,   6, 152N,  695E,  23, 1002, XX,  34, NEQ,    0,    0,    0,    0, 
IO, 91, 2015100918, 03, AVNO,  12, 153N,  694E,  26, 1005, XX,  34, NEQ,    0,    0,    0,    0, 
IO, 91, 2015100918, 03, AVNO,  18, 156N,  694E,  25, 1003, XX,  34, NEQ,    0,    0,    0,    0, 
IO, 91, 2015100918, 03, AVNO,  24, 159N,  696E,  24, 1006, XX,  34, NEQ,    0,    0,    0,    0, 
IO, 91, 2015100918, 03, AVNO,  30, 161N,  696E,  22, 1005, XX,  34, NEQ,    0,    0,    0,    0, 
IO, 91, 2015100918, 03, AVNO,  36, 162N,  696E,  22, 1008, XX,  34, NEQ,    0,    0,    0,    0, 
IO, 91, 2015100918, 03, AVNO,  42, 163N,  697E,  21, 1006, XX,  34, NEQ,    0,    0,    0,    0, 
IO, 91, 2015100918, 03, AVNO,  48, 165N,  699E,  19, 1009, XX,  34, NEQ,    0,    0,    0,    0, 
IO, 91, 2015100918, 03, AVNO,  54, 166N,  696E,  18, 1007, XX,  34, NEQ,    0,    0,    0,    0, 
IO, 91, 2015100918, 03, AVNO,  60, 169N,  691E,  20, 1010, XX,  34, NEQ,    0,    0,    0,    0, 
IO, 91, 2015100918, 03, AVNO,  66, 170N,  685E,  19, 1007, XX,  34, NEQ,    0,    0,    0,    0, 
IO, 91, 2015100918, 03, AVNO,  72, 172N,  678E,  18, 1010, XX,  34, NEQ,    0,    0,    0,    0, 
IO, 91, 2015100918, 03, AVNO,  78, 174N,  671E,  16, 1008, XX,  34, NEQ,    0,    0,    0,    0, 
IO, 91, 2015100918, 03, AVNO,  84, 174N,  662E,  17, 1011, XX,  34, NEQ,    0,    0,    0,    0, 
IO, 91, 2015100918, 03, AVNO,  90, 177N,  657E,  16, 1008, XX,  34, NEQ,    0,    0,    0,    0, 
IO, 91, 2015100918, 03, AVNO,  96, 177N,  650E,  17, 1010, XX,  34, NEQ,    0,    0,    0,    0, 
IO, 91, 2015100918, 03, AVNO, 102, 179N,  643E,  15, 1009, XX,  34, NEQ,    0,    0,    0,    0, 
IO, 91, 2015100918, 03, AVNO, 108, 182N,  635E,  18, 1012, XX,  34, NEQ,    0,    0,    0,    0, 
IO, 91, 2015100918, 03, AVNO, 114, 186N,  627E,  17, 1009, XX,  34, NEQ,    0,    0,    0,    0, 
IO, 91, 2015100918, 03, AVNO, 120, 190N,  616E,  17, 1011, XX,  34, NEQ,    0,    0,    0,    0, 
IO, 91, 2015100918, 03, AVNO, 126, 194N,  609E,  16, 1009, XX,  34, NEQ,    0,    0,    0,    0, 
IO, 91, 2015100918, 03, AVNO, 132, 198N,  600E,  15, 1012, XX,  34, NEQ,    0,    0,    0,    0, 
IO, 91, 2015100918, 03, AVNO, 138, 200N,  591E,  18, 1007, XX,  34, NEQ,    0,    0,    0,    0, 
IO, 91, 2015100918, 71, JNVG,   0, 146N,  696E,  30,    0,   ,  34, NEQ,    0,    0,    0,    0, 
IO, 91, 2015100918, 71, JNVG,  12, 155N,  694E,  30,    0,   ,  34, NEQ,    0,    0,    0,    0, 
IO, 91, 2015100918, 71, JNVG,  24, 155N,  691E,  30,    0,   ,  34, NEQ,    0,    0,    0,    0, 
IO, 91, 2015100918, 71, JNVG,  36, 165N,  686E,  35,    0,   ,  34, NEQ,    0,    0,    0,    0, 
IO, 91, 2015100918, 71, JNVG,  48, 167N,  675E,  35,    0,   ,  34, NEQ,    0,    0,    0,    0, 
IO, 91, 2015100918, 71, JNVG,  60, 175N,  660E,  45,    0,   ,  34, NEQ,    0,    0,    0,    0, 
IO, 91, 2015100918, 71, JNVG,  72, 185N,  653E,  60,    0,   ,  34, NEQ,    0,    0,    0,    0, 
IO, 91, 2015100918, 71, JNVG,  84, 189N,  645E,  55,    0,   ,  34, NEQ,    0,    0,    0,    0, 
IO, 91, 2015100918, 71, JNVG,  96, 195N,  645E,  55,    0,   ,  34, NEQ,    0,    0,    0,    0, 
IO, 91, 2015100918, 71, JNVG, 108, 203N,  645E,  60,    0,   ,  34, NEQ,    0,    0,    0,    0, 
IO, 91, 2015100918, 71, JNVG, 120, 206N,  636E,  50,    0,   ,  34, NEQ,    0,    0,    0,    0, 
IO, 91, 2015100918, 72, JAVN,   0, 146N,  698E,  30,    0,   ,  34, NEQ,    0,    0,    0,    0, 
IO, 91, 2015100918, 72, JAVN,  12, 155N,  695E,  30,    0,   ,  34, NEQ,    0,    0,    0,    0, 
IO, 91, 2015100918, 72, JAVN,  24, 162N,  695E,  30,    0,   ,  34, NEQ,    0,    0,    0,    0, 
IO, 91, 2015100918, 72, JAVN,  36, 166N,  696E,  30,    0,   ,  34, NEQ,    0,    0,    0,    0, 
IO, 91, 2015100918, 72, JAVN,  48, 165N,  699E,  25,    0,   ,  34, NEQ,    0,    0,    0,    0, 
IO, 91, 2015100918, 72, JAVN,  60, 168N,  695E,  25,    0,   ,  34, NEQ,    0,    0,    0,    0, 
IO, 91, 2015100918, 72, JAVN,  72, 175N,  680E,  25,    0,   ,  34, NEQ,    0,    0,    0,    0, 
IO, 91, 2015100918, 72, JAVN,  84, 172N,  665E,  25,    0,   ,  34, NEQ,    0,    0,    0,    0, 
IO, 91, 2015100918, 72, JAVN,  96, 175N,  654E,  25,    0,   ,  34, NEQ,    0,    0,    0,    0, 
IO, 91, 2015100918, 72, JAVN, 108, 184N,  635E,  25,    0,   ,  34, NEQ,    0,    0,    0,    0, 
IO, 91, 2015100918, 72, JAVN, 120, 183N,  616E,  25,    0,   ,  34, NEQ,    0,    0,    0,    0, 
