SH, 97, 2015031900, 03, JAS1,  12, 118S, 1779W,  21,    0,   ,   0,    ,    0,    0,    0,    0, 
SH, 97, 2015031900, 03, JAS1,  24, 132S, 1789W,  30,    0,   ,   0,    ,    0,    0,    0,    0, 
SH, 97, 2015031900, 03, JAS1,  36, 148S, 1793W,  43,    0,   ,   0,    ,    0,    0,    0,    0, 
SH, 97, 2015031900, 03, JAS1,  48, 162S, 1793W,  59,    0,   ,   0,    ,    0,    0,    0,    0, 
SH, 97, 2015031900, 03, JAS1,  60, 172S, 1794W,  75,    0,   ,   0,    ,    0,    0,    0,    0, 
SH, 97, 2015031900, 03, JAS1,  72, 178S, 1791W,  90,    0,   ,   0,    ,    0,    0,    0,    0, 
SH, 97, 2015031900, 03, JAS1,  84, 184S, 1782W, 102,    0,   ,   0,    ,    0,    0,    0,    0, 
SH, 97, 2015031900, 03, JAS1,  96, 193S, 1772W, 107,    0,   ,   0,    ,    0,    0,    0,    0, 
SH, 97, 2015031900, 03, JAS1, 108, 197S, 1765W, 114,    0,   ,   0,    ,    0,    0,    0,    0, 
SH, 97, 2015031900, 03, JAS1, 120, 202S, 1758W, 115,    0,   ,   0,    ,    0,    0,    0,    0, 
SH, 97, 2015031900, 03, JAS5,  12, 118S, 1779W,  21,    0,   ,   0,    ,    0,    0,    0,    0, 
SH, 97, 2015031900, 03, JAS5,  24, 132S, 1789W,  30,    0,   ,   0,    ,    0,    0,    0,    0, 
SH, 97, 2015031900, 03, JAS5,  36, 148S, 1793W,  43,    0,   ,   0,    ,    0,    0,    0,    0, 
SH, 97, 2015031900, 03, JAS5,  48, 162S, 1793W,  58,    0,   ,   0,    ,    0,    0,    0,    0, 
SH, 97, 2015031900, 03, JAS5,  60, 172S, 1794W,  71,    0,   ,   0,    ,    0,    0,    0,    0, 
SH, 97, 2015031900, 03, JAS5,  72, 178S, 1791W,  83,    0,   ,   0,    ,    0,    0,    0,    0, 
SH, 97, 2015031900, 03, JAS5,  84, 184S, 1782W,  92,    0,   ,   0,    ,    0,    0,    0,    0, 
SH, 97, 2015031900, 03, JAS5,  96, 193S, 1772W,  94,    0,   ,   0,    ,    0,    0,    0,    0, 
SH, 97, 2015031900, 03, JAS5, 108, 197S, 1765W,  98,    0,   ,   0,    ,    0,    0,    0,    0, 
SH, 97, 2015031900, 03, JAS5, 120, 202S, 1758W,  96,    0,   ,   0,    ,    0,    0,    0,    0, 
SH, 97, 2015042612, 74, JJGS,   0,  45S,  524E,  15,    0,   ,  34, NEQ,    0,    0,    0,    0, 
SH, 97, 2015042612, 74, JJGS,  12,  55S,  517E,  10,    0,   ,  34, NEQ,    0,    0,    0,    0, 
SH, 97, 2015042612, 74, JJGS,  24,  65S,  512E,  10,    0,   ,  34, NEQ,    0,    0,    0,    0, 
SH, 97, 2015042612, 74, JJGS,  36,  64S,  506E,  10,    0,   ,  34, NEQ,    0,    0,    0,    0, 
SH, 97, 2015042612, 74, JJGS,  48,  64S,  505E,  10,    0,   ,  34, NEQ,    0,    0,    0,    0, 
SH, 97, 2015042612, 74, JJGS,  60,  59S,  505E,  10,    0,   ,  34, NEQ,    0,    0,    0,    0, 
SH, 97, 2015042612, 74, JJGS,  72,  65S,  499E,  10,    0,   ,  34, NEQ,    0,    0,    0,    0, 
SH, 97, 2015042612, 74, JJGS,  84,  60S,  495E,  10,    0,   ,  34, NEQ,    0,    0,    0,    0, 
SH, 97, 2015042618, 01, CARQ, -24,  45S,  508E,  15,    0,   ,   0,    ,    0,    0,    0,    0, 
SH, 97, 2015042618, 01, CARQ, -18,  54S,  510E,  15,    0,   ,   0,    ,    0,    0,    0,    0, 
SH, 97, 2015042618, 01, CARQ, -12,  64S,  513E,  15,    0,   ,   0,    ,    0,    0,    0,    0, 
SH, 97, 2015042618, 01, CARQ,  -6,  74S,  513E,  15,    0,   ,   0,    ,    0,    0,    0,    0, 
SH, 97, 2015042618, 01, CARQ,   0,  84S,  513E,  15,    0,   ,   0,    ,    0,    0,    0,    0, 
SH, 97, 2015042618, 03, CLIM,  12,  88S,  498E,   0,    0,   ,   0,    ,    0,    0,    0,    0, 
SH, 97, 2015042618, 03, CLIM,  24,  92S,  485E,   0,    0,   ,   0,    ,    0,    0,    0,    0, 
SH, 97, 2015042618, 03, CLIM,  36,  96S,  476E,   0,    0,   ,   0,    ,    0,    0,    0,    0, 
SH, 97, 2015042618, 03, CLIM,  48, 100S,  465E,   0,    0,   ,   0,    ,    0,    0,    0,    0, 
SH, 97, 2015042618, 03, CLIM,  72,  76S,  454E,   0,    0,   ,   0,    ,    0,    0,    0,    0, 
SH, 97, 2015042618, 03, CLIP,  12, 104S,  514E,   0,    0,   ,   0,    ,    0,    0,    0,    0, 
SH, 97, 2015042618, 03, CLIP,  24, 124S,  517E,   0,    0,   ,   0,    ,    0,    0,    0,    0, 
SH, 97, 2015042618, 03, CLIP,  36, 144S,  520E,   0,    0,   ,   0,    ,    0,    0,    0,    0, 
SH, 97, 2015042618, 03, CLIP,  48, 164S,  525E,   0,    0,   ,   0,    ,    0,    0,    0,    0, 
SH, 97, 2015042618, 03, CLIP,  72, 199S,  544E,   0,    0,   ,   0,    ,    0,    0,    0,    0, 
SH, 97, 2015042618, 03, CLSI,  12,  97S,  515E,   0,    0,   ,   0,    ,    0,    0,    0,    0, 
SH, 97, 2015042618, 03, CLSI,  24, 105S,  520E,   0,    0,   ,   0,    ,    0,    0,    0,    0, 
SH, 97, 2015042618, 03, CLSI,  36, 113S,  529E,   0,    0,   ,   0,    ,    0,    0,    0,    0, 
SH, 97, 2015042618, 03, CLSI,  48, 121S,  537E,   0,    0,   ,   0,    ,    0,    0,    0,    0, 
SH, 97, 2015042618, 03, CLSI,  72, 123S,  536E,   0,    0,   ,   0,    ,    0,    0,    0,    0, 
SH, 97, 2015042618, 03, HPAC,  12,  96S,  505E,   0,    0,   ,   0,    ,    0,    0,    0,    0, 
SH, 97, 2015042618, 03, HPAC,  24, 108S,  499E,   0,    0,   ,   0,    ,    0,    0,    0,    0, 
SH, 97, 2015042618, 03, HPAC,  36, 120S,  494E,   0,    0,   ,   0,    ,    0,    0,    0,    0, 
SH, 97, 2015042618, 03, HPAC,  48, 132S,  489E,   0,    0,   ,   0,    ,    0,    0,    0,    0, 
SH, 97, 2015042618, 03, HPAC,  72, 140S,  484E,   0,    0,   ,   0,    ,    0,    0,    0,    0, 
SH, 97, 2015042618, 03, RECR,  12,  97S,  507E,   0,    0,   ,   0,    ,    0,    0,    0,    0, 
SH, 97, 2015042618, 03, RECR,  24, 109S,  505E,   0,    0,   ,   0,    ,    0,    0,    0,    0, 
SH, 97, 2015042618, 03, RECR,  36, 121S,  502E,   0,    0,   ,   0,    ,    0,    0,    0,    0, 
SH, 97, 2015042618, 03, RECR,  48, 133S,  500E,   0,    0,   ,   0,    ,    0,    0,    0,    0, 
SH, 97, 2015042618, 03, RECR,  72, 155S,  498E,   0,    0,   ,   0,    ,    0,    0,    0,    0, 
SH, 97, 2015042618, 03, ST5D,  12,   0N,    0E,  18,    0,   ,   0,    ,    0,    0,    0,    0, 
SH, 97, 2015042618, 03, ST5D,  24,   0N,    0E,  24,    0,   ,   0,    ,    0,    0,    0,    0, 
SH, 97, 2015042618, 03, ST5D,  36,   0N,    0E,  32,    0,   ,   0,    ,    0,    0,    0,    0, 
SH, 97, 2015042618, 03, ST5D,  48,   0N,    0E,  37,    0,   ,   0,    ,    0,    0,    0,    0, 
SH, 97, 2015042618, 03, ST5D,  60,   0N,    0E,  37,    0,   ,   0,    ,    0,    0,    0,    0, 
SH, 97, 2015042618, 03, ST5D,  72,   0N,    0E,  43,    0,   ,   0,    ,    0,    0,    0,    0, 
SH, 97, 2015042618, 03, ST5D,  84,   0N,    0E,  47,    0,   ,   0,    ,    0,    0,    0,    0, 
SH, 97, 2015042618, 03, ST5D,  96,   0N,    0E,  50,    0,   ,   0,    ,    0,    0,    0,    0, 
SH, 97, 2015042618, 03, ST5D, 108,   0N,    0E,  51,    0,   ,   0,    ,    0,    0,    0,    0, 
SH, 97, 2015042618, 03, ST5D, 120,   0N,    0E,  52,    0,   ,   0,    ,    0,    0,    0,    0, 
SH, 97, 2015042618, 03, TMMN,   0,  77S,  517E,  23,    0,   ,   0,    ,    0,    0,    0,    0, 
SH, 97, 2015042618, 03, TMMN,   6,  79S,  517E,  25,    0,   ,   0,    ,    0,    0,    0,    0, 
SH, 97, 2015042618, 03, TMMN,  12,  80S,  511E,  24,    0,   ,   0,    ,    0,    0,    0,    0, 
SH, 97, 2015042618, 03, TMMN,  18,  79S,  504E,  23,    0,   ,   0,    ,    0,    0,    0,    0, 
SH, 97, 2015042618, 03, TMMN,  24,  79S,  504E,  22,    0,   ,   0,    ,    0,    0,    0,    0, 
SH, 97, 2015042618, 03, TMMN,  30,  78S,  503E,  24,    0,   ,   0,    ,    0,    0,    0,    0, 
SH, 97, 2015042618, 03, TMMN,  36,  77S,  504E,  24,    0,   ,   0,    ,    0,    0,    0,    0, 
SH, 97, 2015042618, 03, TMMN,  42,  74S,  501E,  25,    0,   ,   0,    ,    0,    0,    0,    0, 
SH, 97, 2015042618, 03, TMMN,  48,  77S,  504E,  28,    0,   ,   0,    ,    0,    0,    0,    0, 
SH, 97, 2015042618, 03, TMMN,  54,  77S,  504E,  26,    0,   ,   0,    ,    0,    0,    0,    0, 
SH, 97, 2015042618, 03, TMMN,  60,  77S,  501E,  28,    0,   ,   0,    ,    0,    0,    0,    0, 
SH, 97, 2015042618, 03, TMMN,  66,  77S,  495E,  28,    0,   ,   0,    ,    0,    0,    0,    0, 
SH, 97, 2015042618, 03, TMMN,  72,  76S,  492E,  30,    0,   ,   0,    ,    0,    0,    0,    0, 
SH, 97, 2015042618, 03, TMMN,  78,  73S,  489E,  31,    0,   ,   0,    ,    0,    0,    0,    0, 
SH, 97, 2015042618, 03, TMMN,  84,  74S,  488E,  34,    0,   ,   0,    ,    0,    0,    0,    0, 
SH, 97, 2015042618, 03, TMMN,  90,  73S,  485E,  34,    0,   ,   0,    ,    0,    0,    0,    0, 
SH, 97, 2015042618, 03, TMMN,  96,  72S,  485E,  34,    0,   ,   0,    ,    0,    0,    0,    0, 
SH, 97, 2015042618, 03, TMMN, 102,  73S,  484E,  36,    0,   ,   0,    ,    0,    0,    0,    0, 
SH, 97, 2015042618, 03, TMMN, 108,  73S,  481E,  37,    0,   ,   0,    ,    0,    0,    0,    0, 
SH, 97, 2015042618, 03, TMMN, 114,  74S,  478E,  37,    0,   ,   0,    ,    0,    0,    0,    0, 
SH, 97, 2015042618, 03, TMMN, 120,  74S,  474E,  37,    0,   ,   0,    ,    0,    0,    0,    0, 
SH, 97, 2015042618, 03, TMMN, 126,  75S,  473E,  37,    0,   ,   0,    ,    0,    0,    0,    0, 
SH, 97, 2015042618, 03, TMMN, 132,  75S,  473E,  39,    0,   ,   0,    ,    0,    0,    0,    0, 
SH, 97, 2015042618, 03, TMMN, 138,  75S,  470E,  35,    0,   ,   0,    ,    0,    0,    0,    0, 
SH, 97, 2015042618, 03, TMMN, 144,  76S,  466E,  35,    0,   ,   0,    ,    0,    0,    0,    0, 
SH, 97, 2015042618, 03, WBAR,   0,  84S,  513E,   0,    0,   ,   0,    ,    0,    0,    0,    0, 
SH, 97, 2015042618, 03, WBAR,   6,  76S,  504E,   0,    0,   ,   0,    ,    0,    0,    0,    0, 
SH, 97, 2015042618, 03, WBAR,  12,  81S,  508E,   0,    0,   ,   0,    ,    0,    0,    0,    0, 
SH, 97, 2015042618, 03, WBAR,  18,  86S,  512E,   0,    0,   ,   0,    ,    0,    0,    0,    0, 
SH, 97, 2015042618, 03, WBAR,  24,  99S,  501E,   0,    0,   ,   0,    ,    0,    0,    0,    0, 
SH, 97, 2015042618, 03, WBAR,  30,  99S,  505E,   0,    0,   ,   0,    ,    0,    0,    0,    0, 
SH, 97, 2015042618, 03, WBAR,  36, 100S,  510E,   0,    0,   ,   0,    ,    0,    0,    0,    0, 
SH, 97, 2015042618, 03, WBAR,  42, 103S,  512E,   0,    0,   ,   0,    ,    0,    0,    0,    0, 
SH, 97, 2015042618, 03, WBAR,  48, 107S,  514E,   0,    0,   ,   0,    ,    0,    0,    0,    0, 
SH, 97, 2015042618, 03, WBAR,  54, 110S,  514E,   0,    0,   ,   0,    ,    0,    0,    0,    0, 
SH, 97, 2015042618, 03, WBAR,  60, 113S,  513E,   0,    0,   ,   0,    ,    0,    0,    0,    0, 
SH, 97, 2015042618, 03, WBAR,  66, 116S,  511E,   0,    0,   ,   0,    ,    0,    0,    0,    0, 
SH, 97, 2015042618, 03, WBAR,  72, 120S,  508E,   0,    0,   ,   0,    ,    0,    0,    0,    0, 
SH, 97, 2015042618, 03, XTRP,  12, 102S,  513E,  15,    0,   ,   0,    ,    0,    0,    0,    0, 
SH, 97, 2015042618, 03, XTRP,  24, 122S,  513E,  15,    0,   ,   0,    ,    0,    0,    0,    0, 
SH, 97, 2015042618, 03, XTRP,  36, 142S,  513E,  15,    0,   ,   0,    ,    0,    0,    0,    0, 
SH, 97, 2015042618, 03, XTRP,  48, 162S,  513E,  15,    0,   ,   0,    ,    0,    0,    0,    0, 
SH, 97, 2015042618, 03, XTRP,  60, 182S,  513E,  15,    0,   ,   0,    ,    0,    0,    0,    0, 
SH, 97, 2015042618, 03, XTRP,  72, 202S,  513E,  15,    0,   ,   0,    ,    0,    0,    0,    0, 
SH, 97, 2015042618, 03, XTRP,  84, 222S,  513E,  15,    0,   ,   0,    ,    0,    0,    0,    0, 
SH, 97, 2015042618, 03, XTRP,  96, 242S,  513E,  15,    0,   ,   0,    ,    0,    0,    0,    0, 
SH, 97, 2015042618, 03, XTRP, 108, 262S,  513E,  15,    0,   ,   0,    ,    0,    0,    0,    0, 
SH, 97, 2015042618, 03, XTRP, 120, 282S,  513E,  15,    0,   ,   0,    ,    0,    0,    0,    0, 
SH, 97, 2015042700, 01, CARQ, -24,  46S,  505E,  15,    0,   ,   0,    ,    0,    0,    0,    0, 
SH, 97, 2015042700, 01, CARQ, -18,  55S,  506E,  15,    0,   ,   0,    ,    0,    0,    0,    0, 
SH, 97, 2015042700, 01, CARQ, -12,  62S,  506E,  15,    0,   ,   0,    ,    0,    0,    0,    0, 
SH, 97, 2015042700, 01, CARQ,  -6,  70S,  506E,  15,    0,   ,   0,    ,    0,    0,    0,    0, 
SH, 97, 2015042700, 01, CARQ,   0,  81S,  504E,  15,    0,   ,   0,    ,    0,    0,    0,    0, 
SH, 97, 2015042700, 03, CLIM,  12,  85S,  492E,   0,    0,   ,   0,    ,    0,    0,    0,    0, 
SH, 97, 2015042700, 03, CLIM,  24,  90S,  481E,   0,    0,   ,   0,    ,    0,    0,    0,    0, 
SH, 97, 2015042700, 03, CLIM,  36,  94S,  470E,   0,    0,   ,   0,    ,    0,    0,    0,    0, 
SH, 97, 2015042700, 03, CLIM,  48,  96S,  458E,   0,    0,   ,   0,    ,    0,    0,    0,    0, 
SH, 97, 2015042700, 03, CLIM,  72,  70S,  445E,   0,    0,   ,   0,    ,    0,    0,    0,    0, 
SH, 97, 2015042700, 03, CLIP,  12, 100S,  504E,   0,    0,   ,   0,    ,    0,    0,    0,    0, 
SH, 97, 2015042700, 03, CLIP,  24, 118S,  505E,   0,    0,   ,   0,    ,    0,    0,    0,    0, 
SH, 97, 2015042700, 03, CLIP,  36, 137S,  507E,   0,    0,   ,   0,    ,    0,    0,    0,    0, 
SH, 97, 2015042700, 03, CLIP,  48, 155S,  511E,   0,    0,   ,   0,    ,    0,    0,    0,    0, 
SH, 97, 2015042700, 03, CLIP,  72, 188S,  526E,   0,    0,   ,   0,    ,    0,    0,    0,    0, 
SH, 97, 2015042700, 03, CLSI,  12,  94S,  504E,   0,    0,   ,   0,    ,    0,    0,    0,    0, 
SH, 97, 2015042700, 03, CLSI,  24, 101S,  507E,   0,    0,   ,   0,    ,    0,    0,    0,    0, 
SH, 97, 2015042700, 03, CLSI,  36, 109S,  514E,   0,    0,   ,   0,    ,    0,    0,    0,    0, 
SH, 97, 2015042700, 03, CLSI,  48, 117S,  521E,   0,    0,   ,   0,    ,    0,    0,    0,    0, 
SH, 97, 2015042700, 03, CLSI,  72, 121S,  522E,   0,    0,   ,   0,    ,    0,    0,    0,    0, 
SH, 97, 2015042700, 03, DSHW,   0,  81S,  504E,  15,    0, TD,   0,    ,    0,    0,    0,    0, 
SH, 97, 2015042700, 03, DSHW,  12,  87S,  502E,  17,    0, TD,   0,    ,    0,    0,    0,    0, 
SH, 97, 2015042700, 03, DSHW,  24,  97S,  501E,  19,    0, TD,   0,    ,    0,    0,    0,    0, 
SH, 97, 2015042700, 03, DSHW,  36, 102S,  506E,  23,    0, TD,   0,    ,    0,    0,    0,    0, 
SH, 97, 2015042700, 03, DSHW,  48, 108S,  508E,  29,    0, TD,   0,    ,    0,    0,    0,    0, 
SH, 97, 2015042700, 03, DSHW,  60, 115S,  505E,  34,    0, TS,   0,    ,    0,    0,    0,    0, 
SH, 97, 2015042700, 03, DSHW,  72, 121S,  502E,  34,    0, TS,   0,    ,    0,    0,    0,    0, 
SH, 97, 2015042700, 03, DSHW,  84,   0N,    0E,  33,    0,   ,   0,    ,    0,    0,    0,    0, 
SH, 97, 2015042700, 03, DSHW,  96,   0N,    0E,  30,    0,   ,   0,    ,    0,    0,    0,    0, 
SH, 97, 2015042700, 03, DSHW, 108,   0N,    0E,  28,    0,   ,   0,    ,    0,    0,    0,    0, 
SH, 97, 2015042700, 03, DSHW, 120,   0N,    0E,  25,    0,   ,   0,    ,    0,    0,    0,    0, 
SH, 97, 2015042700, 03, HPAC,  12,  93S,  497E,   0,    0,   ,   0,    ,    0,    0,    0,    0, 
SH, 97, 2015042700, 03, HPAC,  24, 104S,  490E,   0,    0,   ,   0,    ,    0,    0,    0,    0, 
SH, 97, 2015042700, 03, HPAC,  36, 116S,  484E,   0,    0,   ,   0,    ,    0,    0,    0,    0, 
SH, 97, 2015042700, 03, HPAC,  48, 126S,  477E,   0,    0,   ,   0,    ,    0,    0,    0,    0, 
SH, 97, 2015042700, 03, HPAC,  72, 132S,  469E,   0,    0,   ,   0,    ,    0,    0,    0,    0, 
SH, 97, 2015042700, 03, LGEW,   0,  81S,  504E,  15,    0, TD,   0,    ,    0,    0,    0,    0, 
SH, 97, 2015042700, 03, LGEW,  12,  87S,  502E,  16,    0, TD,   0,    ,    0,    0,    0,    0, 
SH, 97, 2015042700, 03, LGEW,  24,  97S,  501E,  17,    0, TD,   0,    ,    0,    0,    0,    0, 
SH, 97, 2015042700, 03, LGEW,  36, 102S,  506E,  19,    0, TD,   0,    ,    0,    0,    0,    0, 
SH, 97, 2015042700, 03, LGEW,  48, 108S,  508E,  21,    0, TD,   0,    ,    0,    0,    0,    0, 
SH, 97, 2015042700, 03, LGEW,  60, 115S,  505E,  22,    0, TD,   0,    ,    0,    0,    0,    0, 
SH, 97, 2015042700, 03, LGEW,  72, 121S,  502E,  22,    0, TD,   0,    ,    0,    0,    0,    0, 
SH, 97, 2015042700, 03, RECR,  12,  94S,  498E,   0,    0,   ,   0,    ,    0,    0,    0,    0, 
SH, 97, 2015042700, 03, RECR,  24, 106S,  496E,   0,    0,   ,   0,    ,    0,    0,    0,    0, 
SH, 97, 2015042700, 03, RECR,  36, 118S,  493E,   0,    0,   ,   0,    ,    0,    0,    0,    0, 
SH, 97, 2015042700, 03, RECR,  48, 129S,  493E,   0,    0,   ,   0,    ,    0,    0,    0,    0, 
SH, 97, 2015042700, 03, RECR,  72, 149S,  493E,   0,    0,   ,   0,    ,    0,    0,    0,    0, 
SH, 97, 2015042700, 03, SHIW,   0,  81S,  504E,  15,    0, TD,   0,    ,    0,    0,    0,    0, 
SH, 97, 2015042700, 03, SHIW,  12,  87S,  502E,  17,    0, TD,   0,    ,    0,    0,    0,    0, 
SH, 97, 2015042700, 03, SHIW,  24,  97S,  501E,  19,    0, TD,   0,    ,    0,    0,    0,    0, 
SH, 97, 2015042700, 03, SHIW,  36, 102S,  506E,  23,    0, TD,   0,    ,    0,    0,    0,    0, 
SH, 97, 2015042700, 03, SHIW,  48, 108S,  508E,  29,    0, TD,   0,    ,    0,    0,    0,    0, 
SH, 97, 2015042700, 03, SHIW,  60, 115S,  505E,  34,    0, TS,   0,    ,    0,    0,    0,    0, 
SH, 97, 2015042700, 03, SHIW,  72, 121S,  502E,  34,    0, TS,   0,    ,    0,    0,    0,    0, 
SH, 97, 2015042700, 03, SHIW,  84,   0N,    0E,  33,    0,   ,   0,    ,    0,    0,    0,    0, 
SH, 97, 2015042700, 03, SHIW,  96,   0N,    0E,  30,    0,   ,   0,    ,    0,    0,    0,    0, 
SH, 97, 2015042700, 03, SHIW, 108,   0N,    0E,  28,    0,   ,   0,    ,    0,    0,    0,    0, 
SH, 97, 2015042700, 03, SHIW, 120,   0N,    0E,  25,    0,   ,   0,    ,    0,    0,    0,    0, 
SH, 97, 2015042700, 03, ST5D,  12,   0N,    0E,  18,    0,   ,   0,    ,    0,    0,    0,    0, 
SH, 97, 2015042700, 03, ST5D,  24,   0N,    0E,  24,    0,   ,   0,    ,    0,    0,    0,    0, 
SH, 97, 2015042700, 03, ST5D,  36,   0N,    0E,  32,    0,   ,   0,    ,    0,    0,    0,    0, 
SH, 97, 2015042700, 03, ST5D,  48,   0N,    0E,  37,    0,   ,   0,    ,    0,    0,    0,    0, 
SH, 97, 2015042700, 03, ST5D,  60,   0N,    0E,  37,    0,   ,   0,    ,    0,    0,    0,    0, 
SH, 97, 2015042700, 03, ST5D,  72,   0N,    0E,  44,    0,   ,   0,    ,    0,    0,    0,    0, 
SH, 97, 2015042700, 03, ST5D,  84,   0N,    0E,  47,    0,   ,   0,    ,    0,    0,    0,    0, 
SH, 97, 2015042700, 03, ST5D,  96,   0N,    0E,  51,    0,   ,   0,    ,    0,    0,    0,    0, 
SH, 97, 2015042700, 03, ST5D, 108,   0N,    0E,  51,    0,   ,   0,    ,    0,    0,    0,    0, 
SH, 97, 2015042700, 03, ST5D, 120,   0N,    0E,  52,    0,   ,   0,    ,    0,    0,    0,    0, 
SH, 97, 2015042700, 03, WBAI,   0,  80S,  504E,   0,    0,   ,  34, NEQ,    0,    0,    0,    0, 
SH, 97, 2015042700, 03, WBAI,  12,  87S,  502E,   0,    0,   ,  34, NEQ,    0,    0,    0,    0, 
SH, 97, 2015042700, 03, WBAI,  24,  97S,  501E,   0,    0,   ,  34, NEQ,    0,    0,    0,    0, 
SH, 97, 2015042700, 03, WBAI,  36, 102S,  506E,   0,    0,   ,  34, NEQ,    0,    0,    0,    0, 
SH, 97, 2015042700, 03, WBAI,  48, 108S,  508E,   0,    0,   ,  34, NEQ,    0,    0,    0,    0, 
SH, 97, 2015042700, 03, WBAI,  60, 115S,  505E,   0,    0,   ,  34, NEQ,    0,    0,    0,    0, 
SH, 97, 2015042700, 03, WBAI,  72, 121S,  502E,   0,    0,   ,  34, NEQ,    0,    0,    0,    0, 
SH, 97, 2015042700, 03, WBAR,   0,  81S,  504E,   0,    0,   ,   0,    ,    0,    0,    0,    0, 
SH, 97, 2015042700, 03, WBAR,   6,  80S,  519E,   0,    0,   ,   0,    ,    0,    0,    0,    0, 
SH, 97, 2015042700, 03, WBAR,  12,  92S,  522E,   0,    0,   ,   0,    ,    0,    0,    0,    0, 
SH, 97, 2015042700, 03, WBAR,  18, 114S,  516E,   0,    0,   ,   0,    ,    0,    0,    0,    0, 
SH, 97, 2015042700, 03, WBAR,  24,  81S,  503E,   0,    0,   ,   0,    ,    0,    0,    0,    0, 
SH, 97, 2015042700, 03, WBAR,  30,  83S,  508E,   0,    0,   ,   0,    ,    0,    0,    0,    0, 
SH, 97, 2015042700, 03, WBAR,  36,  86S,  512E,   0,    0,   ,   0,    ,    0,    0,    0,    0, 
SH, 97, 2015042700, 03, WBAR,  42,  89S,  514E,   0,    0,   ,   0,    ,    0,    0,    0,    0, 
SH, 97, 2015042700, 03, WBAR,  48,  92S,  515E,   0,    0,   ,   0,    ,    0,    0,    0,    0, 
SH, 97, 2015042700, 03, WBAR,  54,  95S,  515E,   0,    0,   ,   0,    ,    0,    0,    0,    0, 
SH, 97, 2015042700, 03, WBAR,  60,  97S,  513E,   0,    0,   ,   0,    ,    0,    0,    0,    0, 
SH, 97, 2015042700, 03, WBAR,  66,  99S,  510E,   0,    0,   ,   0,    ,    0,    0,    0,    0, 
SH, 97, 2015042700, 03, WBAR,  72, 101S,  508E,   0,    0,   ,   0,    ,    0,    0,    0,    0, 
SH, 97, 2015042700, 03, WBS1,  12,  87S,  502E,  20,    0,   ,   0,    ,    0,    0,    0,    0, 
SH, 97, 2015042700, 03, WBS1,  24,  97S,  501E,  28,    0,   ,   0,    ,    0,    0,    0,    0, 
SH, 97, 2015042700, 03, WBS1,  36, 102S,  506E,  39,    0,   ,   0,    ,    0,    0,    0,    0, 
SH, 97, 2015042700, 03, WBS1,  48, 108S,  508E,  52,    0,   ,   0,    ,    0,    0,    0,    0, 
SH, 97, 2015042700, 03, WBS1,  60, 115S,  505E,  62,    0,   ,   0,    ,    0,    0,    0,    0, 
SH, 97, 2015042700, 03, WBS1,  72, 121S,  502E,  71,    0,   ,   0,    ,    0,    0,    0,    0, 
SH, 97, 2015042700, 03, WBS5,  12,  87S,  502E,  20,    0,   ,   0,    ,    0,    0,    0,    0, 
SH, 97, 2015042700, 03, WBS5,  24,  97S,  501E,  28,    0,   ,   0,    ,    0,    0,    0,    0, 
SH, 97, 2015042700, 03, WBS5,  36, 102S,  506E,  37,    0,   ,   0,    ,    0,    0,    0,    0, 
SH, 97, 2015042700, 03, WBS5,  48, 108S,  508E,  47,    0,   ,   0,    ,    0,    0,    0,    0, 
SH, 97, 2015042700, 03, WBS5,  60, 115S,  505E,  56,    0,   ,   0,    ,    0,    0,    0,    0, 
SH, 97, 2015042700, 03, WBS5,  72, 121S,  502E,  64,    0,   ,   0,    ,    0,    0,    0,    0, 
SH, 97, 2015042700, 03, XTRP,  12,  98S,  502E,  15,    0,   ,   0,    ,    0,    0,    0,    0, 
SH, 97, 2015042700, 03, XTRP,  24, 117S,  500E,  15,    0,   ,   0,    ,    0,    0,    0,    0, 
SH, 97, 2015042700, 03, XTRP,  36, 136S,  498E,  15,    0,   ,   0,    ,    0,    0,    0,    0, 
SH, 97, 2015042700, 03, XTRP,  48, 155S,  496E,  15,    0,   ,   0,    ,    0,    0,    0,    0, 
SH, 97, 2015042700, 03, XTRP,  60, 174S,  494E,  15,    0,   ,   0,    ,    0,    0,    0,    0, 
SH, 97, 2015042700, 03, XTRP,  72, 193S,  492E,  15,    0,   ,   0,    ,    0,    0,    0,    0, 
SH, 97, 2015042700, 03, XTRP,  84, 212S,  490E,  15,    0,   ,   0,    ,    0,    0,    0,    0, 
SH, 97, 2015042700, 03, XTRP,  96, 231S,  487E,  15,    0,   ,   0,    ,    0,    0,    0,    0, 
SH, 97, 2015042700, 03, XTRP, 108, 250S,  485E,  15,    0,   ,   0,    ,    0,    0,    0,    0, 
SH, 97, 2015042700, 03, XTRP, 120, 269S,  483E,  15,    0,   ,   0,    ,    0,    0,    0,    0, 
SH, 97, 2015042700, 74, JJGS,   0,  49S,  525E,  15,    0,   ,  34, NEQ,    0,    0,    0,    0, 
SH, 97, 2015042700, 74, JJGS,  12,  60S,  505E,  15,    0,   ,  34, NEQ,    0,    0,    0,    0, 
SH, 97, 2015042700, 74, JJGS,  24,  64S,  505E,  10,    0,   ,  34, NEQ,    0,    0,    0,    0, 
SH, 97, 2015042700, 74, JJGS,  36,  66S,  505E,  15,    0,   ,  34, NEQ,    0,    0,    0,    0, 
SH, 97, 2015042700, 74, JJGS,  48,  62S,  505E,  15,    0,   ,  34, NEQ,    0,    0,    0,    0, 
SH, 97, 2015042700, 74, JJGS,  60,  65S,  496E,  10,    0,   ,  34, NEQ,    0,    0,    0,    0, 
SH, 97, 2015042700, 74, JJGS,  72,  64S,  494E,  15,    0,   ,  34, NEQ,    0,    0,    0,    0, 
SH, 97, 2015042700, 74, JJGS,  84,  58S,  485E,  15,    0,   ,  34, NEQ,    0,    0,    0,    0, 
SH, 97, 2015042706, 01, CARQ, -24,  55S,  506E,  15,    0,   ,   0,    ,    0,    0,    0,    0, 
SH, 97, 2015042706, 01, CARQ, -18,  62S,  506E,  15,    0,   ,   0,    ,    0,    0,    0,    0, 
SH, 97, 2015042706, 01, CARQ, -12,  70S,  506E,  15,    0,   ,   0,    ,    0,    0,    0,    0, 
SH, 97, 2015042706, 01, CARQ,  -6,  81S,  504E,  15,    0,   ,   0,    ,    0,    0,    0,    0, 
SH, 97, 2015042706, 01, CARQ,   0,  88S,  501E,  15,    0,   ,   0,    ,    0,    0,    0,    0, 
SH, 97, 2015042706, 03, CLIM,  12,  92S,  489E,   0,    0,   ,   0,    ,    0,    0,    0,    0, 
SH, 97, 2015042706, 03, CLIM,  24,  97S,  478E,   0,    0,   ,   0,    ,    0,    0,    0,    0, 
SH, 97, 2015042706, 03, CLIM,  36, 101S,  467E,   0,    0,   ,   0,    ,    0,    0,    0,    0, 
SH, 97, 2015042706, 03, CLIM,  48, 103S,  455E,   0,    0,   ,   0,    ,    0,    0,    0,    0, 
SH, 97, 2015042706, 03, CLIM,  72,  77S,  442E,   0,    0,   ,   0,    ,    0,    0,    0,    0, 
SH, 97, 2015042706, 03, CLIP,  12, 106S,  498E,   0,    0,   ,   0,    ,    0,    0,    0,    0, 
SH, 97, 2015042706, 03, CLIP,  24, 124S,  497E,   0,    0,   ,   0,    ,    0,    0,    0,    0, 
SH, 97, 2015042706, 03, CLIP,  36, 142S,  498E,   0,    0,   ,   0,    ,    0,    0,    0,    0, 
SH, 97, 2015042706, 03, CLIP,  48, 158S,  501E,   0,    0,   ,   0,    ,    0,    0,    0,    0, 
SH, 97, 2015042706, 03, CLIP,  72, 190S,  513E,   0,    0,   ,   0,    ,    0,    0,    0,    0, 
SH, 97, 2015042706, 03, CLSI,  12, 100S,  498E,   0,    0,   ,   0,    ,    0,    0,    0,    0, 
SH, 97, 2015042706, 03, CLSI,  24, 107S,  499E,   0,    0,   ,   0,    ,    0,    0,    0,    0, 
SH, 97, 2015042706, 03, CLSI,  36, 115S,  504E,   0,    0,   ,   0,    ,    0,    0,    0,    0, 
SH, 97, 2015042706, 03, CLSI,  48, 122S,  511E,   0,    0,   ,   0,    ,    0,    0,    0,    0, 
SH, 97, 2015042706, 03, CLSI,  72, 126S,  512E,   0,    0,   ,   0,    ,    0,    0,    0,    0, 
SH, 97, 2015042706, 03, DSHW,   0,  88S,  501E,  15,    0, TD,   0,    ,    0,    0,    0,    0, 
SH, 97, 2015042706, 03, DSHW,  12,  96S,  502E,  18,    0, TD,   0,    ,    0,    0,    0,    0, 
SH, 97, 2015042706, 03, DSHW,  24,  88S,  497E,  21,    0, TD,   0,    ,    0,    0,    0,    0, 
SH, 97, 2015042706, 03, DSHW,  36,  90S,  501E,  26,    0, TD,   0,    ,    0,    0,    0,    0, 
SH, 97, 2015042706, 03, DSHW,  48,  96S,  502E,  31,    0, TD,   0,    ,    0,    0,    0,    0, 
SH, 97, 2015042706, 03, DSHW,  60, 100S,  498E,  37,    0, TS,   0,    ,    0,    0,    0,    0, 
SH, 97, 2015042706, 03, DSHW,  72, 105S,  495E,  40,    0, TS,   0,    ,    0,    0,    0,    0, 
SH, 97, 2015042706, 03, DSHW,  84,   0N,    0E,  41,    0,   ,   0,    ,    0,    0,    0,    0, 
SH, 97, 2015042706, 03, DSHW,  96,   0N,    0E,  40,    0,   ,   0,    ,    0,    0,    0,    0, 
SH, 97, 2015042706, 03, DSHW, 108,   0N,    0E,  38,    0,   ,   0,    ,    0,    0,    0,    0, 
SH, 97, 2015042706, 03, DSHW, 120,   0N,    0E,  36,    0,   ,   0,    ,    0,    0,    0,    0, 
SH, 97, 2015042706, 03, HPAC,  12,  99S,  493E,   0,    0,   ,   0,    ,    0,    0,    0,    0, 
SH, 97, 2015042706, 03, HPAC,  24, 110S,  484E,   0,    0,   ,   0,    ,    0,    0,    0,    0, 
SH, 97, 2015042706, 03, HPAC,  36, 121S,  476E,   0,    0,   ,   0,    ,    0,    0,    0,    0, 
SH, 97, 2015042706, 03, HPAC,  48, 131S,  468E,   0,    0,   ,   0,    ,    0,    0,    0,    0, 
SH, 97, 2015042706, 03, HPAC,  72, 136S,  456E,   0,    0,   ,   0,    ,    0,    0,    0,    0, 
SH, 97, 2015042706, 03, LGEW,   0,  88S,  501E,  15,    0, TD,   0,    ,    0,    0,    0,    0, 
SH, 97, 2015042706, 03, LGEW,  12,  96S,  502E,  16,    0, TD,   0,    ,    0,    0,    0,    0, 
SH, 97, 2015042706, 03, LGEW,  24,  88S,  497E,  18,    0, TD,   0,    ,    0,    0,    0,    0, 
SH, 97, 2015042706, 03, LGEW,  36,  90S,  501E,  20,    0, TD,   0,    ,    0,    0,    0,    0, 
SH, 97, 2015042706, 03, LGEW,  48,  96S,  502E,  23,    0, TD,   0,    ,    0,    0,    0,    0, 
SH, 97, 2015042706, 03, LGEW,  60, 100S,  498E,  24,    0, TD,   0,    ,    0,    0,    0,    0, 
SH, 97, 2015042706, 03, LGEW,  72, 105S,  495E,  26,    0, TD,   0,    ,    0,    0,    0,    0, 
SH, 97, 2015042706, 03, RECR,  12,  98S,  500E,   0,    0,   ,   0,    ,    0,    0,    0,    0, 
SH, 97, 2015042706, 03, RECR,  24, 107S,  503E,   0,    0,   ,   0,    ,    0,    0,    0,    0, 
SH, 97, 2015042706, 03, RECR,  36, 116S,  506E,   0,    0,   ,   0,    ,    0,    0,    0,    0, 
SH, 97, 2015042706, 03, RECR,  48, 126S,  506E,   0,    0,   ,   0,    ,    0,    0,    0,    0, 
SH, 97, 2015042706, 03, RECR,  72, 145S,  507E,   0,    0,   ,   0,    ,    0,    0,    0,    0, 
SH, 97, 2015042706, 03, SHIW,   0,  88S,  501E,  15,    0, TD,   0,    ,    0,    0,    0,    0, 
SH, 97, 2015042706, 03, SHIW,  12,  96S,  502E,  18,    0, TD,   0,    ,    0,    0,    0,    0, 
SH, 97, 2015042706, 03, SHIW,  24,  88S,  497E,  21,    0, TD,   0,    ,    0,    0,    0,    0, 
SH, 97, 2015042706, 03, SHIW,  36,  90S,  501E,  26,    0, TD,   0,    ,    0,    0,    0,    0, 
SH, 97, 2015042706, 03, SHIW,  48,  96S,  502E,  31,    0, TD,   0,    ,    0,    0,    0,    0, 
SH, 97, 2015042706, 03, SHIW,  60, 100S,  498E,  37,    0, TS,   0,    ,    0,    0,    0,    0, 
SH, 97, 2015042706, 03, SHIW,  72, 105S,  495E,  40,    0, TS,   0,    ,    0,    0,    0,    0, 
SH, 97, 2015042706, 03, SHIW,  84,   0N,    0E,  41,    0,   ,   0,    ,    0,    0,    0,    0, 
SH, 97, 2015042706, 03, SHIW,  96,   0N,    0E,  40,    0,   ,   0,    ,    0,    0,    0,    0, 
SH, 97, 2015042706, 03, SHIW, 108,   0N,    0E,  38,    0,   ,   0,    ,    0,    0,    0,    0, 
SH, 97, 2015042706, 03, SHIW, 120,   0N,    0E,  36,    0,   ,   0,    ,    0,    0,    0,    0, 
SH, 97, 2015042706, 03, ST5D,  12,   0N,    0E,  18,    0,   ,   0,    ,    0,    0,    0,    0, 
SH, 97, 2015042706, 03, ST5D,  24,   0N,    0E,  24,    0,   ,   0,    ,    0,    0,    0,    0, 
SH, 97, 2015042706, 03, ST5D,  36,   0N,    0E,  32,    0,   ,   0,    ,    0,    0,    0,    0, 
SH, 97, 2015042706, 03, ST5D,  48,   0N,    0E,  36,    0,   ,   0,    ,    0,    0,    0,    0, 
SH, 97, 2015042706, 03, ST5D,  60,   0N,    0E,  38,    0,   ,   0,    ,    0,    0,    0,    0, 
SH, 97, 2015042706, 03, ST5D,  72,   0N,    0E,  43,    0,   ,   0,    ,    0,    0,    0,    0, 
SH, 97, 2015042706, 03, ST5D,  84,   0N,    0E,  47,    0,   ,   0,    ,    0,    0,    0,    0, 
SH, 97, 2015042706, 03, ST5D,  96,   0N,    0E,  50,    0,   ,   0,    ,    0,    0,    0,    0, 
SH, 97, 2015042706, 03, ST5D, 108,   0N,    0E,  51,    0,   ,   0,    ,    0,    0,    0,    0, 
SH, 97, 2015042706, 03, ST5D, 120,   0N,    0E,  52,    0,   ,   0,    ,    0,    0,    0,    0, 
SH, 97, 2015042706, 03, TMM2,   0,  87S,  501E,  15,    0,   ,  34, NEQ,    0,    0,    0,    0, 
SH, 97, 2015042706, 03, TMM2,  12,  87S,  495E,  14,    0,   ,  34, NEQ,    0,    0,    0,    0, 
SH, 97, 2015042706, 03, TMM2,  24,  85S,  493E,  15,    0,   ,  34, NEQ,    0,    0,    0,    0, 
SH, 97, 2015042706, 03, TMM2,  36,  84S,  493E,  17,    0,   ,  34, NEQ,    0,    0,    0,    0, 
SH, 97, 2015042706, 03, TMM2,  48,  85S,  490E,  18,    0,   ,  34, NEQ,    0,    0,    0,    0, 
SH, 97, 2015042706, 03, TMM2,  60,  83S,  483E,  21,    0,   ,  34, NEQ,    0,    0,    0,    0, 
SH, 97, 2015042706, 03, TMM2,  72,  81S,  478E,  24,    0,   ,  34, NEQ,    0,    0,    0,    0, 
SH, 97, 2015042706, 03, TMM2,  84,  81S,  475E,  26,    0,   ,  34, NEQ,    0,    0,    0,    0, 
SH, 97, 2015042706, 03, TMM2,  96,  81S,  471E,  27,    0,   ,  34, NEQ,    0,    0,    0,    0, 
SH, 97, 2015042706, 03, TMM2, 108,  82S,  466E,  28,    0,   ,  34, NEQ,    0,    0,    0,    0, 
SH, 97, 2015042706, 03, TMM2, 120,  83S,  462E,  28,    0,   ,  34, NEQ,    0,    0,    0,    0, 
SH, 97, 2015042706, 03, TMM2, 132,  84S,  456E,  26,    0,   ,  34, NEQ,    0,    0,    0,    0, 
SH, 97, 2015042706, 03, TMM2, 144,  85S,  451E,  28,    0,   ,  34, NEQ,    0,    0,    0,    0, 
SH, 97, 2015042706, 03, TMMN,   0,  81S,  506E,  21,    0,   ,   0,    ,    0,    0,    0,    0, 
SH, 97, 2015042706, 03, TMMN,   6,  82S,  509E,  21,    0,   ,   0,    ,    0,    0,    0,    0, 
SH, 97, 2015042706, 03, TMMN,  12,  82S,  500E,  21,    0,   ,   0,    ,    0,    0,    0,    0, 
SH, 97, 2015042706, 03, TMMN,  18,  83S,  497E,  21,    0,   ,   0,    ,    0,    0,    0,    0, 
SH, 97, 2015042706, 03, TMMN,  24,  84S,  498E,  22,    0,   ,   0,    ,    0,    0,    0,    0, 
SH, 97, 2015042706, 03, TMMN,  30,  83S,  494E,  24,    0,   ,   0,    ,    0,    0,    0,    0, 
SH, 97, 2015042706, 03, TMMN,  36,  83S,  496E,  24,    0,   ,   0,    ,    0,    0,    0,    0, 
SH, 97, 2015042706, 03, TMMN,  42,  80S,  495E,  22,    0,   ,   0,    ,    0,    0,    0,    0, 
SH, 97, 2015042706, 03, TMMN,  48,  81S,  494E,  23,    0,   ,   0,    ,    0,    0,    0,    0, 
SH, 97, 2015042706, 03, TMMN,  54,  79S,  489E,  24,    0,   ,   0,    ,    0,    0,    0,    0, 
SH, 97, 2015042706, 03, TMMN,  60,  78S,  488E,  24,    0,   ,   0,    ,    0,    0,    0,    0, 
SH, 97, 2015042706, 03, TMMN,  66,  75S,  484E,  24,    0,   ,   0,    ,    0,    0,    0,    0, 
SH, 97, 2015042706, 03, TMMN,  72,  76S,  479E,  24,    0,   ,   0,    ,    0,    0,    0,    0, 
SH, 97, 2015042706, 03, TMMN,  78,  75S,  477E,  25,    0,   ,   0,    ,    0,    0,    0,    0, 
SH, 97, 2015042706, 03, TMMN,  84,  76S,  472E,  28,    0,   ,   0,    ,    0,    0,    0,    0, 
SH, 97, 2015042706, 03, TMMN,  90,  75S,  469E,  27,    0,   ,   0,    ,    0,    0,    0,    0, 
SH, 97, 2015042706, 03, TMMN,  96,  74S,  466E,  29,    0,   ,   0,    ,    0,    0,    0,    0, 
SH, 97, 2015042706, 03, TMMN, 102,  73S,  460E,  30,    0,   ,   0,    ,    0,    0,    0,    0, 
SH, 97, 2015042706, 03, TMMN, 108,  75S,  458E,  31,    0,   ,   0,    ,    0,    0,    0,    0, 
SH, 97, 2015042706, 03, TMMN, 114,  72S,  458E,  31,    0,   ,   0,    ,    0,    0,    0,    0, 
SH, 97, 2015042706, 03, TMMN, 120,  74S,  455E,  32,    0,   ,   0,    ,    0,    0,    0,    0, 
SH, 97, 2015042706, 03, TMMN, 126,  73S,  454E,  32,    0,   ,   0,    ,    0,    0,    0,    0, 
SH, 97, 2015042706, 03, TMMN, 132,  76S,  450E,  33,    0,   ,   0,    ,    0,    0,    0,    0, 
SH, 97, 2015042706, 03, TMMN, 138,  73S,  447E,  32,    0,   ,   0,    ,    0,    0,    0,    0, 
SH, 97, 2015042706, 03, TMMN, 144,  73S,  443E,  30,    0,   ,   0,    ,    0,    0,    0,    0, 
SH, 97, 2015042706, 03, WBAI,   0,  87S,  501E,   0,    0,   ,  34, NEQ,    0,    0,    0,    0, 
SH, 97, 2015042706, 03, WBAI,  12,  96S,  502E,   0,    0,   ,  34, NEQ,    0,    0,    0,    0, 
SH, 97, 2015042706, 03, WBAI,  24,  88S,  497E,   0,    0,   ,  34, NEQ,    0,    0,    0,    0, 
SH, 97, 2015042706, 03, WBAI,  36,  90S,  501E,   0,    0,   ,  34, NEQ,    0,    0,    0,    0, 
SH, 97, 2015042706, 03, WBAI,  48,  96S,  502E,   0,    0,   ,  34, NEQ,    0,    0,    0,    0, 
SH, 97, 2015042706, 03, WBAI,  60, 100S,  498E,   0,    0,   ,  34, NEQ,    0,    0,    0,    0, 
SH, 97, 2015042706, 03, WBAI,  72, 105S,  495E,   0,    0,   ,  34, NEQ,    0,    0,    0,    0, 
SH, 97, 2015042706, 03, WBAR,   0,  88S,  501E,   0,    0,   ,   0,    ,    0,    0,    0,    0, 
SH, 97, 2015042706, 03, WBAR,   6,  76S,  497E,   0,    0,   ,   0,    ,    0,    0,    0,    0, 
SH, 97, 2015042706, 03, WBAR,  12,  80S,  500E,   0,    0,   ,   0,    ,    0,    0,    0,    0, 
SH, 97, 2015042706, 03, WBAR,  18,  84S,  503E,   0,    0,   ,   0,    ,    0,    0,    0,    0, 
SH, 97, 2015042706, 03, WBAR,  24,  88S,  505E,   0,    0,   ,   0,    ,    0,    0,    0,    0, 
SH, 97, 2015042706, 03, WBAR,  30,  91S,  505E,   0,    0,   ,   0,    ,    0,    0,    0,    0, 
SH, 97, 2015042706, 03, WBAR,  36,  94S,  504E,   0,    0,   ,   0,    ,    0,    0,    0,    0, 
SH, 97, 2015042706, 03, WBAR,  42,  97S,  502E,   0,    0,   ,   0,    ,    0,    0,    0,    0, 
SH, 97, 2015042706, 03, WBAR,  48, 100S,  501E,   0,    0,   ,   0,    ,    0,    0,    0,    0, 
SH, 97, 2015042706, 03, WBAR,  54, 104S,  501E,   0,    0,   ,   0,    ,    0,    0,    0,    0, 
SH, 97, 2015042706, 03, WBAR,  60, 108S,  500E,   0,    0,   ,   0,    ,    0,    0,    0,    0, 
SH, 97, 2015042706, 03, WBAR,  66, 112S,  499E,   0,    0,   ,   0,    ,    0,    0,    0,    0, 
SH, 97, 2015042706, 03, WBAR,  72, 116S,  498E,   0,    0,   ,   0,    ,    0,    0,    0,    0, 
SH, 97, 2015042706, 03, WBS1,  12,  96S,  502E,  18,    0,   ,   0,    ,    0,    0,    0,    0, 
SH, 97, 2015042706, 03, WBS1,  24,  88S,  497E,  23,    0,   ,   0,    ,    0,    0,    0,    0, 
SH, 97, 2015042706, 03, WBS1,  36,  90S,  501E,  30,    0,   ,   0,    ,    0,    0,    0,    0, 
SH, 97, 2015042706, 03, WBS1,  48,  96S,  502E,  38,    0,   ,   0,    ,    0,    0,    0,    0, 
SH, 97, 2015042706, 03, WBS1,  60, 100S,  498E,  47,    0,   ,   0,    ,    0,    0,    0,    0, 
SH, 97, 2015042706, 03, WBS1,  72, 105S,  495E,  54,    0,   ,   0,    ,    0,    0,    0,    0, 
SH, 97, 2015042706, 03, WBS5,  12,  96S,  502E,  18,    0,   ,   0,    ,    0,    0,    0,    0, 
SH, 97, 2015042706, 03, WBS5,  24,  88S,  497E,  22,    0,   ,   0,    ,    0,    0,    0,    0, 
SH, 97, 2015042706, 03, WBS5,  36,  90S,  501E,  28,    0,   ,   0,    ,    0,    0,    0,    0, 
SH, 97, 2015042706, 03, WBS5,  48,  96S,  502E,  35,    0,   ,   0,    ,    0,    0,    0,    0, 
SH, 97, 2015042706, 03, WBS5,  60, 100S,  498E,  42,    0,   ,   0,    ,    0,    0,    0,    0, 
SH, 97, 2015042706, 03, WBS5,  72, 105S,  495E,  49,    0,   ,   0,    ,    0,    0,    0,    0, 
SH, 97, 2015042706, 03, XTRP,  12, 104S,  496E,  15,    0,   ,   0,    ,    0,    0,    0,    0, 
SH, 97, 2015042706, 03, XTRP,  24, 122S,  491E,  15,    0,   ,   0,    ,    0,    0,    0,    0, 
SH, 97, 2015042706, 03, XTRP,  36, 140S,  486E,  15,    0,   ,   0,    ,    0,    0,    0,    0, 
SH, 97, 2015042706, 03, XTRP,  48, 158S,  481E,  15,    0,   ,   0,    ,    0,    0,    0,    0, 
SH, 97, 2015042706, 03, XTRP,  60, 176S,  476E,  15,    0,   ,   0,    ,    0,    0,    0,    0, 
SH, 97, 2015042706, 03, XTRP,  72, 194S,  471E,  15,    0,   ,   0,    ,    0,    0,    0,    0, 
SH, 97, 2015042706, 03, XTRP,  84, 212S,  466E,  15,    0,   ,   0,    ,    0,    0,    0,    0, 
SH, 97, 2015042706, 03, XTRP,  96, 230S,  461E,  15,    0,   ,   0,    ,    0,    0,    0,    0, 
SH, 97, 2015042706, 03, XTRP, 108, 248S,  455E,  15,    0,   ,   0,    ,    0,    0,    0,    0, 
SH, 97, 2015042706, 03, XTRP, 120, 266S,  450E,  15,    0,   ,   0,    ,    0,    0,    0,    0, 
SH, 97, 2015042706, 71, JNVG,   0,  55S,  491E,  15,    0,   ,  34, NEQ,    0,    0,    0,    0, 
SH, 97, 2015042706, 71, JNVG,  12,  77S,  495E,  15,    0,   ,  34, NEQ,    0,    0,    0,    0, 
SH, 97, 2015042706, 71, JNVG,  24,  63S,  513E,  15,    0,   ,  34, NEQ,    0,    0,    0,    0, 
SH, 97, 2015042706, 71, JNVG,  36,  55S,  554E,  15,    0,   ,  34, NEQ,    0,    0,    0,    0, 
SH, 97, 2015042712, 01, CARQ, -24,  62S,  506E,  15,    0,   ,   0,    ,    0,    0,    0,    0, 
SH, 97, 2015042712, 01, CARQ, -18,  70S,  506E,  15,    0,   ,   0,    ,    0,    0,    0,    0, 
SH, 97, 2015042712, 01, CARQ, -12,  81S,  504E,  15,    0,   ,   0,    ,    0,    0,    0,    0, 
SH, 97, 2015042712, 01, CARQ,  -6,  89S,  502E,  15,    0,   ,   0,    ,    0,    0,    0,    0, 
SH, 97, 2015042712, 01, CARQ,   0,  99S,  500E,  15,    0,   ,   0,    ,    0,    0,    0,    0, 
SH, 97, 2015042712, 03, CLIM,  12, 103S,  487E,   0,    0,   ,   0,    ,    0,    0,    0,    0, 
SH, 97, 2015042712, 03, CLIM,  24, 107S,  478E,   0,    0,   ,   0,    ,    0,    0,    0,    0, 
SH, 97, 2015042712, 03, CLIM,  36, 112S,  467E,   0,    0,   ,   0,    ,    0,    0,    0,    0, 
SH, 97, 2015042712, 03, CLIM,  48,  95S,  466E,   0,    0,   ,   0,    ,    0,    0,    0,    0, 
SH, 97, 2015042712, 03, CLIM,  72,  88S,  441E,   0,    0,   ,   0,    ,    0,    0,    0,    0, 
SH, 97, 2015042712, 03, CLIP,  12, 117S,  499E,   0,    0,   ,   0,    ,    0,    0,    0,    0, 
SH, 97, 2015042712, 03, CLIP,  24, 135S,  500E,   0,    0,   ,   0,    ,    0,    0,    0,    0, 
SH, 97, 2015042712, 03, CLIP,  36, 153S,  503E,   0,    0,   ,   0,    ,    0,    0,    0,    0, 
SH, 97, 2015042712, 03, CLIP,  48, 171S,  510E,   0,    0,   ,   0,    ,    0,    0,    0,    0, 
SH, 97, 2015042712, 03, CLIP,  72, 203S,  529E,   0,    0,   ,   0,    ,    0,    0,    0,    0, 
SH, 97, 2015042712, 03, CLSI,  12, 111S,  499E,   0,    0,   ,   0,    ,    0,    0,    0,    0, 
SH, 97, 2015042712, 03, CLSI,  24, 119S,  502E,   0,    0,   ,   0,    ,    0,    0,    0,    0, 
SH, 97, 2015042712, 03, CLSI,  36, 126S,  509E,   0,    0,   ,   0,    ,    0,    0,    0,    0, 
SH, 97, 2015042712, 03, CLSI,  48, 133S,  517E,   0,    0,   ,   0,    ,    0,    0,    0,    0, 
SH, 97, 2015042712, 03, CLSI,  72, 136S,  521E,   0,    0,   ,   0,    ,    0,    0,    0,    0, 
SH, 97, 2015042712, 03, DSHW,   0,  99S,  500E,  15,    0, TD,   0,    ,    0,    0,    0,    0, 
SH, 97, 2015042712, 03, DSHW,  12,  99S,  502E,  17,    0, TD,   0,    ,    0,    0,    0,    0, 
SH, 97, 2015042712, 03, DSHW,  24, 106S,  504E,  20,    0, TD,   0,    ,    0,    0,    0,    0, 
SH, 97, 2015042712, 03, DSHW,  36, 112S,  502E,  23,    0, TD,   0,    ,    0,    0,    0,    0, 
SH, 97, 2015042712, 03, DSHW,  48, 119S,  501E,  26,    0, TD,   0,    ,    0,    0,    0,    0, 
SH, 97, 2015042712, 03, DSHW,  60, 127S,  499E,  28,    0, TD,   0,    ,    0,    0,    0,    0, 
SH, 97, 2015042712, 03, DSHW,  72, 135S,  497E,  25,    0, TD,   0,    ,    0,    0,    0,    0, 
SH, 97, 2015042712, 03, DSHW,  84,   0N,    0E,  26,    0,   ,   0,    ,    0,    0,    0,    0, 
SH, 97, 2015042712, 03, DSHW,  96,   0N,    0E,  26,    0,   ,   0,    ,    0,    0,    0,    0, 
SH, 97, 2015042712, 03, DSHW, 108,   0N,    0E,  27,    0,   ,   0,    ,    0,    0,    0,    0, 
SH, 97, 2015042712, 03, DSHW, 120,   0N,    0E,  27,    0,   ,   0,    ,    0,    0,    0,    0, 
SH, 97, 2015042712, 03, HPAC,  12, 110S,  492E,   0,    0,   ,   0,    ,    0,    0,    0,    0, 
SH, 97, 2015042712, 03, HPAC,  24, 121S,  485E,   0,    0,   ,   0,    ,    0,    0,    0,    0, 
SH, 97, 2015042712, 03, HPAC,  36, 132S,  478E,   0,    0,   ,   0,    ,    0,    0,    0,    0, 
SH, 97, 2015042712, 03, HPAC,  48, 133S,  475E,   0,    0,   ,   0,    ,    0,    0,    0,    0, 
SH, 97, 2015042712, 03, HPAC,  72, 147S,  458E,   0,    0,   ,   0,    ,    0,    0,    0,    0, 
SH, 97, 2015042712, 03, LGEW,   0,  99S,  500E,  15,    0, TD,   0,    ,    0,    0,    0,    0, 
SH, 97, 2015042712, 03, LGEW,  12,  99S,  502E,  16,    0, TD,   0,    ,    0,    0,    0,    0, 
SH, 97, 2015042712, 03, LGEW,  24, 106S,  504E,  17,    0, TD,   0,    ,    0,    0,    0,    0, 
SH, 97, 2015042712, 03, LGEW,  36, 112S,  502E,  18,    0, TD,   0,    ,    0,    0,    0,    0, 
SH, 97, 2015042712, 03, LGEW,  48, 119S,  501E,  19,    0, TD,   0,    ,    0,    0,    0,    0, 
SH, 97, 2015042712, 03, LGEW,  60, 127S,  499E,  18,    0, TD,   0,    ,    0,    0,    0,    0, 
SH, 97, 2015042712, 03, LGEW,  72, 135S,  497E,  17,    0, TD,   0,    ,    0,    0,    0,    0, 
SH, 97, 2015042712, 03, RECR,  12, 108S,  503E,   0,    0,   ,   0,    ,    0,    0,    0,    0, 
SH, 97, 2015042712, 03, RECR,  24, 117S,  506E,   0,    0,   ,   0,    ,    0,    0,    0,    0, 
SH, 97, 2015042712, 03, RECR,  36, 127S,  506E,   0,    0,   ,   0,    ,    0,    0,    0,    0, 
SH, 97, 2015042712, 03, RECR,  48, 136S,  507E,   0,    0,   ,   0,    ,    0,    0,    0,    0, 
SH, 97, 2015042712, 03, RECR,  72, 155S,  508E,   0,    0,   ,   0,    ,    0,    0,    0,    0, 
SH, 97, 2015042712, 03, SHIW,   0,  99S,  500E,  15,    0, TD,   0,    ,    0,    0,    0,    0, 
SH, 97, 2015042712, 03, SHIW,  12,  99S,  502E,  17,    0, TD,   0,    ,    0,    0,    0,    0, 
SH, 97, 2015042712, 03, SHIW,  24, 106S,  504E,  20,    0, TD,   0,    ,    0,    0,    0,    0, 
SH, 97, 2015042712, 03, SHIW,  36, 112S,  502E,  23,    0, TD,   0,    ,    0,    0,    0,    0, 
SH, 97, 2015042712, 03, SHIW,  48, 119S,  501E,  26,    0, TD,   0,    ,    0,    0,    0,    0, 
SH, 97, 2015042712, 03, SHIW,  60, 127S,  499E,  28,    0, TD,   0,    ,    0,    0,    0,    0, 
SH, 97, 2015042712, 03, SHIW,  72, 135S,  497E,  28,    0, TD,   0,    ,    0,    0,    0,    0, 
SH, 97, 2015042712, 03, SHIW,  84,   0N,    0E,  26,    0,   ,   0,    ,    0,    0,    0,    0, 
SH, 97, 2015042712, 03, SHIW,  96,   0N,    0E,  24,    0,   ,   0,    ,    0,    0,    0,    0, 
SH, 97, 2015042712, 03, SHIW, 108,   0N,    0E,  21,    0,   ,   0,    ,    0,    0,    0,    0, 
SH, 97, 2015042712, 03, SHIW, 120,   0N,    0E,  19,    0,   ,   0,    ,    0,    0,    0,    0, 
SH, 97, 2015042712, 03, ST5D,  12,   0N,    0E,  18,    0,   ,   0,    ,    0,    0,    0,    0, 
SH, 97, 2015042712, 03, ST5D,  24,   0N,    0E,  25,    0,   ,   0,    ,    0,    0,    0,    0, 
SH, 97, 2015042712, 03, ST5D,  36,   0N,    0E,  33,    0,   ,   0,    ,    0,    0,    0,    0, 
SH, 97, 2015042712, 03, ST5D,  48,   0N,    0E,  39,    0,   ,   0,    ,    0,    0,    0,    0, 
SH, 97, 2015042712, 03, ST5D,  60,   0N,    0E,  38,    0,   ,   0,    ,    0,    0,    0,    0, 
SH, 97, 2015042712, 03, ST5D,  72,   0N,    0E,  48,    0,   ,   0,    ,    0,    0,    0,    0, 
SH, 97, 2015042712, 03, ST5D,  84,   0N,    0E,  52,    0,   ,   0,    ,    0,    0,    0,    0, 
SH, 97, 2015042712, 03, ST5D,  96,   0N,    0E,  56,    0,   ,   0,    ,    0,    0,    0,    0, 
SH, 97, 2015042712, 03, ST5D, 108,   0N,    0E,  56,    0,   ,   0,    ,    0,    0,    0,    0, 
SH, 97, 2015042712, 03, ST5D, 120,   0N,    0E,  56,    0,   ,   0,    ,    0,    0,    0,    0, 
SH, 97, 2015042712, 03, TMMI,   0,  98S,  500E,  15,    0,   ,  34, NEQ,    0,    0,    0,    0, 
SH, 97, 2015042712, 03, TMMI,  12,  99S,  494E,  15,    0,   ,  34, NEQ,    0,    0,    0,    0, 
SH, 97, 2015042712, 03, TMMI,  24,  99S,  491E,  17,    0,   ,  34, NEQ,    0,    0,    0,    0, 
SH, 97, 2015042712, 03, TMMI,  36,  97S,  490E,  17,    0,   ,  34, NEQ,    0,    0,    0,    0, 
SH, 97, 2015042712, 03, TMMI,  48,  95S,  485E,  17,    0,   ,  34, NEQ,    0,    0,    0,    0, 
SH, 97, 2015042712, 03, TMMI,  60,  93S,  479E,  18,    0,   ,  34, NEQ,    0,    0,    0,    0, 
SH, 97, 2015042712, 03, TMMI,  72,  92S,  472E,  19,    0,   ,  34, NEQ,    0,    0,    0,    0, 
SH, 97, 2015042712, 03, TMMI,  84,  91S,  464E,  21,    0,   ,  34, NEQ,    0,    0,    0,    0, 
SH, 97, 2015042712, 03, TMMI,  96,  90S,  457E,  23,    0,   ,  34, NEQ,    0,    0,    0,    0, 
SH, 97, 2015042712, 03, TMMI, 108,  90S,  453E,  25,    0,   ,  34, NEQ,    0,    0,    0,    0, 
SH, 97, 2015042712, 03, TMMI, 120,  90S,  448E,  26,    0,   ,  34, NEQ,    0,    0,    0,    0, 
SH, 97, 2015042712, 03, TMMI, 132,  90S,  442E,  25,    0,   ,  34, NEQ,    0,    0,    0,    0, 
SH, 97, 2015042712, 03, TMMI, 144,  90S,  436E,  24,    0,   ,  34, NEQ,    0,    0,    0,    0, 
SH, 97, 2015042712, 03, WBAI,   0,  98S,  500E,   0,    0,   ,  34, NEQ,    0,    0,    0,    0, 
SH, 97, 2015042712, 03, WBAI,  12,  99S,  502E,   0,    0,   ,  34, NEQ,    0,    0,    0,    0, 
SH, 97, 2015042712, 03, WBAI,  24, 106S,  504E,   0,    0,   ,  34, NEQ,    0,    0,    0,    0, 
SH, 97, 2015042712, 03, WBAI,  36, 112S,  502E,   0,    0,   ,  34, NEQ,    0,    0,    0,    0, 
SH, 97, 2015042712, 03, WBAI,  48, 119S,  501E,   0,    0,   ,  34, NEQ,    0,    0,    0,    0, 
SH, 97, 2015042712, 03, WBAI,  60, 127S,  499E,   0,    0,   ,  34, NEQ,    0,    0,    0,    0, 
SH, 97, 2015042712, 03, WBAI,  72, 135S,  497E,   0,    0,   ,  34, NEQ,    0,    0,    0,    0, 
SH, 97, 2015042712, 03, WBAR,   0,  99S,  500E,   0,    0,   ,   0,    ,    0,    0,    0,    0, 
SH, 97, 2015042712, 03, WBAR,   6,  90S,  501E,   0,    0,   ,   0,    ,    0,    0,    0,    0, 
SH, 97, 2015042712, 03, WBAR,  12, 102S,  483E,   0,    0,   ,   0,    ,    0,    0,    0,    0, 
SH, 97, 2015042712, 03, WBAR,  18, 102S,  485E,   0,    0,   ,   0,    ,    0,    0,    0,    0, 
SH, 97, 2015042712, 03, WBAR,  24, 103S,  489E,   0,    0,   ,   0,    ,    0,    0,    0,    0, 
SH, 97, 2015042712, 03, WBAR,  30, 104S,  491E,   0,    0,   ,   0,    ,    0,    0,    0,    0, 
SH, 97, 2015042712, 03, WBAR,  36, 107S,  493E,   0,    0,   ,   0,    ,    0,    0,    0,    0, 
SH, 97, 2015042712, 03, WBAR,  42, 110S,  493E,   0,    0,   ,   0,    ,    0,    0,    0,    0, 
SH, 97, 2015042712, 03, WBAR,  48, 114S,  493E,   0,    0,   ,   0,    ,    0,    0,    0,    0, 
SH, 97, 2015042712, 03, WBAR,  54, 116S,  493E,   0,    0,   ,   0,    ,    0,    0,    0,    0, 
SH, 97, 2015042712, 03, WBAR,  60, 116S,  492E,   0,    0,   ,   0,    ,    0,    0,    0,    0, 
SH, 97, 2015042712, 03, WBAR,  66, 115S,  491E,   0,    0,   ,   0,    ,    0,    0,    0,    0, 
SH, 97, 2015042712, 03, WBAR,  72, 111S,  489E,   0,    0,   ,   0,    ,    0,    0,    0,    0, 
SH, 97, 2015042712, 03, WBS1,  12,  99S,  502E,  24,    0,   ,   0,    ,    0,    0,    0,    0, 
SH, 97, 2015042712, 03, WBS1,  24, 106S,  504E,  33,    0,   ,   0,    ,    0,    0,    0,    0, 
SH, 97, 2015042712, 03, WBS1,  36, 112S,  502E,  46,    0,   ,   0,    ,    0,    0,    0,    0, 
SH, 97, 2015042712, 03, WBS1,  48, 119S,  501E,  60,    0,   ,   0,    ,    0,    0,    0,    0, 
SH, 97, 2015042712, 03, WBS1,  60, 127S,  499E,  71,    0,   ,   0,    ,    0,    0,    0,    0, 
SH, 97, 2015042712, 03, WBS1,  72, 135S,  497E,  62,    0,   ,   0,    ,    0,    0,    0,    0, 
SH, 97, 2015042712, 03, WBS5,  12,  99S,  502E,  25,    0,   ,   0,    ,    0,    0,    0,    0, 
SH, 97, 2015042712, 03, WBS5,  24, 106S,  504E,  33,    0,   ,   0,    ,    0,    0,    0,    0, 
SH, 97, 2015042712, 03, WBS5,  36, 112S,  502E,  44,    0,   ,   0,    ,    0,    0,    0,    0, 
SH, 97, 2015042712, 03, WBS5,  48, 119S,  501E,  56,    0,   ,   0,    ,    0,    0,    0,    0, 
SH, 97, 2015042712, 03, WBS5,  60, 127S,  499E,  66,    0,   ,   0,    ,    0,    0,    0,    0, 
SH, 97, 2015042712, 03, WBS5,  72, 135S,  497E,  58,    0,   ,   0,    ,    0,    0,    0,    0, 
SH, 97, 2015042712, 03, XTRP,  12,  42S,  501E,  15,    0,   ,   0,    ,    0,    0,    0,    0, 
SH, 97, 2015042712, 03, XTRP,  24,  60S,  497E,  15,    0,   ,   0,    ,    0,    0,    0,    0, 
SH, 97, 2015042712, 03, XTRP,  36,  78S,  493E,  15,    0,   ,   0,    ,    0,    0,    0,    0, 
SH, 97, 2015042712, 03, XTRP,  48,  96S,  488E,  15,    0,   ,   0,    ,    0,    0,    0,    0, 
SH, 97, 2015042712, 03, XTRP,  60, 114S,  484E,  15,    0,   ,   0,    ,    0,    0,    0,    0, 
SH, 97, 2015042712, 03, XTRP,  72, 132S,  480E,  15,    0,   ,   0,    ,    0,    0,    0,    0, 
SH, 97, 2015042712, 03, XTRP,  84, 150S,  476E,  15,    0,   ,   0,    ,    0,    0,    0,    0, 
SH, 97, 2015042712, 03, XTRP,  96, 168S,  471E,  15,    0,   ,   0,    ,    0,    0,    0,    0, 
SH, 97, 2015042712, 03, XTRP, 108, 186S,  467E,  15,    0,   ,   0,    ,    0,    0,    0,    0, 
SH, 97, 2015042712, 03, XTRP, 120, 204S,  462E,  15,    0,   ,   0,    ,    0,    0,    0,    0, 
SH, 97, 2015042712, 71, JNVG,   0,  68S,  495E,  15,    0,   ,  34, NEQ,    0,    0,    0,    0, 
SH, 97, 2015042712, 71, JNVG,  12,  72S,  486E,  10,    0,   ,  34, NEQ,    0,    0,    0,    0, 
SH, 97, 2015042712, 71, JNVG,  24,  75S,  486E,  15,    0,   ,  34, NEQ,    0,    0,    0,    0, 
SH, 97, 2015042712, 71, JNVG,  36,  65S,  487E,  15,    0,   ,  34, NEQ,    0,    0,    0,    0, 
SH, 97, 2015042712, 71, JNVG,  48,  75S,  492E,  15,    0,   ,  34, NEQ,    0,    0,    0,    0, 
SH, 97, 2015042712, 71, JNVG,  60,  68S,  495E,  15,    0,   ,  34, NEQ,    0,    0,    0,    0, 
SH, 97, 2015042712, 71, JNVG,  72,  63S,  495E,  15,    0,   ,  34, NEQ,    0,    0,    0,    0, 
SH, 97, 2015042712, 71, JNVG,  84,  56S,  486E,  15,    0,   ,  34, NEQ,    0,    0,    0,    0, 
SH, 97, 2015042718, 01, CARQ, -24,   2N,  509E,  15,    0,   ,   0,    ,    0,    0,    0,    0, 
SH, 97, 2015042718, 01, CARQ, -18,   8S,  509E,  15,    0,   ,   0,    ,    0,    0,    0,    0, 
SH, 97, 2015042718, 01, CARQ, -12,  19S,  507E,  15,    0,   ,   0,    ,    0,    0,    0,    0, 
SH, 97, 2015042718, 01, CARQ,  -6,  26S,  505E,  15,    0,   ,   0,    ,    0,    0,    0,    0, 
SH, 97, 2015042718, 01, CARQ,   0,  33S,  504E,  15,    0,   ,   0,    ,    0,    0,    0,    0, 
SH, 97, 2015042718, 03, CLIP,  12,  43S,  505E,   0,    0,   ,   0,    ,    0,    0,    0,    0, 
SH, 97, 2015042718, 03, CLIP,  24,  52S,  505E,   0,    0,   ,   0,    ,    0,    0,    0,    0, 
SH, 97, 2015042718, 03, CLIP,  36,  59S,  499E,   0,    0,   ,   0,    ,    0,    0,    0,    0, 
SH, 97, 2015042718, 03, CLIP,  48,  70S,  490E,   0,    0,   ,   0,    ,    0,    0,    0,    0, 
SH, 97, 2015042718, 03, CLIP,  72,  85S,  462E,   0,    0,   ,   0,    ,    0,    0,    0,    0, 
SH, 97, 2015042718, 03, CLSI,  12,  43S,  502E,   0,    0,   ,   0,    ,    0,    0,    0,    0, 
SH, 97, 2015042718, 03, CLSI,  24,  49S,  503E,   0,    0,   ,   0,    ,    0,    0,    0,    0, 
SH, 97, 2015042718, 03, CLSI,  36,  56S,  506E,   0,    0,   ,   0,    ,    0,    0,    0,    0, 
SH, 97, 2015042718, 03, CLSI,  48,  65S,  510E,   0,    0,   ,   0,    ,    0,    0,    0,    0, 
SH, 97, 2015042718, 03, CLSI,  72,  75S,  507E,   0,    0,   ,   0,    ,    0,    0,    0,    0, 
SH, 97, 2015042718, 03, ST5D,  12,   0N,    0E,  18,    0,   ,   0,    ,    0,    0,    0,    0, 
SH, 97, 2015042718, 03, ST5D,  24,   0N,    0E,  24,    0,   ,   0,    ,    0,    0,    0,    0, 
SH, 97, 2015042718, 03, ST5D,  36,   0N,    0E,  32,    0,   ,   0,    ,    0,    0,    0,    0, 
SH, 97, 2015042718, 03, ST5D,  48,   0N,    0E,  37,    0,   ,   0,    ,    0,    0,    0,    0, 
SH, 97, 2015042718, 03, ST5D,  60,   0N,    0E,  38,    0,   ,   0,    ,    0,    0,    0,    0, 
SH, 97, 2015042718, 03, ST5D,  72,   0N,    0E,  47,    0,   ,   0,    ,    0,    0,    0,    0, 
SH, 97, 2015042718, 03, ST5D,  84,   0N,    0E,  51,    0,   ,   0,    ,    0,    0,    0,    0, 
SH, 97, 2015042718, 03, ST5D,  96,   0N,    0E,  55,    0,   ,   0,    ,    0,    0,    0,    0, 
SH, 97, 2015042718, 03, ST5D, 108,   0N,    0E,  55,    0,   ,   0,    ,    0,    0,    0,    0, 
SH, 97, 2015042718, 03, ST5D, 120,   0N,    0E,  56,    0,   ,   0,    ,    0,    0,    0,    0, 
SH, 97, 2015042718, 03, XTRP,  12,  45S,  501E,  15,    0,   ,   0,    ,    0,    0,    0,    0, 
SH, 97, 2015042718, 03, XTRP,  24,  59S,  498E,  15,    0,   ,   0,    ,    0,    0,    0,    0, 
SH, 97, 2015042718, 03, XTRP,  36,  73S,  495E,  15,    0,   ,   0,    ,    0,    0,    0,    0, 
SH, 97, 2015042718, 03, XTRP,  48,  87S,  492E,  15,    0,   ,   0,    ,    0,    0,    0,    0, 
SH, 97, 2015042718, 03, XTRP,  60, 101S,  489E,  15,    0,   ,   0,    ,    0,    0,    0,    0, 
SH, 97, 2015042718, 03, XTRP,  72, 115S,  486E,  15,    0,   ,   0,    ,    0,    0,    0,    0, 
SH, 97, 2015042718, 03, XTRP,  84, 129S,  483E,  15,    0,   ,   0,    ,    0,    0,    0,    0, 
SH, 97, 2015042718, 03, XTRP,  96, 143S,  480E,  15,    0,   ,   0,    ,    0,    0,    0,    0, 
SH, 97, 2015042718, 03, XTRP, 108, 157S,  477E,  15,    0,   ,   0,    ,    0,    0,    0,    0, 
SH, 97, 2015042718, 03, XTRP, 120, 171S,  474E,  15,    0,   ,   0,    ,    0,    0,    0,    0, 
