SH, 94, 2015040900, 01, CARQ, -24,  75S, 1661E,  15,    0,   ,   0,    ,    0,    0,    0,    0, 
SH, 94, 2015040900, 01, CARQ, -18,  79S, 1655E,  15,    0,   ,   0,    ,    0,    0,    0,    0, 
SH, 94, 2015040900, 01, CARQ, -12,  83S, 1650E,  15,    0,   ,   0,    ,    0,    0,    0,    0, 
SH, 94, 2015040900, 01, CARQ,  -6,  87S, 1645E,  15,    0,   ,   0,    ,    0,    0,    0,    0, 
SH, 94, 2015040900, 01, CARQ,   0,  90S, 1640E,  15,    0,   ,   0,    ,    0,    0,    0,    0, 
SH, 94, 2015040900, 03, CLIM,  12,  99S, 1641E,   0,    0,   ,   0,    ,    0,    0,    0,    0, 
SH, 94, 2015040900, 03, CLIM,  24, 105S, 1640E,   0,    0,   ,   0,    ,    0,    0,    0,    0, 
SH, 94, 2015040900, 03, CLIM,  36, 111S, 1647E,   0,    0,   ,   0,    ,    0,    0,    0,    0, 
SH, 94, 2015040900, 03, CLIM,  48, 121S, 1654E,   0,    0,   ,   0,    ,    0,    0,    0,    0, 
SH, 94, 2015040900, 03, CLIM,  72, 148S, 1662E,   0,    0,   ,   0,    ,    0,    0,    0,    0, 
SH, 94, 2015040900, 03, CLIP,  12,  97S, 1660E,   0,    0,   ,   0,    ,    0,    0,    0,    0, 
SH, 94, 2015040900, 03, CLIP,  24, 106S, 1664E,   0,    0,   ,   0,    ,    0,    0,    0,    0, 
SH, 94, 2015040900, 03, CLIP,  36, 119S, 1668E,   0,    0,   ,   0,    ,    0,    0,    0,    0, 
SH, 94, 2015040900, 03, CLIP,  48, 134S, 1681E,   0,    0,   ,   0,    ,    0,    0,    0,    0, 
SH, 94, 2015040900, 03, CLIP,  72, 168S, 1691E,   0,    0,   ,   0,    ,    0,    0,    0,    0, 
SH, 94, 2015040900, 03, CLSW,  12,  97S, 1631E,   0,    0,   ,   0,    ,    0,    0,    0,    0, 
SH, 94, 2015040900, 03, CLSW,  24, 104S, 1624E,   0,    0,   ,   0,    ,    0,    0,    0,    0, 
SH, 94, 2015040900, 03, CLSW,  36, 112S, 1619E,   0,    0,   ,   0,    ,    0,    0,    0,    0, 
SH, 94, 2015040900, 03, CLSW,  48, 120S, 1617E,   0,    0,   ,   0,    ,    0,    0,    0,    0, 
SH, 94, 2015040900, 03, CLSW,  72, 140S, 1620E,   0,    0,   ,   0,    ,    0,    0,    0,    0, 
SH, 94, 2015040900, 03, HPAC,  12,  98S, 1635E,   0,    0,   ,   0,    ,    0,    0,    0,    0, 
SH, 94, 2015040900, 03, HPAC,  24, 105S, 1630E,   0,    0,   ,   0,    ,    0,    0,    0,    0, 
SH, 94, 2015040900, 03, HPAC,  36, 111S, 1628E,   0,    0,   ,   0,    ,    0,    0,    0,    0, 
SH, 94, 2015040900, 03, HPAC,  48, 120S, 1627E,   0,    0,   ,   0,    ,    0,    0,    0,    0, 
SH, 94, 2015040900, 03, HPAC,  72, 140S, 1621E,   0,    0,   ,   0,    ,    0,    0,    0,    0, 
SH, 94, 2015040900, 03, RECR,  12, 109S, 1634E,   0,    0,   ,   0,    ,    0,    0,    0,    0, 
SH, 94, 2015040900, 03, RECR,  24, 119S, 1626E,   0,    0,   ,   0,    ,    0,    0,    0,    0, 
SH, 94, 2015040900, 03, RECR,  36, 129S, 1620E,   0,    0,   ,   0,    ,    0,    0,    0,    0, 
SH, 94, 2015040900, 03, RECR,  48, 139S, 1619E,   0,    0,   ,   0,    ,    0,    0,    0,    0, 
SH, 94, 2015040900, 03, RECR,  72, 157S, 1617E,   0,    0,   ,   0,    ,    0,    0,    0,    0, 
SH, 94, 2015040900, 03, ST5D,  12,   0N,    0E,  18,    0,   ,   0,    ,    0,    0,    0,    0, 
SH, 94, 2015040900, 03, ST5D,  24,   0N,    0E,  24,    0,   ,   0,    ,    0,    0,    0,    0, 
SH, 94, 2015040900, 03, ST5D,  36,   0N,    0E,  31,    0,   ,   0,    ,    0,    0,    0,    0, 
SH, 94, 2015040900, 03, ST5D,  48,   0N,    0E,  36,    0,   ,   0,    ,    0,    0,    0,    0, 
SH, 94, 2015040900, 03, ST5D,  60,   0N,    0E,  41,    0,   ,   0,    ,    0,    0,    0,    0, 
SH, 94, 2015040900, 03, ST5D,  72,   0N,    0E,  48,    0,   ,   0,    ,    0,    0,    0,    0, 
SH, 94, 2015040900, 03, ST5D,  84,   0N,    0E,  52,    0,   ,   0,    ,    0,    0,    0,    0, 
SH, 94, 2015040900, 03, ST5D,  96,   0N,    0E,  56,    0,   ,   0,    ,    0,    0,    0,    0, 
SH, 94, 2015040900, 03, ST5D, 108,   0N,    0E,  55,    0,   ,   0,    ,    0,    0,    0,    0, 
SH, 94, 2015040900, 03, ST5D, 120,   0N,    0E,  55,    0,   ,   0,    ,    0,    0,    0,    0, 
SH, 94, 2015040900, 03, STRT,  12,  85S, 1616E,   0,    0,   ,   0,    ,    0,    0,    0,    0, 
SH, 94, 2015040900, 03, STRT,  24,  80S, 1592E,   0,    0,   ,   0,    ,    0,    0,    0,    0, 
SH, 94, 2015040900, 03, STRT,  36,  75S, 1568E,   0,    0,   ,   0,    ,    0,    0,    0,    0, 
SH, 94, 2015040900, 03, STRT,  48,  70S, 1544E,   0,    0,   ,   0,    ,    0,    0,    0,    0, 
SH, 94, 2015040900, 03, STRT,  72,  86S, 1509E,   0,    0,   ,   0,    ,    0,    0,    0,    0, 
SH, 94, 2015040900, 03, WBAR,   0,  90S, 1640E,   0,    0,   ,   0,    ,    0,    0,    0,    0, 
SH, 94, 2015040900, 03, WBAR,   6,  98S, 1653E,   0,    0,   ,   0,    ,    0,    0,    0,    0, 
SH, 94, 2015040900, 03, WBAR,  12, 104S, 1649E,   0,    0,   ,   0,    ,    0,    0,    0,    0, 
SH, 94, 2015040900, 03, WBAR,  18, 109S, 1644E,   0,    0,   ,   0,    ,    0,    0,    0,    0, 
SH, 94, 2015040900, 03, WBAR,  24, 115S, 1637E,   0,    0,   ,   0,    ,    0,    0,    0,    0, 
SH, 94, 2015040900, 03, WBAR,  30, 101S, 1624E,   0,    0,   ,   0,    ,    0,    0,    0,    0, 
SH, 94, 2015040900, 03, WBAR,  36, 106S, 1625E,   0,    0,   ,   0,    ,    0,    0,    0,    0, 
SH, 94, 2015040900, 03, WBAR,  42, 112S, 1625E,   0,    0,   ,   0,    ,    0,    0,    0,    0, 
SH, 94, 2015040900, 03, WBAR,  48, 121S, 1625E,   0,    0,   ,   0,    ,    0,    0,    0,    0, 
SH, 94, 2015040900, 03, WBAR,  54, 131S, 1626E,   0,    0,   ,   0,    ,    0,    0,    0,    0, 
SH, 94, 2015040900, 03, WBAR,  60, 144S, 1627E,   0,    0,   ,   0,    ,    0,    0,    0,    0, 
SH, 94, 2015040900, 03, WBAR,  66, 158S, 1630E,   0,    0,   ,   0,    ,    0,    0,    0,    0, 
SH, 94, 2015040900, 03, WBAR,  72, 172S, 1635E,   0,    0,   ,   0,    ,    0,    0,    0,    0, 
SH, 94, 2015040900, 03, XTRP,  12,  95S, 1630E,  15,    0,   ,   0,    ,    0,    0,    0,    0, 
SH, 94, 2015040900, 03, XTRP,  24, 102S, 1620E,  15,    0,   ,   0,    ,    0,    0,    0,    0, 
SH, 94, 2015040900, 03, XTRP,  36, 109S, 1610E,  15,    0,   ,   0,    ,    0,    0,    0,    0, 
SH, 94, 2015040900, 03, XTRP,  48, 116S, 1600E,  15,    0,   ,   0,    ,    0,    0,    0,    0, 
SH, 94, 2015040900, 03, XTRP,  60, 123S, 1589E,  15,    0,   ,   0,    ,    0,    0,    0,    0, 
SH, 94, 2015040900, 03, XTRP,  72, 130S, 1579E,  15,    0,   ,   0,    ,    0,    0,    0,    0, 
SH, 94, 2015040900, 03, XTRP,  84, 137S, 1569E,  15,    0,   ,   0,    ,    0,    0,    0,    0, 
SH, 94, 2015040900, 03, XTRP,  96, 144S, 1559E,  15,    0,   ,   0,    ,    0,    0,    0,    0, 
SH, 94, 2015040900, 03, XTRP, 108, 151S, 1549E,  15,    0,   ,   0,    ,    0,    0,    0,    0, 
SH, 94, 2015040900, 03, XTRP, 120, 157S, 1538E,  15,    0,   ,   0,    ,    0,    0,    0,    0, 
SH, 94, 2015040900, 71, JNVG,   0, 105S, 1620E,  15,    0,   ,  34, NEQ,    0,    0,    0,    0, 
SH, 94, 2015040900, 71, JNVG,  12, 116S, 1592E,  20,    0,   ,  34, NEQ,    0,    0,    0,    0, 
SH, 94, 2015040900, 71, JNVG,  24, 135S, 1575E,  20,    0,   ,  34, NEQ,    0,    0,    0,    0, 
SH, 94, 2015040900, 71, JNVG,  36, 161S, 1595E,  25,    0,   ,  34, NEQ,    0,    0,    0,    0, 
SH, 94, 2015040900, 71, JNVG,  48, 175S, 1579E,  30,    0,   ,  34, NEQ,    0,    0,    0,    0, 
SH, 94, 2015040900, 71, JNVG,  60, 186S, 1582E,  30,    0,   ,  34, NEQ,    0,    0,    0,    0, 
SH, 94, 2015040900, 71, JNVG,  72, 165S, 1604E,  35,    0,   ,  34, NEQ,    0,    0,    0,    0, 
SH, 94, 2015040900, 71, JNVG,  84, 186S, 1624E,  35,    0,   ,  34, NEQ,    0,    0,    0,    0, 
SH, 94, 2015040900, 71, JNVG,  96, 210S, 1645E,  40,    0,   ,  34, NEQ,    0,    0,    0,    0, 
SH, 94, 2015040900, 71, JNVG, 108, 225S, 1680E,  40,    0,   ,  34, NEQ,    0,    0,    0,    0, 
SH, 94, 2015040900, 71, JNVG, 120, 244S, 1717E,  35,    0,   ,  34, NEQ,    0,    0,    0,    0, 
SH, 94, 2015040900, 72, JAVN,   0, 115S, 1623E,  15,    0,   ,  34, NEQ,    0,    0,    0,    0, 
SH, 94, 2015040900, 72, JAVN,  12, 121S, 1615E,  15,    0,   ,  34, NEQ,    0,    0,    0,    0, 
SH, 94, 2015040900, 72, JAVN,  24, 128S, 1623E,  20,    0,   ,  34, NEQ,    0,    0,    0,    0, 
SH, 94, 2015040900, 72, JAVN,  36, 141S, 1620E,  20,    0,   ,  34, NEQ,    0,    0,    0,    0, 
SH, 94, 2015040900, 72, JAVN,  48, 157S, 1611E,  20,    0,   ,  34, NEQ,    0,    0,    0,    0, 
SH, 94, 2015040900, 72, JAVN,  60, 170S, 1614E,  25,    0,   ,  34, NEQ,    0,    0,    0,    0, 
SH, 94, 2015040900, 72, JAVN,  72, 190S, 1630E,  30,    0,   ,  34, NEQ,    0,    0,    0,    0, 
SH, 94, 2015040900, 72, JAVN,  84, 190S, 1635E,  30,    0,   ,  34, NEQ,    0,    0,    0,    0, 
SH, 94, 2015040900, 72, JAVN,  96, 208S, 1671E,  40,    0,   ,  34, NEQ,    0,    0,    0,    0, 
SH, 94, 2015040900, 72, JAVN, 108, 199S, 1675E,  55,    0,   ,  34, NEQ,    0,    0,    0,    0, 
SH, 94, 2015040900, 72, JAVN, 120, 191S, 1639E,  65,    0,   ,  34, NEQ,    0,    0,    0,    0, 
SH, 94, 2015040900, 74, JJGS,   0, 114S, 1643E,  15,    0,   ,  34, NEQ,    0,    0,    0,    0, 
SH, 94, 2015040900, 74, JJGS,  12, 125S, 1640E,  15,    0,   ,  34, NEQ,    0,    0,    0,    0, 
SH, 94, 2015040906, 01, CARQ, -24,  83S, 1650E,  15,    0,   ,   0,    ,    0,    0,    0,    0, 
SH, 94, 2015040906, 01, CARQ, -18,  88S, 1645E,  15,    0,   ,   0,    ,    0,    0,    0,    0, 
SH, 94, 2015040906, 01, CARQ, -12,  93S, 1641E,  15,    0,   ,   0,    ,    0,    0,    0,    0, 
SH, 94, 2015040906, 01, CARQ,  -6,  98S, 1637E,  15,    0,   ,   0,    ,    0,    0,    0,    0, 
SH, 94, 2015040906, 01, CARQ,   0, 106S, 1632E,  15,    0,   ,   0,    ,    0,    0,    0,    0, 
SH, 94, 2015040906, 03, CLIM,  12, 117S, 1641E,   0,    0,   ,   0,    ,    0,    0,    0,    0, 
SH, 94, 2015040906, 03, CLIM,  24, 127S, 1647E,   0,    0,   ,   0,    ,    0,    0,    0,    0, 
SH, 94, 2015040906, 03, CLIM,  36, 139S, 1653E,   0,    0,   ,   0,    ,    0,    0,    0,    0, 
SH, 94, 2015040906, 03, CLIM,  48, 154S, 1660E,   0,    0,   ,   0,    ,    0,    0,    0,    0, 
SH, 94, 2015040906, 03, CLIM,  72, 178S, 1668E,   0,    0,   ,   0,    ,    0,    0,    0,    0, 
SH, 94, 2015040906, 03, CLIP,  12, 118S, 1658E,   0,    0,   ,   0,    ,    0,    0,    0,    0, 
SH, 94, 2015040906, 03, CLIP,  24, 132S, 1664E,   0,    0,   ,   0,    ,    0,    0,    0,    0, 
SH, 94, 2015040906, 03, CLIP,  36, 147S, 1667E,   0,    0,   ,   0,    ,    0,    0,    0,    0, 
SH, 94, 2015040906, 03, CLIP,  48, 163S, 1677E,   0,    0,   ,   0,    ,    0,    0,    0,    0, 
SH, 94, 2015040906, 03, CLIP,  72, 196S, 1689E,   0,    0,   ,   0,    ,    0,    0,    0,    0, 
SH, 94, 2015040906, 03, CLSW,  12, 117S, 1625E,   0,    0,   ,   0,    ,    0,    0,    0,    0, 
SH, 94, 2015040906, 03, CLSW,  24, 128S, 1619E,   0,    0,   ,   0,    ,    0,    0,    0,    0, 
SH, 94, 2015040906, 03, CLSW,  36, 138S, 1615E,   0,    0,   ,   0,    ,    0,    0,    0,    0, 
SH, 94, 2015040906, 03, CLSW,  48, 147S, 1615E,   0,    0,   ,   0,    ,    0,    0,    0,    0, 
SH, 94, 2015040906, 03, CLSW,  72, 170S, 1616E,   0,    0,   ,   0,    ,    0,    0,    0,    0, 
SH, 94, 2015040906, 03, DSHW,   0, 106S, 1632E,  15,    0, TD,   0,    ,    0,    0,    0,    0, 
SH, 94, 2015040906, 03, DSHW,  12, 115S, 1629E,  20,    0, TD,   0,    ,    0,    0,    0,    0, 
SH, 94, 2015040906, 03, DSHW,  24, 115S, 1616E,  27,    0, TD,   0,    ,    0,    0,    0,    0, 
SH, 94, 2015040906, 03, DSHW,  36, 122S, 1612E,  35,    0, TS,   0,    ,    0,    0,    0,    0, 
SH, 94, 2015040906, 03, DSHW,  48, 141S, 1613E,  42,    0, TS,   0,    ,    0,    0,    0,    0, 
SH, 94, 2015040906, 03, DSHW,  60, 166S, 1617E,  47,    0, TS,   0,    ,    0,    0,    0,    0, 
SH, 94, 2015040906, 03, DSHW,  72, 192S, 1622E,  50,    0, TS,   0,    ,    0,    0,    0,    0, 
SH, 94, 2015040906, 03, DSHW,  84,   0N,    0E,  52,    0,   ,   0,    ,    0,    0,    0,    0, 
SH, 94, 2015040906, 03, DSHW,  96,   0N,    0E,  52,    0,   ,   0,    ,    0,    0,    0,    0, 
SH, 94, 2015040906, 03, DSHW, 108,   0N,    0E,  51,    0,   ,   0,    ,    0,    0,    0,    0, 
SH, 94, 2015040906, 03, DSHW, 120,   0N,    0E,  49,    0,   ,   0,    ,    0,    0,    0,    0, 
SH, 94, 2015040906, 03, HPAC,  12, 118S, 1632E,   0,    0,   ,   0,    ,    0,    0,    0,    0, 
SH, 94, 2015040906, 03, HPAC,  24, 130S, 1630E,   0,    0,   ,   0,    ,    0,    0,    0,    0, 
SH, 94, 2015040906, 03, HPAC,  36, 142S, 1629E,   0,    0,   ,   0,    ,    0,    0,    0,    0, 
SH, 94, 2015040906, 03, HPAC,  48, 156S, 1628E,   0,    0,   ,   0,    ,    0,    0,    0,    0, 
SH, 94, 2015040906, 03, HPAC,  72, 181S, 1623E,   0,    0,   ,   0,    ,    0,    0,    0,    0, 
SH, 94, 2015040906, 03, JAS5,  12, 112S, 1631E,  16,    0,   ,   0,    ,    0,    0,    0,    0, 
SH, 94, 2015040906, 03, JAS5,  24, 122S, 1633E,  18,    0,   ,   0,    ,    0,    0,    0,    0, 
SH, 94, 2015040906, 03, JAS5,  36, 136S, 1628E,  22,    0,   ,   0,    ,    0,    0,    0,    0, 
SH, 94, 2015040906, 03, JAS5,  48, 151S, 1626E,  26,    0,   ,   0,    ,    0,    0,    0,    0, 
SH, 94, 2015040906, 03, JAS5,  60, 166S, 1634E,  30,    0,   ,   0,    ,    0,    0,    0,    0, 
SH, 94, 2015040906, 03, JAS5,  72, 177S, 1646E,  28,    0,   ,   0,    ,    0,    0,    0,    0, 
SH, 94, 2015040906, 03, JAS5,  84, 185S, 1665E,  25,    0,   ,   0,    ,    0,    0,    0,    0, 
SH, 94, 2015040906, 03, JAS5,  96, 189S, 1681E,  23,    0,   ,   0,    ,    0,    0,    0,    0, 
SH, 94, 2015040906, 03, JAS5, 108, 182S, 1667E,  21,    0,   ,   0,    ,    0,    0,    0,    0, 
SH, 94, 2015040906, 03, JAS5, 120, 175S, 1653E,  20,    0,   ,   0,    ,    0,    0,    0,    0, 
SH, 94, 2015040906, 03, JAVI,   0, 105S, 1632E,  15,    0,   ,  34, NEQ,    0,    0,    0,    0, 
SH, 94, 2015040906, 03, JAVI,  12, 112S, 1631E,  17,    0,   ,  34, NEQ,    0,    0,    0,    0, 
SH, 94, 2015040906, 03, JAVI,  24, 122S, 1633E,  19,    0,   ,  34, NEQ,    0,    0,    0,    0, 
SH, 94, 2015040906, 03, JAVI,  36, 136S, 1628E,  20,    0,   ,  34, NEQ,    0,    0,    0,    0, 
SH, 94, 2015040906, 03, JAVI,  48, 151S, 1626E,  22,    0,   ,  34, NEQ,    0,    0,    0,    0, 
SH, 94, 2015040906, 03, JAVI,  60, 166S, 1634E,  26,    0,   ,  34, NEQ,    0,    0,    0,    0, 
SH, 94, 2015040906, 03, JAVI,  72, 177S, 1646E,  30,    0,   ,  34, NEQ,    0,    0,    0,    0, 
SH, 94, 2015040906, 03, JAVI,  84, 185S, 1665E,  35,    0,   ,  34, NEQ,    0,    0,    0,    0, 
SH, 94, 2015040906, 03, JAVI,  96, 189S, 1681E,  47,    0,   ,  34, NEQ,    0,    0,    0,    0, 
SH, 94, 2015040906, 03, JAVI, 108, 182S, 1667E,  59,    0,   ,  34, NEQ,    0,    0,    0,    0, 
SH, 94, 2015040906, 03, JAVI, 120, 175S, 1653E,  71,    0,   ,  34, NEQ,    0,    0,    0,    0, 
SH, 94, 2015040906, 03, JNVI,   0, 105S, 1632E,  15,    0,   ,  34, NEQ,    0,    0,    0,    0, 
SH, 94, 2015040906, 03, JNVI,  12, 120S, 1611E,  17,    0,   ,  34, NEQ,    0,    0,    0,    0, 
SH, 94, 2015040906, 03, JNVI,  24, 142S, 1610E,  20,    0,   ,  34, NEQ,    0,    0,    0,    0, 
SH, 94, 2015040906, 03, JNVI,  36, 161S, 1611E,  25,    0,   ,  34, NEQ,    0,    0,    0,    0, 
SH, 94, 2015040906, 03, JNVI,  48, 173S, 1608E,  27,    0,   ,  34, NEQ,    0,    0,    0,    0, 
SH, 94, 2015040906, 03, JNVI,  60, 170S, 1619E,  30,    0,   ,  34, NEQ,    0,    0,    0,    0, 
SH, 94, 2015040906, 03, JNVI,  72, 172S, 1639E,  32,    0,   ,  34, NEQ,    0,    0,    0,    0, 
SH, 94, 2015040906, 03, JNVI,  84, 192S, 1661E,  35,    0,   ,  34, NEQ,    0,    0,    0,    0, 
SH, 94, 2015040906, 03, JNVI,  96, 211S, 1689E,  37,    0,   ,  34, NEQ,    0,    0,    0,    0, 
SH, 94, 2015040906, 03, JNVI, 108, 229S, 1724E,  34,    0,   ,  34, NEQ,    0,    0,    0,    0, 
SH, 94, 2015040906, 03, JNVI, 120, 246S, 1759E,  32,    0,   ,  34, NEQ,    0,    0,    0,    0, 
SH, 94, 2015040906, 03, LGEW,   0, 106S, 1632E,  15,    0, TD,   0,    ,    0,    0,    0,    0, 
SH, 94, 2015040906, 03, LGEW,  12, 115S, 1629E,  16,    0, TD,   0,    ,    0,    0,    0,    0, 
SH, 94, 2015040906, 03, LGEW,  24, 115S, 1616E,  18,    0, TD,   0,    ,    0,    0,    0,    0, 
SH, 94, 2015040906, 03, LGEW,  36, 122S, 1612E,  21,    0, TD,   0,    ,    0,    0,    0,    0, 
SH, 94, 2015040906, 03, LGEW,  48, 141S, 1613E,  24,    0, TD,   0,    ,    0,    0,    0,    0, 
SH, 94, 2015040906, 03, LGEW,  60, 166S, 1617E,  25,    0, TD,   0,    ,    0,    0,    0,    0, 
SH, 94, 2015040906, 03, LGEW,  72, 192S, 1622E,  25,    0, TD,   0,    ,    0,    0,    0,    0, 
SH, 94, 2015040906, 03, RECR,  12, 118S, 1627E,   0,    0,   ,   0,    ,    0,    0,    0,    0, 
SH, 94, 2015040906, 03, RECR,  24, 130S, 1623E,   0,    0,   ,   0,    ,    0,    0,    0,    0, 
SH, 94, 2015040906, 03, RECR,  36, 139S, 1623E,   0,    0,   ,   0,    ,    0,    0,    0,    0, 
SH, 94, 2015040906, 03, RECR,  48, 148S, 1622E,   0,    0,   ,   0,    ,    0,    0,    0,    0, 
SH, 94, 2015040906, 03, RECR,  72, 167S, 1620E,   0,    0,   ,   0,    ,    0,    0,    0,    0, 
SH, 94, 2015040906, 03, S5XX,   0,   0N,    0W,  15,    0,   ,   0,    ,    0,    0,    0,    0, 
SH, 94, 2015040906, 03, S5XX,  12,   0N,    0W,  16,    0,   ,   0,    ,    0,    0,    0,    0, 
SH, 94, 2015040906, 03, S5XX,  24,   0N,    0W,  19,    0,   ,   0,    ,    0,    0,    0,    0, 
SH, 94, 2015040906, 03, S5XX,  36,   0N,    0W,  23,    0,   ,   0,    ,    0,    0,    0,    0, 
SH, 94, 2015040906, 03, S5XX,  48,   0N,    0W,  28,    0,   ,   0,    ,    0,    0,    0,    0, 
SH, 94, 2015040906, 03, S5XX,  60,   0N,    0W,  34,    0,   ,   0,    ,    0,    0,    0,    0, 
SH, 94, 2015040906, 03, S5XX,  72,   0N,    0W,  33,    0,   ,   0,    ,    0,    0,    0,    0, 
SH, 94, 2015040906, 03, SHIW,   0, 106S, 1632E,  15,    0, TD,   0,    ,    0,    0,    0,    0, 
SH, 94, 2015040906, 03, SHIW,  12, 115S, 1629E,  20,    0, TD,   0,    ,    0,    0,    0,    0, 
SH, 94, 2015040906, 03, SHIW,  24, 115S, 1616E,  27,    0, TD,   0,    ,    0,    0,    0,    0, 
SH, 94, 2015040906, 03, SHIW,  36, 122S, 1612E,  35,    0, TS,   0,    ,    0,    0,    0,    0, 
SH, 94, 2015040906, 03, SHIW,  48, 141S, 1613E,  42,    0, TS,   0,    ,    0,    0,    0,    0, 
SH, 94, 2015040906, 03, SHIW,  60, 166S, 1617E,  47,    0, TS,   0,    ,    0,    0,    0,    0, 
SH, 94, 2015040906, 03, SHIW,  72, 192S, 1622E,  50,    0, TS,   0,    ,    0,    0,    0,    0, 
SH, 94, 2015040906, 03, SHIW,  84,   0N,    0E,  52,    0,   ,   0,    ,    0,    0,    0,    0, 
SH, 94, 2015040906, 03, SHIW,  96,   0N,    0E,  52,    0,   ,   0,    ,    0,    0,    0,    0, 
SH, 94, 2015040906, 03, SHIW, 108,   0N,    0E,  51,    0,   ,   0,    ,    0,    0,    0,    0, 
SH, 94, 2015040906, 03, SHIW, 120,   0N,    0E,  49,    0,   ,   0,    ,    0,    0,    0,    0, 
SH, 94, 2015040906, 03, ST5D,  12,   0N,    0E,  18,    0,   ,   0,    ,    0,    0,    0,    0, 
SH, 94, 2015040906, 03, ST5D,  24,   0N,    0E,  25,    0,   ,   0,    ,    0,    0,    0,    0, 
SH, 94, 2015040906, 03, ST5D,  36,   0N,    0E,  32,    0,   ,   0,    ,    0,    0,    0,    0, 
SH, 94, 2015040906, 03, ST5D,  48,   0N,    0E,  37,    0,   ,   0,    ,    0,    0,    0,    0, 
SH, 94, 2015040906, 03, ST5D,  60,   0N,    0E,  41,    0,   ,   0,    ,    0,    0,    0,    0, 
SH, 94, 2015040906, 03, ST5D,  72,   0N,    0E,  47,    0,   ,   0,    ,    0,    0,    0,    0, 
SH, 94, 2015040906, 03, ST5D,  84,   0N,    0E,  51,    0,   ,   0,    ,    0,    0,    0,    0, 
SH, 94, 2015040906, 03, ST5D,  96,   0N,    0E,  54,    0,   ,   0,    ,    0,    0,    0,    0, 
SH, 94, 2015040906, 03, ST5D, 108,   0N,    0E,  54,    0,   ,   0,    ,    0,    0,    0,    0, 
SH, 94, 2015040906, 03, ST5D, 120,   0N,    0E,  54,    0,   ,   0,    ,    0,    0,    0,    0, 
SH, 94, 2015040906, 03, TMMN,   0, 110S, 1627E,  26,    0,   ,   0,    ,    0,    0,    0,    0, 
SH, 94, 2015040906, 03, TMMN,   6, 122S, 1627E,  27,    0,   ,   0,    ,    0,    0,    0,    0, 
SH, 94, 2015040906, 03, TMMN,  12, 128S, 1620E,  28,    0,   ,   0,    ,    0,    0,    0,    0, 
SH, 94, 2015040906, 03, TMMN,  18, 136S, 1611E,  30,    0,   ,   0,    ,    0,    0,    0,    0, 
SH, 94, 2015040906, 03, TMMN,  24, 142S, 1605E,  29,    0,   ,   0,    ,    0,    0,    0,    0, 
SH, 94, 2015040906, 03, TMMN,  30, 150S, 1602E,  34,    0,   ,   0,    ,    0,    0,    0,    0, 
SH, 94, 2015040906, 03, TMMN,  36, 154S, 1595E,  35,    0,   ,   0,    ,    0,    0,    0,    0, 
SH, 94, 2015040906, 03, TMMN,  42, 160S, 1592E,  40,    0,   ,   0,    ,    0,    0,    0,    0, 
SH, 94, 2015040906, 03, TMMN,  48, 166S, 1594E,  41,    0,   ,   0,    ,    0,    0,    0,    0, 
SH, 94, 2015040906, 03, TMMN,  54, 168S, 1595E,  42,    0,   ,   0,    ,    0,    0,    0,    0, 
SH, 94, 2015040906, 03, TMMN,  60, 167S, 1594E,  41,    0,   ,   0,    ,    0,    0,    0,    0, 
SH, 94, 2015040906, 03, TMMN,  66, 168S, 1597E,  42,    0,   ,   0,    ,    0,    0,    0,    0, 
SH, 94, 2015040906, 03, TMMN,  72, 167S, 1600E,  40,    0,   ,   0,    ,    0,    0,    0,    0, 
SH, 94, 2015040906, 03, TMMN,  78, 166S, 1608E,  43,    0,   ,   0,    ,    0,    0,    0,    0, 
SH, 94, 2015040906, 03, TMMN,  84, 168S, 1617E,  44,    0,   ,   0,    ,    0,    0,    0,    0, 
SH, 94, 2015040906, 03, TMMN,  90, 174S, 1628E,  41,    0,   ,   0,    ,    0,    0,    0,    0, 
SH, 94, 2015040906, 03, TMMN,  96, 179S, 1635E,  39,    0,   ,   0,    ,    0,    0,    0,    0, 
SH, 94, 2015040906, 03, TMMN, 102, 182S, 1642E,  38,    0,   ,   0,    ,    0,    0,    0,    0, 
SH, 94, 2015040906, 03, TMMN, 108, 183S, 1649E,  39,    0,   ,   0,    ,    0,    0,    0,    0, 
SH, 94, 2015040906, 03, TMMN, 114, 183S, 1654E,  40,    0,   ,   0,    ,    0,    0,    0,    0, 
SH, 94, 2015040906, 03, TMMN, 120, 186S, 1660E,  40,    0,   ,   0,    ,    0,    0,    0,    0, 
SH, 94, 2015040906, 03, TMMN, 126, 186S, 1662E,  43,    0,   ,   0,    ,    0,    0,    0,    0, 
SH, 94, 2015040906, 03, TMMN, 132, 187S, 1667E,  43,    0,   ,   0,    ,    0,    0,    0,    0, 
SH, 94, 2015040906, 03, TMMN, 138, 189S, 1672E,  38,    0,   ,   0,    ,    0,    0,    0,    0, 
SH, 94, 2015040906, 03, TMMN, 144, 189S, 1673E,  39,    0,   ,   0,    ,    0,    0,    0,    0, 
SH, 94, 2015040906, 03, WBAI,   0, 105S, 1632E,   0,    0,   ,  34, NEQ,    0,    0,    0,    0, 
SH, 94, 2015040906, 03, WBAI,  12, 115S, 1629E,   0,    0,   ,  34, NEQ,    0,    0,    0,    0, 
SH, 94, 2015040906, 03, WBAI,  24, 115S, 1616E,   0,    0,   ,  34, NEQ,    0,    0,    0,    0, 
SH, 94, 2015040906, 03, WBAI,  36, 122S, 1612E,   0,    0,   ,  34, NEQ,    0,    0,    0,    0, 
SH, 94, 2015040906, 03, WBAI,  48, 141S, 1613E,   0,    0,   ,  34, NEQ,    0,    0,    0,    0, 
SH, 94, 2015040906, 03, WBAI,  60, 166S, 1617E,   0,    0,   ,  34, NEQ,    0,    0,    0,    0, 
SH, 94, 2015040906, 03, WBAI,  72, 192S, 1622E,   0,    0,   ,  34, NEQ,    0,    0,    0,    0, 
SH, 94, 2015040906, 03, WBAR,   0, 106S, 1632E,   0,    0,   ,   0,    ,    0,    0,    0,    0, 
SH, 94, 2015040906, 03, WBAR,   6, 105S, 1614E,   0,    0,   ,   0,    ,    0,    0,    0,    0, 
SH, 94, 2015040906, 03, WBAR,  12, 110S, 1615E,   0,    0,   ,   0,    ,    0,    0,    0,    0, 
SH, 94, 2015040906, 03, WBAR,  18, 114S, 1616E,   0,    0,   ,   0,    ,    0,    0,    0,    0, 
SH, 94, 2015040906, 03, WBAR,  24, 119S, 1618E,   0,    0,   ,   0,    ,    0,    0,    0,    0, 
SH, 94, 2015040906, 03, WBAR,  30, 125S, 1618E,   0,    0,   ,   0,    ,    0,    0,    0,    0, 
SH, 94, 2015040906, 03, WBAR,  36, 133S, 1618E,   0,    0,   ,   0,    ,    0,    0,    0,    0, 
SH, 94, 2015040906, 03, WBAR,  42, 143S, 1618E,   0,    0,   ,   0,    ,    0,    0,    0,    0, 
SH, 94, 2015040906, 03, WBAR,  48, 153S, 1618E,   0,    0,   ,   0,    ,    0,    0,    0,    0, 
SH, 94, 2015040906, 03, WBAR,  54, 165S, 1621E,   0,    0,   ,   0,    ,    0,    0,    0,    0, 
SH, 94, 2015040906, 03, WBAR,  60, 177S, 1626E,   0,    0,   ,   0,    ,    0,    0,    0,    0, 
SH, 94, 2015040906, 03, WBAR,  66, 190S, 1634E,   0,    0,   ,   0,    ,    0,    0,    0,    0, 
SH, 94, 2015040906, 03, WBAR,  72, 204S, 1645E,   0,    0,   ,   0,    ,    0,    0,    0,    0, 
SH, 94, 2015040906, 03, WBS5,  12, 115S, 1629E,  16,    0,   ,   0,    ,    0,    0,    0,    0, 
SH, 94, 2015040906, 03, WBS5,  24, 115S, 1616E,  19,    0,   ,   0,    ,    0,    0,    0,    0, 
SH, 94, 2015040906, 03, WBS5,  36, 122S, 1612E,  23,    0,   ,   0,    ,    0,    0,    0,    0, 
SH, 94, 2015040906, 03, WBS5,  48, 141S, 1613E,  30,    0,   ,   0,    ,    0,    0,    0,    0, 
SH, 94, 2015040906, 03, WBS5,  60, 166S, 1617E,  37,    0,   ,   0,    ,    0,    0,    0,    0, 
SH, 94, 2015040906, 03, WBS5,  72, 192S, 1622E,  37,    0,   ,   0,    ,    0,    0,    0,    0, 
SH, 94, 2015040906, 03, XTRP,  12, 117S, 1623E,  15,    0,   ,   0,    ,    0,    0,    0,    0, 
SH, 94, 2015040906, 03, XTRP,  24, 130S, 1614E,  15,    0,   ,   0,    ,    0,    0,    0,    0, 
SH, 94, 2015040906, 03, XTRP,  36, 143S, 1605E,  15,    0,   ,   0,    ,    0,    0,    0,    0, 
SH, 94, 2015040906, 03, XTRP,  48, 156S, 1596E,  15,    0,   ,   0,    ,    0,    0,    0,    0, 
SH, 94, 2015040906, 03, XTRP,  60, 169S, 1587E,  15,    0,   ,   0,    ,    0,    0,    0,    0, 
SH, 94, 2015040906, 03, XTRP,  72, 182S, 1577E,  15,    0,   ,   0,    ,    0,    0,    0,    0, 
SH, 94, 2015040906, 03, XTRP,  84, 195S, 1568E,  15,    0,   ,   0,    ,    0,    0,    0,    0, 
SH, 94, 2015040906, 03, XTRP,  96, 208S, 1559E,  15,    0,   ,   0,    ,    0,    0,    0,    0, 
SH, 94, 2015040906, 03, XTRP, 108, 221S, 1549E,  15,    0,   ,   0,    ,    0,    0,    0,    0, 
SH, 94, 2015040906, 03, XTRP, 120, 234S, 1540E,  15,    0,   ,   0,    ,    0,    0,    0,    0, 
SH, 94, 2015040906, 71, JNVG,   0, 115S, 1619E,  15,    0,   ,  34, NEQ,    0,    0,    0,    0, 
SH, 94, 2015040906, 71, JNVG,  12, 134S, 1617E,  15,    0,   ,  34, NEQ,    0,    0,    0,    0, 
SH, 94, 2015040906, 71, JNVG,  24, 151S, 1605E,  25,    0,   ,  34, NEQ,    0,    0,    0,    0, 
SH, 94, 2015040906, 71, JNVG,  36, 155S, 1577E,  30,    0,   ,  34, NEQ,    0,    0,    0,    0, 
SH, 94, 2015040906, 71, JNVG,  48, 133S, 1575E,  35,    0,   ,  34, NEQ,    0,    0,    0,    0, 
SH, 94, 2015040906, 71, JNVG,  60, 156S, 1594E,  35,    0,   ,  34, NEQ,    0,    0,    0,    0, 
SH, 94, 2015040906, 71, JNVG,  72, 175S, 1613E,  45,    0,   ,  34, NEQ,    0,    0,    0,    0, 
SH, 94, 2015040906, 71, JNVG,  84, 196S, 1626E,  45,    0,   ,  34, NEQ,    0,    0,    0,    0, 
SH, 94, 2015040906, 71, JNVG,  96, 216S, 1654E,  40,    0,   ,  34, NEQ,    0,    0,    0,    0, 
SH, 94, 2015040906, 71, JNVG, 108, 235S, 1682E,  40,    0,   ,  34, NEQ,    0,    0,    0,    0, 
SH, 94, 2015040906, 71, JNVG, 120, 244S, 1716E,  45,    0,   ,  34, NEQ,    0,    0,    0,    0, 
SH, 94, 2015040906, 72, JAVN,   0, 118S, 1626E,  15,    0,   ,  34, NEQ,    0,    0,    0,    0, 
SH, 94, 2015040906, 72, JAVN,  12, 125S, 1605E,  15,    0,   ,  34, NEQ,    0,    0,    0,    0, 
SH, 94, 2015040906, 72, JAVN,  24, 135S, 1595E,  20,    0,   ,  34, NEQ,    0,    0,    0,    0, 
SH, 94, 2015040906, 72, JAVN,  36, 138S, 1584E,  20,    0,   ,  34, NEQ,    0,    0,    0,    0, 
SH, 94, 2015040906, 72, JAVN,  48, 128S, 1544E,  25,    0,   ,  34, NEQ,    0,    0,    0,    0, 
SH, 94, 2015040906, 72, JAVN,  60, 135S, 1560E,  20,    0,   ,  34, NEQ,    0,    0,    0,    0, 
SH, 94, 2015040906, 72, JAVN,  72, 144S, 1578E,  20,    0,   ,  34, NEQ,    0,    0,    0,    0, 
SH, 94, 2015040906, 72, JAVN,  84, 173S, 1595E,  20,    0,   ,  34, NEQ,    0,    0,    0,    0, 
SH, 94, 2015040906, 72, JAVN,  96, 185S, 1626E,  20,    0,   ,  34, NEQ,    0,    0,    0,    0, 
SH, 94, 2015040906, 72, JAVN, 108, 197S, 1654E,  25,    0,   ,  34, NEQ,    0,    0,    0,    0, 
SH, 94, 2015040906, 72, JAVN, 120, 195S, 1669E,  25,    0,   ,  34, NEQ,    0,    0,    0,    0, 
SH, 94, 2015040912, 01, CARQ, -24, 104S, 1634E,  15,    0,   ,   0,    ,    0,    0,    0,    0, 
SH, 94, 2015040912, 01, CARQ, -18, 108S, 1631E,  15,    0,   ,   0,    ,    0,    0,    0,    0, 
SH, 94, 2015040912, 01, CARQ, -12, 114S, 1628E,  15,    0,   ,   0,    ,    0,    0,    0,    0, 
SH, 94, 2015040912, 01, CARQ,  -6, 120S, 1625E,  15,    0,   ,   0,    ,    0,    0,    0,    0, 
SH, 94, 2015040912, 01, CARQ,   0, 126S, 1617E,  15,    0,   ,   0,    ,    0,    0,    0,    0, 
SH, 94, 2015040912, 03, CLIM,  12, 135S, 1626E,   0,    0,   ,   0,    ,    0,    0,    0,    0, 
SH, 94, 2015040912, 03, CLIM,  24, 148S, 1634E,   0,    0,   ,   0,    ,    0,    0,    0,    0, 
SH, 94, 2015040912, 03, CLIM,  36, 162S, 1638E,   0,    0,   ,   0,    ,    0,    0,    0,    0, 
SH, 94, 2015040912, 03, CLIM,  48, 178S, 1645E,   0,    0,   ,   0,    ,    0,    0,    0,    0, 
SH, 94, 2015040912, 03, CLIM,  72, 208S, 1657E,   0,    0,   ,   0,    ,    0,    0,    0,    0, 
SH, 94, 2015040912, 03, CLIP,  12, 138S, 1643E,   0,    0,   ,   0,    ,    0,    0,    0,    0, 
SH, 94, 2015040912, 03, CLIP,  24, 149S, 1649E,   0,    0,   ,   0,    ,    0,    0,    0,    0, 
SH, 94, 2015040912, 03, CLIP,  36, 164S, 1651E,   0,    0,   ,   0,    ,    0,    0,    0,    0, 
SH, 94, 2015040912, 03, CLIP,  48, 178S, 1659E,   0,    0,   ,   0,    ,    0,    0,    0,    0, 
SH, 94, 2015040912, 03, CLIP,  72, 206S, 1672E,   0,    0,   ,   0,    ,    0,    0,    0,    0, 
SH, 94, 2015040912, 03, CLSW,  12, 136S, 1607E,   0,    0,   ,   0,    ,    0,    0,    0,    0, 
SH, 94, 2015040912, 03, CLSW,  24, 145S, 1599E,   0,    0,   ,   0,    ,    0,    0,    0,    0, 
SH, 94, 2015040912, 03, CLSW,  36, 155S, 1593E,   0,    0,   ,   0,    ,    0,    0,    0,    0, 
SH, 94, 2015040912, 03, CLSW,  48, 162S, 1592E,   0,    0,   ,   0,    ,    0,    0,    0,    0, 
SH, 94, 2015040912, 03, CLSW,  72, 183S, 1595E,   0,    0,   ,   0,    ,    0,    0,    0,    0, 
SH, 94, 2015040912, 03, CONW,   0, 126S, 1617E,  15,    0,   ,   0,    ,    0,    0,    0,    0, 
SH, 94, 2015040912, 03, CONW,  12, 132S, 1606E,  18,    0,   ,   0,    ,    0,    0,    0,    0, 
SH, 94, 2015040912, 03, CONW,  24, 139S, 1599E,  19,    0,   ,   0,    ,    0,    0,    0,    0, 
SH, 94, 2015040912, 03, CONW,  36, 142S, 1588E,  20,    0,   ,   0,    ,    0,    0,    0,    0, 
SH, 94, 2015040912, 03, CONW,  48, 146S, 1581E,  21,    0,   ,   0,    ,    0,    0,    0,    0, 
SH, 94, 2015040912, 03, CONW,  60, 154S, 1589E,  21,    0,   ,   0,    ,    0,    0,    0,    0, 
SH, 94, 2015040912, 03, CONW,  72, 165S, 1598E,  22,    0,   ,   0,    ,    0,    0,    0,    0, 
SH, 94, 2015040912, 03, CONW,  84, 177S, 1611E,  23,    0,   ,   0,    ,    0,    0,    0,    0, 
SH, 94, 2015040912, 03, CONW,  96, 185S, 1625E,  24,    0,   ,   0,    ,    0,    0,    0,    0, 
SH, 94, 2015040912, 03, CONW, 108, 189S, 1636E,  27,    0,   ,   0,    ,    0,    0,    0,    0, 
SH, 94, 2015040912, 03, CONW, 120, 193S, 1647E,  26,    0,   ,   0,    ,    0,    0,    0,    0, 
SH, 94, 2015040912, 03, HPAC,  12, 137S, 1616E,   0,    0,   ,   0,    ,    0,    0,    0,    0, 
SH, 94, 2015040912, 03, HPAC,  24, 149S, 1614E,   0,    0,   ,   0,    ,    0,    0,    0,    0, 
SH, 94, 2015040912, 03, HPAC,  36, 162S, 1611E,   0,    0,   ,   0,    ,    0,    0,    0,    0, 
SH, 94, 2015040912, 03, HPAC,  48, 176S, 1608E,   0,    0,   ,   0,    ,    0,    0,    0,    0, 
SH, 94, 2015040912, 03, HPAC,  72, 203S, 1603E,   0,    0,   ,   0,    ,    0,    0,    0,    0, 
SH, 94, 2015040912, 03, JAS1,  12, 133S, 1601E,  17,    0,   ,   0,    ,    0,    0,    0,    0, 
SH, 94, 2015040912, 03, JAS1,  24, 139S, 1589E,  23,    0,   ,   0,    ,    0,    0,    0,    0, 
SH, 94, 2015040912, 03, JAS1,  36, 137S, 1566E,  33,    0,   ,   0,    ,    0,    0,    0,    0, 
SH, 94, 2015040912, 03, JAS1,  48, 136S, 1556E,  43,    0,   ,   0,    ,    0,    0,    0,    0, 
SH, 94, 2015040912, 03, JAS1,  60, 144S, 1570E,  54,    0,   ,   0,    ,    0,    0,    0,    0, 
SH, 94, 2015040912, 03, JAS1,  72, 162S, 1588E,  61,    0,   ,   0,    ,    0,    0,    0,    0, 
SH, 94, 2015040912, 03, JAS1,  84, 181S, 1612E,  64,    0,   ,   0,    ,    0,    0,    0,    0, 
SH, 94, 2015040912, 03, JAS1,  96, 194S, 1640E,  64,    0,   ,   0,    ,    0,    0,    0,    0, 
SH, 94, 2015040912, 03, JAS1, 108, 199S, 1662E,  61,    0,   ,   0,    ,    0,    0,    0,    0, 
SH, 94, 2015040912, 03, JAS1, 120, 204S, 1683E,  55,    0,   ,   0,    ,    0,    0,    0,    0, 
SH, 94, 2015040912, 03, JAS5,  12, 133S, 1601E,  18,    0,   ,   0,    ,    0,    0,    0,    0, 
SH, 94, 2015040912, 03, JAS5,  24, 139S, 1589E,  24,    0,   ,   0,    ,    0,    0,    0,    0, 
SH, 94, 2015040912, 03, JAS5,  36, 137S, 1566E,  32,    0,   ,   0,    ,    0,    0,    0,    0, 
SH, 94, 2015040912, 03, JAS5,  48, 136S, 1556E,  41,    0,   ,   0,    ,    0,    0,    0,    0, 
SH, 94, 2015040912, 03, JAS5,  60, 144S, 1570E,  50,    0,   ,   0,    ,    0,    0,    0,    0, 
SH, 94, 2015040912, 03, JAS5,  72, 162S, 1588E,  54,    0,   ,   0,    ,    0,    0,    0,    0, 
SH, 94, 2015040912, 03, JAS5,  84, 181S, 1612E,  54,    0,   ,   0,    ,    0,    0,    0,    0, 
SH, 94, 2015040912, 03, JAS5,  96, 194S, 1640E,  52,    0,   ,   0,    ,    0,    0,    0,    0, 
SH, 94, 2015040912, 03, JAS5, 108, 199S, 1662E,  46,    0,   ,   0,    ,    0,    0,    0,    0, 
SH, 94, 2015040912, 03, JAS5, 120, 204S, 1683E,  38,    0,   ,   0,    ,    0,    0,    0,    0, 
SH, 94, 2015040912, 03, JAVI,   0, 125S, 1617E,  15,    0,   ,  34, NEQ,    0,    0,    0,    0, 
SH, 94, 2015040912, 03, JAVI,  12, 133S, 1601E,  17,    0,   ,  34, NEQ,    0,    0,    0,    0, 
SH, 94, 2015040912, 03, JAVI,  24, 139S, 1589E,  19,    0,   ,  34, NEQ,    0,    0,    0,    0, 
SH, 94, 2015040912, 03, JAVI,  36, 137S, 1566E,  21,    0,   ,  34, NEQ,    0,    0,    0,    0, 
SH, 94, 2015040912, 03, JAVI,  48, 136S, 1556E,  21,    0,   ,  34, NEQ,    0,    0,    0,    0, 
SH, 94, 2015040912, 03, JAVI,  60, 144S, 1570E,  20,    0,   ,  34, NEQ,    0,    0,    0,    0, 
SH, 94, 2015040912, 03, JAVI,  72, 162S, 1588E,  19,    0,   ,  34, NEQ,    0,    0,    0,    0, 
SH, 94, 2015040912, 03, JAVI,  84, 181S, 1612E,  20,    0,   ,  34, NEQ,    0,    0,    0,    0, 
SH, 94, 2015040912, 03, JAVI,  96, 194S, 1640E,  22,    0,   ,  34, NEQ,    0,    0,    0,    0, 
SH, 94, 2015040912, 03, JAVI, 108, 199S, 1662E,  24,    0,   ,  34, NEQ,    0,    0,    0,    0, 
SH, 94, 2015040912, 03, JAVI, 120, 204S, 1683E,  26,    0,   ,  34, NEQ,    0,    0,    0,    0, 
SH, 94, 2015040912, 03, JJG2,   0, 125S, 1617E,  15,    0,   ,  34, NEQ,    0,    0,    0,    0, 
SH, 94, 2015040912, 03, JNVI,   0, 125S, 1617E,  15,    0,   ,  34, NEQ,    0,    0,    0,    0, 
SH, 94, 2015040912, 03, JNVI,  12, 142S, 1609E,  19,    0,   ,  34, NEQ,    0,    0,    0,    0, 
SH, 94, 2015040912, 03, JNVI,  24, 152S, 1591E,  26,    0,   ,  34, NEQ,    0,    0,    0,    0, 
SH, 94, 2015040912, 03, JNVI,  36, 146S, 1578E,  31,    0,   ,  34, NEQ,    0,    0,    0,    0, 
SH, 94, 2015040912, 03, JNVI,  48, 147S, 1585E,  34,    0,   ,  34, NEQ,    0,    0,    0,    0, 
SH, 94, 2015040912, 03, JNVI,  60, 166S, 1603E,  39,    0,   ,  34, NEQ,    0,    0,    0,    0, 
SH, 94, 2015040912, 03, JNVI,  72, 186S, 1620E,  43,    0,   ,  34, NEQ,    0,    0,    0,    0, 
SH, 94, 2015040912, 03, JNVI,  84, 207S, 1640E,  41,    0,   ,  34, NEQ,    0,    0,    0,    0, 
SH, 94, 2015040912, 03, JNVI,  96, 226S, 1668E,  40,    0,   ,  34, NEQ,    0,    0,    0,    0, 
SH, 94, 2015040912, 03, JNVI, 108, 240S, 1699E,  42,    0,   ,  34, NEQ,    0,    0,    0,    0, 
SH, 94, 2015040912, 03, JNVI, 120, 254S, 1730E,  44,    0,   ,  34, NEQ,    0,    0,    0,    0, 
SH, 94, 2015040912, 03, JUK2,   0, 125S, 1617E,  15,    0,   ,  34, NEQ,    0,    0,    0,    0, 
SH, 94, 2015040912, 03, JUK2,  12, 129S, 1611E,  17,    0,   ,  34, NEQ,    0,    0,    0,    0, 
SH, 94, 2015040912, 03, JUK2,  24, 137S, 1610E,  18,    0,   ,  34, NEQ,    0,    0,    0,    0, 
SH, 94, 2015040912, 03, JUK2,  36, 145S, 1609E,  18,    0,   ,  34, NEQ,    0,    0,    0,    0, 
SH, 94, 2015040912, 03, JUK2,  48, 155S, 1607E,  20,    0,   ,  34, NEQ,    0,    0,    0,    0, 
SH, 94, 2015040912, 03, JUK2,  60, 163S, 1607E,  22,    0,   ,  34, NEQ,    0,    0,    0,    0, 
SH, 94, 2015040912, 03, JUK2,  72, 166S, 1609E,  24,    0,   ,  34, NEQ,    0,    0,    0,    0, 
SH, 94, 2015040912, 03, JUK2,  84, 171S, 1610E,  26,    0,   ,  34, NEQ,    0,    0,    0,    0, 
SH, 94, 2015040912, 03, JUK2,  96, 175S, 1610E,  26,    0,   ,  34, NEQ,    0,    0,    0,    0, 
SH, 94, 2015040912, 03, JUK2, 108, 178S, 1610E,  28,    0,   ,  34, NEQ,    0,    0,    0,    0, 
SH, 94, 2015040912, 03, JUK2, 120, 181S, 1611E,  26,    0,   ,  34, NEQ,    0,    0,    0,    0, 
SH, 94, 2015040912, 03, RECR,  12, 140S, 1612E,   0,    0,   ,   0,    ,    0,    0,    0,    0, 
SH, 94, 2015040912, 03, RECR,  24, 148S, 1613E,   0,    0,   ,   0,    ,    0,    0,    0,    0, 
SH, 94, 2015040912, 03, RECR,  36, 156S, 1614E,   0,    0,   ,   0,    ,    0,    0,    0,    0, 
SH, 94, 2015040912, 03, RECR,  48, 164S, 1616E,   0,    0,   ,   0,    ,    0,    0,    0,    0, 
SH, 94, 2015040912, 03, RECR,  72, 186S, 1612E,   0,    0,   ,   0,    ,    0,    0,    0,    0, 
SH, 94, 2015040912, 03, S5XX,   0,   0N,    0W,  15,    0,   ,   0,    ,    0,    0,    0,    0, 
SH, 94, 2015040912, 03, S5XX,  12,   0N,    0W,  18,    0,   ,   0,    ,    0,    0,    0,    0, 
SH, 94, 2015040912, 03, S5XX,  24,   0N,    0W,  24,    0,   ,   0,    ,    0,    0,    0,    0, 
SH, 94, 2015040912, 03, S5XX,  36,   0N,    0W,  31,    0,   ,   0,    ,    0,    0,    0,    0, 
SH, 94, 2015040912, 03, S5XX,  48,   0N,    0W,  39,    0,   ,   0,    ,    0,    0,    0,    0, 
SH, 94, 2015040912, 03, S5XX,  60,   0N,    0W,  45,    0,   ,   0,    ,    0,    0,    0,    0, 
SH, 94, 2015040912, 03, S5XX,  72,   0N,    0W,  43,    0,   ,   0,    ,    0,    0,    0,    0, 
SH, 94, 2015040912, 03, ST5D,  12,   0N,    0E,  18,    0,   ,   0,    ,    0,    0,    0,    0, 
SH, 94, 2015040912, 03, ST5D,  24,   0N,    0E,  25,    0,   ,   0,    ,    0,    0,    0,    0, 
SH, 94, 2015040912, 03, ST5D,  36,   0N,    0E,  31,    0,   ,   0,    ,    0,    0,    0,    0, 
SH, 94, 2015040912, 03, ST5D,  48,   0N,    0E,  36,    0,   ,   0,    ,    0,    0,    0,    0, 
SH, 94, 2015040912, 03, ST5D,  60,   0N,    0E,  40,    0,   ,   0,    ,    0,    0,    0,    0, 
SH, 94, 2015040912, 03, ST5D,  72,   0N,    0E,  45,    0,   ,   0,    ,    0,    0,    0,    0, 
SH, 94, 2015040912, 03, ST5D,  84,   0N,    0E,  49,    0,   ,   0,    ,    0,    0,    0,    0, 
SH, 94, 2015040912, 03, ST5D,  96,   0N,    0E,  52,    0,   ,   0,    ,    0,    0,    0,    0, 
SH, 94, 2015040912, 03, ST5D, 108,   0N,    0E,  52,    0,   ,   0,    ,    0,    0,    0,    0, 
SH, 94, 2015040912, 03, ST5D, 120,   0N,    0E,  52,    0,   ,   0,    ,    0,    0,    0,    0, 
SH, 94, 2015040912, 03, TMMI,   0, 125S, 1617E,  15,    0,   ,  34, NEQ,    0,    0,    0,    0, 
SH, 94, 2015040912, 03, TMMI,  12, 141S, 1605E,  17,    0,   ,  34, NEQ,    0,    0,    0,    0, 
SH, 94, 2015040912, 03, TMMI,  24, 154S, 1594E,  21,    0,   ,  34, NEQ,    0,    0,    0,    0, 
SH, 94, 2015040912, 03, TMMI,  36, 165S, 1588E,  26,    0,   ,  34, NEQ,    0,    0,    0,    0, 
SH, 94, 2015040912, 03, TMMI,  48, 172S, 1588E,  29,    0,   ,  34, NEQ,    0,    0,    0,    0, 
SH, 94, 2015040912, 03, TMMI,  60, 173S, 1591E,  29,    0,   ,  34, NEQ,    0,    0,    0,    0, 
SH, 94, 2015040912, 03, TMMI,  72, 173S, 1602E,  30,    0,   ,  34, NEQ,    0,    0,    0,    0, 
SH, 94, 2015040912, 03, TMMI,  84, 179S, 1620E,  29,    0,   ,  34, NEQ,    0,    0,    0,    0, 
SH, 94, 2015040912, 03, TMMI,  96, 186S, 1635E,  26,    0,   ,  34, NEQ,    0,    0,    0,    0, 
SH, 94, 2015040912, 03, TMMI, 108, 189S, 1647E,  27,    0,   ,  34, NEQ,    0,    0,    0,    0, 
SH, 94, 2015040912, 03, TMMI, 120, 192S, 1656E,  29,    0,   ,  34, NEQ,    0,    0,    0,    0, 
SH, 94, 2015040912, 03, TMMI, 132, 194S, 1663E,  27,    0,   ,  34, NEQ,    0,    0,    0,    0, 
SH, 94, 2015040912, 03, TMMI, 144, 196S, 1671E,  26,    0,   ,  34, NEQ,    0,    0,    0,    0, 
SH, 94, 2015040912, 03, WANI,   0, 126S, 1617E,  15,    0,   ,   0,    ,    0,    0,    0,    0, 
SH, 94, 2015040912, 03, WANI,  12, 132S, 1606E,  20,    0,   ,   0,    ,    0,    0,    0,    0, 
SH, 94, 2015040912, 03, WANI,  24, 139S, 1599E,  25,    0,   ,   0,    ,    0,    0,    0,    0, 
SH, 94, 2015040912, 03, WANI,  36, 142S, 1588E,  32,    0,   ,   0,    ,    0,    0,    0,    0, 
SH, 94, 2015040912, 03, WANI,  48, 146S, 1581E,  38,    0,   ,   0,    ,    0,    0,    0,    0, 
SH, 94, 2015040912, 03, WANI,  60, 154S, 1589E,  43,    0,   ,   0,    ,    0,    0,    0,    0, 
SH, 94, 2015040912, 03, WANI,  72, 165S, 1598E,  44,    0,   ,   0,    ,    0,    0,    0,    0, 
SH, 94, 2015040912, 03, WANI,  84, 177S, 1611E,  48,    0,   ,   0,    ,    0,    0,    0,    0, 
SH, 94, 2015040912, 03, WANI,  96, 185S, 1625E,  50,    0,   ,   0,    ,    0,    0,    0,    0, 
SH, 94, 2015040912, 03, WANI, 108, 189S, 1636E,  52,    0,   ,   0,    ,    0,    0,    0,    0, 
SH, 94, 2015040912, 03, WANI, 120, 193S, 1647E,  52,    0,   ,   0,    ,    0,    0,    0,    0, 
SH, 94, 2015040912, 03, WBAI,   0, 125S, 1617E,   0,    0,   ,  34, NEQ,    0,    0,    0,    0, 
SH, 94, 2015040912, 03, WBAI,  12, 132S, 1611E,   0,    0,   ,  34, NEQ,    0,    0,    0,    0, 
SH, 94, 2015040912, 03, WBAI,  24, 144S, 1613E,   0,    0,   ,  34, NEQ,    0,    0,    0,    0, 
SH, 94, 2015040912, 03, WBAI,  36, 161S, 1613E,   0,    0,   ,  34, NEQ,    0,    0,    0,    0, 
SH, 94, 2015040912, 03, WBAI,  48, 183S, 1617E,   0,    0,   ,  34, NEQ,    0,    0,    0,    0, 
SH, 94, 2015040912, 03, WBAI,  60, 208S, 1631E,   0,    0,   ,  34, NEQ,    0,    0,    0,    0, 
SH, 94, 2015040912, 03, WBAI,  72, 233S, 1644E,   0,    0,   ,  34, NEQ,    0,    0,    0,    0, 
SH, 94, 2015040912, 03, WBAR,   0, 126S, 1618E,   0,    0,   ,   0,    ,    0,    0,    0,    0, 
SH, 94, 2015040912, 03, WBAR,   6, 144S, 1597E,   0,    0,   ,   0,    ,    0,    0,    0,    0, 
SH, 94, 2015040912, 03, WBAR,  12, 147S, 1592E,   0,    0,   ,   0,    ,    0,    0,    0,    0, 
SH, 94, 2015040912, 03, WBAR,  18, 151S, 1591E,   0,    0,   ,   0,    ,    0,    0,    0,    0, 
SH, 94, 2015040912, 03, WBAR,  24, 156S, 1591E,   0,    0,   ,   0,    ,    0,    0,    0,    0, 
SH, 94, 2015040912, 03, WBAR,  30, 161S, 1593E,   0,    0,   ,   0,    ,    0,    0,    0,    0, 
SH, 94, 2015040912, 03, WBAR,  36, 167S, 1596E,   0,    0,   ,   0,    ,    0,    0,    0,    0, 
SH, 94, 2015040912, 03, WBAR,  42, 175S, 1601E,   0,    0,   ,   0,    ,    0,    0,    0,    0, 
SH, 94, 2015040912, 03, WBAR,  48, 182S, 1610E,   0,    0,   ,   0,    ,    0,    0,    0,    0, 
SH, 94, 2015040912, 03, WBAR,  54, 191S, 1620E,   0,    0,   ,   0,    ,    0,    0,    0,    0, 
SH, 94, 2015040912, 03, WBAR,  60, 200S, 1632E,   0,    0,   ,   0,    ,    0,    0,    0,    0, 
SH, 94, 2015040912, 03, WBAR,  66, 210S, 1646E,   0,    0,   ,   0,    ,    0,    0,    0,    0, 
SH, 94, 2015040912, 03, WBAR,  72, 220S, 1661E,   0,    0,   ,   0,    ,    0,    0,    0,    0, 
SH, 94, 2015040912, 03, WBS1,  12, 132S, 1611E,  16,    0,   ,   0,    ,    0,    0,    0,    0, 
SH, 94, 2015040912, 03, WBS1,  24, 144S, 1613E,  20,    0,   ,   0,    ,    0,    0,    0,    0, 
SH, 94, 2015040912, 03, WBS1,  36, 161S, 1613E,  28,    0,   ,   0,    ,    0,    0,    0,    0, 
SH, 94, 2015040912, 03, WBS1,  48, 183S, 1617E,  38,    0,   ,   0,    ,    0,    0,    0,    0, 
SH, 94, 2015040912, 03, WBS1,  60, 208S, 1631E,  44,    0,   ,   0,    ,    0,    0,    0,    0, 
SH, 94, 2015040912, 03, WBS1,  72, 233S, 1644E,  41,    0,   ,   0,    ,    0,    0,    0,    0, 
SH, 94, 2015040912, 03, WBS5,  12, 132S, 1611E,  18,    0,   ,   0,    ,    0,    0,    0,    0, 
SH, 94, 2015040912, 03, WBS5,  24, 144S, 1613E,  23,    0,   ,   0,    ,    0,    0,    0,    0, 
SH, 94, 2015040912, 03, WBS5,  36, 161S, 1613E,  30,    0,   ,   0,    ,    0,    0,    0,    0, 
SH, 94, 2015040912, 03, WBS5,  48, 183S, 1617E,  37,    0,   ,   0,    ,    0,    0,    0,    0, 
SH, 94, 2015040912, 03, WBS5,  60, 208S, 1631E,  39,    0,   ,   0,    ,    0,    0,    0,    0, 
SH, 94, 2015040912, 03, WBS5,  72, 233S, 1644E,  31,    0,   ,   0,    ,    0,    0,    0,    0, 
SH, 94, 2015040912, 03, XTRP,  12, 136S, 1606E,  15,    0,   ,   0,    ,    0,    0,    0,    0, 
SH, 94, 2015040912, 03, XTRP,  24, 148S, 1595E,  15,    0,   ,   0,    ,    0,    0,    0,    0, 
SH, 94, 2015040912, 03, XTRP,  36, 160S, 1584E,  15,    0,   ,   0,    ,    0,    0,    0,    0, 
SH, 94, 2015040912, 03, XTRP,  48, 172S, 1572E,  15,    0,   ,   0,    ,    0,    0,    0,    0, 
SH, 94, 2015040912, 03, XTRP,  60, 184S, 1561E,  15,    0,   ,   0,    ,    0,    0,    0,    0, 
SH, 94, 2015040912, 03, XTRP,  72, 196S, 1550E,  15,    0,   ,   0,    ,    0,    0,    0,    0, 
SH, 94, 2015040912, 03, XTRP,  84, 208S, 1538E,  15,    0,   ,   0,    ,    0,    0,    0,    0, 
SH, 94, 2015040912, 03, XTRP,  96, 220S, 1526E,  15,    0,   ,   0,    ,    0,    0,    0,    0, 
SH, 94, 2015040912, 03, XTRP, 108, 232S, 1515E,  15,    0,   ,   0,    ,    0,    0,    0,    0, 
SH, 94, 2015040912, 03, XTRP, 120, 244S, 1503E,  15,    0,   ,   0,    ,    0,    0,    0,    0, 
SH, 94, 2015040912, 44, EGRR,   0, 115S, 1614E,   0,    0,   ,   0,    ,    0,    0,    0,    0, 
SH, 94, 2015040912, 44, EGRR,  12, 139S, 1616E,   0,    0,   ,   0,    ,    0,    0,    0,    0, 
SH, 94, 2015040912, 44, EGRR,  24, 159S, 1611E,   0,    0,   ,   0,    ,    0,    0,    0,    0, 
SH, 94, 2015040912, 44, EGRR,  36, 167S, 1615E,   0,    0,   ,   0,    ,    0,    0,    0,    0, 
SH, 94, 2015040912, 44, EGRR,  48, 171S, 1621E,   0,    0,   ,   0,    ,    0,    0,    0,    0, 
SH, 94, 2015040912, 44, EGRR,  60, 178S, 1631E,   0,    0,   ,   0,    ,    0,    0,    0,    0, 
SH, 94, 2015040912, 44, EGRR,  72, 184S, 1643E,   0,    0,   ,   0,    ,    0,    0,    0,    0, 
SH, 94, 2015040912, 44, EGRR,  84, 195S, 1664E,   0,    0,   ,   0,    ,    0,    0,    0,    0, 
SH, 94, 2015040912, 44, EGRR,  96, 205S, 1694E,   0,    0,   ,   0,    ,    0,    0,    0,    0, 
SH, 94, 2015040912, 44, EGRR, 108, 229S, 1737E,   0,    0,   ,   0,    ,    0,    0,    0,    0, 
SH, 94, 2015040912, 44, EGRR, 120, 242S, 1789E,   0,    0,   ,   0,    ,    0,    0,    0,    0, 
SH, 94, 2015040912, 44, EGRR, 132, 254S, 1758W,   0,    0,   ,   0,    ,    0,    0,    0,    0, 
SH, 94, 2015040912, 44, EGRR, 144, 250S, 1719W,   0,    0,   ,   0,    ,    0,    0,    0,    0, 
SH, 94, 2015040912, 71, JNVG,   0, 117S, 1605E,  15,    0,   ,  34, NEQ,    0,    0,    0,    0, 
SH, 94, 2015040912, 71, JNVG,  12, 141S, 1615E,  15,    0,   ,  34, NEQ,    0,    0,    0,    0, 
SH, 94, 2015040912, 71, JNVG,  24, 156S, 1605E,  20,    0,   ,  34, NEQ,    0,    0,    0,    0, 
SH, 94, 2015040912, 71, JNVG,  36, 176S, 1605E,  25,    0,   ,  34, NEQ,    0,    0,    0,    0, 
SH, 94, 2015040912, 71, JNVG,  48, 185S, 1612E,  20,    0,   ,  34, NEQ,    0,    0,    0,    0, 
SH, 94, 2015040912, 71, JNVG,  60, 206S, 1633E,  25,    0,   ,  34, NEQ,    0,    0,    0,    0, 
SH, 94, 2015040912, 71, JNVG,  72, 225S, 1652E,  25,    0,   ,  34, NEQ,    0,    0,    0,    0, 
SH, 94, 2015040912, 71, JNVG,  84, 245S, 1680E,  25,    0,   ,  34, NEQ,    0,    0,    0,    0, 
SH, 94, 2015040912, 71, JNVG,  96, 245S, 1705E,  30,    0,   ,  34, NEQ,    0,    0,    0,    0, 
SH, 94, 2015040912, 72, JAVN,   0, 125S, 1610E,  15,    0,   ,  34, NEQ,    0,    0,    0,    0, 
SH, 94, 2015040912, 72, JAVN,  12, 135S, 1606E,  20,    0,   ,  34, NEQ,    0,    0,    0,    0, 
SH, 94, 2015040912, 72, JAVN,  24, 144S, 1596E,  20,    0,   ,  34, NEQ,    0,    0,    0,    0, 
SH, 94, 2015040912, 72, JAVN,  36, 165S, 1591E,  20,    0,   ,  34, NEQ,    0,    0,    0,    0, 
SH, 94, 2015040912, 72, JAVN,  48, 179S, 1595E,  30,    0,   ,  34, NEQ,    0,    0,    0,    0, 
SH, 94, 2015040912, 72, JAVN,  60, 194S, 1617E,  25,    0,   ,  34, NEQ,    0,    0,    0,    0, 
SH, 94, 2015040912, 72, JAVN,  72, 205S, 1639E,  25,    0,   ,  34, NEQ,    0,    0,    0,    0, 
SH, 94, 2015040912, 72, JAVN,  84, 225S, 1670E,  20,    0,   ,  34, NEQ,    0,    0,    0,    0, 
SH, 94, 2015040912, 72, JAVN,  96, 235S, 1712E,  20,    0,   ,  34, NEQ,    0,    0,    0,    0, 
SH, 94, 2015040912, 72, JAVN, 108, 229S, 1740E,  20,    0,   ,  34, NEQ,    0,    0,    0,    0, 
SH, 94, 2015040912, 72, JAVN, 120, 220S, 1758E,  25,    0,   ,  34, NEQ,    0,    0,    0,    0, 
SH, 94, 2015040918, 01, CARQ, -24, 108S, 1631E,  15,    0, TD,  34, AAA,    0,    0,    0,    0,    0,    0,   0,   0,   0,   P,   0,   X,   0,   0,     INVEST,  , 
SH, 94, 2015040918, 01, CARQ, -18, 114S, 1628E,  15,    0, TD,  34, AAA,    0,    0,    0,    0,    0,    0,   0,   0,   0,   P,   0,   X,   0,   0,     INVEST,  , 
SH, 94, 2015040918, 01, CARQ, -12, 120S, 1625E,  15,    0, TD,  34, AAA,    0,    0,    0,    0,    0,    0,   0,   0,   0,   P,   0,   X, 222,   8,     INVEST,  , 
SH, 94, 2015040918, 01, CARQ,  -6, 126S, 1617E,  15,    0, TD,  34, AAA,    0,    0,    0,    0,    0,    0,   0,   0,   0,   P,   0,   X,   0,   0,     INVEST,  , 
SH, 94, 2015040918, 01, CARQ,   0, 134S, 1613E,  25, 1004, TD,  34, NEQ,    0,    0,    0,    0, 1008,  170,   0,   0,   0,   P,   0,   X, 215,   8,     INVEST, S, 
SH, 94, 2015040918, 01, CARQ,   0, 134S, 1613E,  25, 1004, TD,  50, NEQ,    0,    0,    0,    0, 1008,  170,   0,   0,   0,   P,   0,   X, 215,   8,     INVEST, S, 
SH, 94, 2015040918, 01, CARQ,   0, 134S, 1613E,  25, 1004, TD,  64, NEQ,    0,    0,    0,    0, 1008,  170,   0,   0,   0,   P,   0,   X, 215,   8,     INVEST, S, 
SH, 94, 2015040918, 03, CLIM,  12, 143S, 1621E,   0,    0,   ,   0,    ,    0,    0,    0,    0, 
SH, 94, 2015040918, 03, CLIM,  24, 157S, 1629E,   0,    0,   ,   0,    ,    0,    0,    0,    0, 
SH, 94, 2015040918, 03, CLIM,  36, 172S, 1633E,   0,    0,   ,   0,    ,    0,    0,    0,    0, 
SH, 94, 2015040918, 03, CLIM,  48, 187S, 1640E,   0,    0,   ,   0,    ,    0,    0,    0,    0, 
SH, 94, 2015040918, 03, CLIM,  72, 216S, 1655E,   0,    0,   ,   0,    ,    0,    0,    0,    0, 
SH, 94, 2015040918, 03, CLIP,  12, 147S, 1640E,   0,    0,   ,   0,    ,    0,    0,    0,    0, 
SH, 94, 2015040918, 03, CLIP,  24, 160S, 1647E,   0,    0,   ,   0,    ,    0,    0,    0,    0, 
SH, 94, 2015040918, 03, CLIP,  36, 175S, 1648E,   0,    0,   ,   0,    ,    0,    0,    0,    0, 
SH, 94, 2015040918, 03, CLIP,  48, 189S, 1655E,   0,    0,   ,   0,    ,    0,    0,    0,    0, 
SH, 94, 2015040918, 03, CLIP,  72, 217S, 1668E,   0,    0,   ,   0,    ,    0,    0,    0,    0, 
SH, 94, 2015040918, 03, CLSW,  12, 145S, 1602E,   0,    0,   ,   0,    ,    0,    0,    0,    0, 
SH, 94, 2015040918, 03, CLSW,  24, 156S, 1593E,   0,    0,   ,   0,    ,    0,    0,    0,    0, 
SH, 94, 2015040918, 03, CLSW,  36, 166S, 1588E,   0,    0,   ,   0,    ,    0,    0,    0,    0, 
SH, 94, 2015040918, 03, CLSW,  48, 175S, 1586E,   0,    0,   ,   0,    ,    0,    0,    0,    0, 
SH, 94, 2015040918, 03, CLSW,  72, 196S, 1588E,   0,    0,   ,   0,    ,    0,    0,    0,    0, 
SH, 94, 2015040918, 03, CONW,   0, 134S, 1613E,   0,    0,   ,   0,    ,    0,    0,    0,    0, 
SH, 94, 2015040918, 03, CONW,  12, 150S, 1609E,   0,    0,   ,   0,    ,    0,    0,    0,    0, 
SH, 94, 2015040918, 03, CONW,  24, 164S, 1606E,   0,    0,   ,   0,    ,    0,    0,    0,    0, 
SH, 94, 2015040918, 03, CONW,  36, 176S, 1608E,   0,    0,   ,   0,    ,    0,    0,    0,    0, 
SH, 94, 2015040918, 03, CONW,  48, 186S, 1619E,   0,    0,   ,   0,    ,    0,    0,    0,    0, 
SH, 94, 2015040918, 03, CONW,  60, 196S, 1635E,   0,    0,   ,   0,    ,    0,    0,    0,    0, 
SH, 94, 2015040918, 03, CONW,  72, 208S, 1657E,   0,    0,   ,   0,    ,    0,    0,    0,    0, 
SH, 94, 2015040918, 03, CONW,  84, 220S, 1687E,   0,    0,   ,   0,    ,    0,    0,    0,    0, 
SH, 94, 2015040918, 03, CONW,  96, 230S, 1723E,   0,    0,   ,   0,    ,    0,    0,    0,    0, 
SH, 94, 2015040918, 03, CONW, 108, 235S, 1758E,   0,    0,   ,   0,    ,    0,    0,    0,    0, 
SH, 94, 2015040918, 03, CONW, 120, 238S, 1795E,   0,    0,   ,   0,    ,    0,    0,    0,    0, 
SH, 94, 2015040918, 03, DSHW,   0, 134S, 1613E,  25,    0, TD,   0,    ,    0,    0,    0,    0, 
SH, 94, 2015040918, 03, DSHW,  12, 147S, 1601E,  31,    0, TD,   0,    ,    0,    0,    0,    0, 
SH, 94, 2015040918, 03, DSHW,  24, 157S, 1603E,  39,    0, TS,   0,    ,    0,    0,    0,    0, 
SH, 94, 2015040918, 03, DSHW,  36, 170S, 1612E,  50,    0, TS,   0,    ,    0,    0,    0,    0, 
SH, 94, 2015040918, 03, DSHW,  48, 187S, 1630E,  58,    0, TS,   0,    ,    0,    0,    0,    0, 
SH, 94, 2015040918, 03, DSHW,  60, 205S, 1655E,  61,    0, TS,   0,    ,    0,    0,    0,    0, 
SH, 94, 2015040918, 03, DSHW,  72, 224S, 1681E,  58,    0, TS,   0,    ,    0,    0,    0,    0, 
SH, 94, 2015040918, 03, DSHW,  84,   0N,    0E,  56,    0,   ,   0,    ,    0,    0,    0,    0, 
SH, 94, 2015040918, 03, DSHW,  96,   0N,    0E,  54,    0,   ,   0,    ,    0,    0,    0,    0, 
SH, 94, 2015040918, 03, DSHW, 108,   0N,    0E,  51,    0,   ,   0,    ,    0,    0,    0,    0, 
SH, 94, 2015040918, 03, DSHW, 120,   0N,    0E,  48,    0,   ,   0,    ,    0,    0,    0,    0, 
SH, 94, 2015040918, 03, EGRI,   0, 133S, 1613E,   0,    0,   ,  34, NEQ,    0,    0,    0,    0, 
SH, 94, 2015040918, 03, EGRI,  12, 154S, 1612E,   0,    0,   ,  34, NEQ,    0,    0,    0,    0, 
SH, 94, 2015040918, 03, EGRI,  24, 168S, 1612E,   0,    0,   ,  34, NEQ,    0,    0,    0,    0, 
SH, 94, 2015040918, 03, EGRI,  36, 175S, 1617E,   0,    0,   ,  34, NEQ,    0,    0,    0,    0, 
SH, 94, 2015040918, 03, EGRI,  48, 181S, 1625E,   0,    0,   ,  34, NEQ,    0,    0,    0,    0, 
SH, 94, 2015040918, 03, EGRI,  60, 187S, 1636E,   0,    0,   ,  34, NEQ,    0,    0,    0,    0, 
SH, 94, 2015040918, 03, EGRI,  72, 196S, 1653E,   0,    0,   ,  34, NEQ,    0,    0,    0,    0, 
SH, 94, 2015040918, 03, EGRI,  84, 207S, 1679E,   0,    0,   ,  34, NEQ,    0,    0,    0,    0, 
SH, 94, 2015040918, 03, EGRI,  96, 223S, 1715E,   0,    0,   ,  34, NEQ,    0,    0,    0,    0, 
SH, 94, 2015040918, 03, EGRI, 108, 241S, 1762E,   0,    0,   ,  34, NEQ,    0,    0,    0,    0, 
SH, 94, 2015040918, 03, EGRI, 120, 253S, 1787W,   0,    0,   ,  34, NEQ,    0,    0,    0,    0, 
SH, 94, 2015040918, 03, EGRI, 132, 257S, 1741W,   0,    0,   ,  34, NEQ,    0,    0,    0,    0, 
SH, 94, 2015040918, 03, EGRI, 144, 261S, 1695W,   0,    0,   ,  34, NEQ,    0,    0,    0,    0, 
SH, 94, 2015040918, 03, HPAC,  12, 146S, 1611E,   0,    0,   ,   0,    ,    0,    0,    0,    0, 
SH, 94, 2015040918, 03, HPAC,  24, 159S, 1609E,   0,    0,   ,   0,    ,    0,    0,    0,    0, 
SH, 94, 2015040918, 03, HPAC,  36, 174S, 1605E,   0,    0,   ,   0,    ,    0,    0,    0,    0, 
SH, 94, 2015040918, 03, HPAC,  48, 189S, 1602E,   0,    0,   ,   0,    ,    0,    0,    0,    0, 
SH, 94, 2015040918, 03, HPAC,  72, 217S, 1597E,   0,    0,   ,   0,    ,    0,    0,    0,    0, 
SH, 94, 2015040918, 03, JAS1,  12, 143S, 1606E,  33,    0,   ,   0,    ,    0,    0,    0,    0, 
SH, 94, 2015040918, 03, JAS1,  24, 158S, 1600E,  41,    0,   ,   0,    ,    0,    0,    0,    0, 
SH, 94, 2015040918, 03, JAS1,  36, 175S, 1600E,  49,    0,   ,   0,    ,    0,    0,    0,    0, 
SH, 94, 2015040918, 03, JAS1,  48, 189S, 1612E,  53,    0,   ,   0,    ,    0,    0,    0,    0, 
SH, 94, 2015040918, 03, JAS1,  60, 203S, 1634E,  53,    0,   ,   0,    ,    0,    0,    0,    0, 
SH, 94, 2015040918, 03, JAS1,  72, 218S, 1661E,  42,    0,   ,   0,    ,    0,    0,    0,    0, 
SH, 94, 2015040918, 03, JAS1,  84, 232S, 1696E,  39,    0,   ,   0,    ,    0,    0,    0,    0, 
SH, 94, 2015040918, 03, JAS1,  96, 234S, 1730E,  30,    0,   ,   0,    ,    0,    0,    0,    0, 
SH, 94, 2015040918, 03, JAS1, 108, 227S, 1754E,  22,    0,   ,   0,    ,    0,    0,    0,    0, 
SH, 94, 2015040918, 03, JAS1, 120, 221S, 1778E,  18,    0,   ,   0,    ,    0,    0,    0,    0, 
SH, 94, 2015040918, 03, JAS5,  12, 143S, 1606E,  33,    0,   ,   0,    ,    0,    0,    0,    0, 
SH, 94, 2015040918, 03, JAS5,  24, 158S, 1600E,  41,    0,   ,   0,    ,    0,    0,    0,    0, 
SH, 94, 2015040918, 03, JAS5,  36, 175S, 1600E,  47,    0,   ,   0,    ,    0,    0,    0,    0, 
SH, 94, 2015040918, 03, JAS5,  48, 189S, 1612E,  49,    0,   ,   0,    ,    0,    0,    0,    0, 
SH, 94, 2015040918, 03, JAS5,  60, 203S, 1634E,  46,    0,   ,   0,    ,    0,    0,    0,    0, 
SH, 94, 2015040918, 03, JAS5,  72, 218S, 1661E,  37,    0,   ,   0,    ,    0,    0,    0,    0, 
SH, 94, 2015040918, 03, JAS5,  84, 232S, 1696E,  30,    0,   ,   0,    ,    0,    0,    0,    0, 
SH, 94, 2015040918, 03, JAVI,   0, 133S, 1613E,  25,    0,   ,  34, NEQ,    0,    0,    0,    0, 
SH, 94, 2015040918, 03, JAVI,  12, 143S, 1606E,  27,    0,   ,  34, NEQ,    0,    0,    0,    0, 
SH, 94, 2015040918, 03, JAVI,  24, 158S, 1600E,  28,    0,   ,  34, NEQ,    0,    0,    0,    0, 
SH, 94, 2015040918, 03, JAVI,  36, 175S, 1600E,  32,    0,   ,  34, NEQ,    0,    0,    0,    0, 
SH, 94, 2015040918, 03, JAVI,  48, 189S, 1612E,  34,    0,   ,  34, NEQ,    0,    0,    0,    0, 
SH, 94, 2015040918, 03, JAVI,  60, 203S, 1634E,  32,    0,   ,  34, NEQ,    0,    0,    0,    0, 
SH, 94, 2015040918, 03, JAVI,  72, 218S, 1661E,  30,    0,   ,  34, NEQ,    0,    0,    0,    0, 
SH, 94, 2015040918, 03, JAVI,  84, 232S, 1696E,  28,    0,   ,  34, NEQ,    0,    0,    0,    0, 
SH, 94, 2015040918, 03, JAVI,  96, 234S, 1730E,  28,    0,   ,  34, NEQ,    0,    0,    0,    0, 
SH, 94, 2015040918, 03, JAVI, 108, 227S, 1754E,  30,    0,   ,  34, NEQ,    0,    0,    0,    0, 
SH, 94, 2015040918, 03, JAVI, 120, 221S, 1778E,  33,    0,   ,  34, NEQ,    0,    0,    0,    0, 
SH, 94, 2015040918, 03, JNVI,   0, 133S, 1613E,  25,    0,   ,  34, NEQ,    0,    0,    0,    0, 
SH, 94, 2015040918, 03, JNVI,  12, 153S, 1614E,  27,    0,   ,  34, NEQ,    0,    0,    0,    0, 
SH, 94, 2015040918, 03, JNVI,  24, 170S, 1610E,  31,    0,   ,  34, NEQ,    0,    0,    0,    0, 
SH, 94, 2015040918, 03, JNVI,  36, 185S, 1614E,  32,    0,   ,  34, NEQ,    0,    0,    0,    0, 
SH, 94, 2015040918, 03, JNVI,  48, 201S, 1627E,  32,    0,   ,  34, NEQ,    0,    0,    0,    0, 
SH, 94, 2015040918, 03, JNVI,  60, 220S, 1647E,  34,    0,   ,  34, NEQ,    0,    0,    0,    0, 
SH, 94, 2015040918, 03, JNVI,  72, 238S, 1670E,  35,    0,   ,  34, NEQ,    0,    0,    0,    0, 
SH, 94, 2015040918, 03, JNVI,  84, 248S, 1696E,  37,    0,   ,  34, NEQ,    0,    0,    0,    0, 
SH, 94, 2015040918, 03, JNVI,  96, 258S, 1722E,  40,    0,   ,  34, NEQ,    0,    0,    0,    0, 
SH, 94, 2015040918, 03, LGEW,   0, 134S, 1613E,  25,    0, TD,   0,    ,    0,    0,    0,    0, 
SH, 94, 2015040918, 03, LGEW,  12, 147S, 1601E,  28,    0, TD,   0,    ,    0,    0,    0,    0, 
SH, 94, 2015040918, 03, LGEW,  24, 157S, 1603E,  31,    0, TD,   0,    ,    0,    0,    0,    0, 
SH, 94, 2015040918, 03, LGEW,  36, 170S, 1612E,  35,    0, TS,   0,    ,    0,    0,    0,    0, 
SH, 94, 2015040918, 03, LGEW,  48, 187S, 1630E,  37,    0, TS,   0,    ,    0,    0,    0,    0, 
SH, 94, 2015040918, 03, LGEW,  60, 205S, 1655E,  36,    0, TS,   0,    ,    0,    0,    0,    0, 
SH, 94, 2015040918, 03, LGEW,  72, 224S, 1681E,  32,    0, TD,   0,    ,    0,    0,    0,    0, 
SH, 94, 2015040918, 03, RECR,  12, 142S, 1614E,   0,    0,   ,   0,    ,    0,    0,    0,    0, 
SH, 94, 2015040918, 03, RECR,  24, 150S, 1615E,   0,    0,   ,   0,    ,    0,    0,    0,    0, 
SH, 94, 2015040918, 03, RECR,  36, 159S, 1617E,   0,    0,   ,   0,    ,    0,    0,    0,    0, 
SH, 94, 2015040918, 03, RECR,  48, 166S, 1615E,   0,    0,   ,   0,    ,    0,    0,    0,    0, 
SH, 94, 2015040918, 03, RECR,  72, 182S, 1615E,   0,    0,   ,   0,    ,    0,    0,    0,    0, 
SH, 94, 2015040918, 03, S5XX,   0,   0N,    0W,  25,    0,   ,   0,    ,    0,    0,    0,    0, 
SH, 94, 2015040918, 03, S5XX,  12,   0N,    0W,  33,    0,   ,   0,    ,    0,    0,    0,    0, 
SH, 94, 2015040918, 03, S5XX,  24,   0N,    0W,  41,    0,   ,   0,    ,    0,    0,    0,    0, 
SH, 94, 2015040918, 03, S5XX,  36,   0N,    0W,  47,    0,   ,   0,    ,    0,    0,    0,    0, 
SH, 94, 2015040918, 03, S5XX,  48,   0N,    0W,  50,    0,   ,   0,    ,    0,    0,    0,    0, 
SH, 94, 2015040918, 03, S5XX,  60,   0N,    0W,  48,    0,   ,   0,    ,    0,    0,    0,    0, 
SH, 94, 2015040918, 03, S5XX,  72,   0N,    0W,  39,    0,   ,   0,    ,    0,    0,    0,    0, 
SH, 94, 2015040918, 03, SHIW,   0, 134S, 1613E,  25,    0, TD,   0,    ,    0,    0,    0,    0, 
SH, 94, 2015040918, 03, SHIW,  12, 147S, 1601E,  31,    0, TD,   0,    ,    0,    0,    0,    0, 
SH, 94, 2015040918, 03, SHIW,  24, 157S, 1603E,  39,    0, TS,   0,    ,    0,    0,    0,    0, 
SH, 94, 2015040918, 03, SHIW,  36, 170S, 1612E,  50,    0, TS,   0,    ,    0,    0,    0,    0, 
SH, 94, 2015040918, 03, SHIW,  48, 187S, 1630E,  58,    0, TS,   0,    ,    0,    0,    0,    0, 
SH, 94, 2015040918, 03, SHIW,  60, 205S, 1655E,  61,    0, TS,   0,    ,    0,    0,    0,    0, 
SH, 94, 2015040918, 03, SHIW,  72, 224S, 1681E,  58,    0, TS,   0,    ,    0,    0,    0,    0, 
SH, 94, 2015040918, 03, SHIW,  84,   0N,    0E,  56,    0,   ,   0,    ,    0,    0,    0,    0, 
SH, 94, 2015040918, 03, SHIW,  96,   0N,    0E,  54,    0,   ,   0,    ,    0,    0,    0,    0, 
SH, 94, 2015040918, 03, SHIW, 108,   0N,    0E,  51,    0,   ,   0,    ,    0,    0,    0,    0, 
SH, 94, 2015040918, 03, SHIW, 120,   0N,    0E,  48,    0,   ,   0,    ,    0,    0,    0,    0, 
SH, 94, 2015040918, 03, ST5D,  12,   0N,    0E,  34,    0,   ,   0,    ,    0,    0,    0,    0, 
SH, 94, 2015040918, 03, ST5D,  24,   0N,    0E,  45,    0,   ,   0,    ,    0,    0,    0,    0, 
SH, 94, 2015040918, 03, ST5D,  36,   0N,    0E,  54,    0,   ,   0,    ,    0,    0,    0,    0, 
SH, 94, 2015040918, 03, ST5D,  48,   0N,    0E,  60,    0,   ,   0,    ,    0,    0,    0,    0, 
SH, 94, 2015040918, 03, ST5D,  60,   0N,    0E,  63,    0,   ,   0,    ,    0,    0,    0,    0, 
SH, 94, 2015040918, 03, ST5D,  72,   0N,    0E,  60,    0,   ,   0,    ,    0,    0,    0,    0, 
SH, 94, 2015040918, 03, ST5D,  84,   0N,    0E,  59,    0,   ,   0,    ,    0,    0,    0,    0, 
SH, 94, 2015040918, 03, ST5D,  96,   0N,    0E,  58,    0,   ,   0,    ,    0,    0,    0,    0, 
SH, 94, 2015040918, 03, ST5D, 108,   0N,    0E,  55,    0,   ,   0,    ,    0,    0,    0,    0, 
SH, 94, 2015040918, 03, ST5D, 120,   0N,    0E,  55,    0,   ,   0,    ,    0,    0,    0,    0, 
SH, 94, 2015040918, 03, TMM2,   0, 133S, 1613E,  25,    0,   ,  34, NEQ,    0,    0,    0,    0, 
SH, 94, 2015040918, 03, TMM2,  12, 147S, 1601E,  27,    0,   ,  34, NEQ,    0,    0,    0,    0, 
SH, 94, 2015040918, 03, TMM2,  24, 159S, 1591E,  32,    0,   ,  34, NEQ,    0,    0,    0,    0, 
SH, 94, 2015040918, 03, TMM2,  36, 169S, 1588E,  37,    0,   ,  34, NEQ,    0,    0,    0,    0, 
SH, 94, 2015040918, 03, TMM2,  48, 172S, 1590E,  38,    0,   ,  34, NEQ,    0,    0,    0,    0, 
SH, 94, 2015040918, 03, TMM2,  60, 172S, 1597E,  38,    0,   ,  34, NEQ,    0,    0,    0,    0, 
SH, 94, 2015040918, 03, TMM2,  72, 175S, 1612E,  39,    0,   ,  34, NEQ,    0,    0,    0,    0, 
SH, 94, 2015040918, 03, TMM2,  84, 183S, 1629E,  36,    0,   ,  34, NEQ,    0,    0,    0,    0, 
SH, 94, 2015040918, 03, TMM2,  96, 188S, 1642E,  35,    0,   ,  34, NEQ,    0,    0,    0,    0, 
SH, 94, 2015040918, 03, TMM2, 108, 190S, 1653E,  37,    0,   ,  34, NEQ,    0,    0,    0,    0, 
SH, 94, 2015040918, 03, TMM2, 120, 192S, 1661E,  37,    0,   ,  34, NEQ,    0,    0,    0,    0, 
SH, 94, 2015040918, 03, TMM2, 132, 194S, 1667E,  35,    0,   ,  34, NEQ,    0,    0,    0,    0, 
SH, 94, 2015040918, 03, TMM2, 144, 196S, 1673E,  37,    0,   ,  34, NEQ,    0,    0,    0,    0, 
SH, 94, 2015040918, 03, WANI,   0, 134S, 1613E,   0,    0,   ,   0,    ,    0,    0,    0,    0, 
SH, 94, 2015040918, 03, WANI,  12, 150S, 1609E,  10,    0,   ,   0,    ,    0,    0,    0,    0, 
SH, 94, 2015040918, 03, WANI,  24, 164S, 1606E,  14,    0,   ,   0,    ,    0,    0,    0,    0, 
SH, 94, 2015040918, 03, WANI,  36, 176S, 1608E,  24,    0,   ,   0,    ,    0,    0,    0,    0, 
SH, 94, 2015040918, 03, WANI,  48, 186S, 1619E,  34,    0,   ,   0,    ,    0,    0,    0,    0, 
SH, 94, 2015040918, 03, WANI,  60, 196S, 1635E,  44,    0,   ,   0,    ,    0,    0,    0,    0, 
SH, 94, 2015040918, 03, WANI,  72, 208S, 1657E,  48,    0,   ,   0,    ,    0,    0,    0,    0, 
SH, 94, 2015040918, 03, WANI,  84, 220S, 1687E,  51,    0,   ,   0,    ,    0,    0,    0,    0, 
SH, 94, 2015040918, 03, WANI,  96, 230S, 1723E,  55,    0,   ,   0,    ,    0,    0,    0,    0, 
SH, 94, 2015040918, 03, WANI, 108, 235S, 1758E,  60,    0,   ,   0,    ,    0,    0,    0,    0, 
SH, 94, 2015040918, 03, WANI, 120, 238S, 1795E,  62,    0,   ,   0,    ,    0,    0,    0,    0, 
SH, 94, 2015040918, 03, WBAI,   0, 133S, 1613E,   0,    0,   ,  34, NEQ,    0,    0,    0,    0, 
SH, 94, 2015040918, 03, WBAI,  12, 147S, 1601E,   0,    0,   ,  34, NEQ,    0,    0,    0,    0, 
SH, 94, 2015040918, 03, WBAI,  24, 157S, 1603E,   0,    0,   ,  34, NEQ,    0,    0,    0,    0, 
SH, 94, 2015040918, 03, WBAI,  36, 170S, 1612E,   0,    0,   ,  34, NEQ,    0,    0,    0,    0, 
SH, 94, 2015040918, 03, WBAI,  48, 187S, 1630E,   0,    0,   ,  34, NEQ,    0,    0,    0,    0, 
SH, 94, 2015040918, 03, WBAI,  60, 205S, 1655E,   0,    0,   ,  34, NEQ,    0,    0,    0,    0, 
SH, 94, 2015040918, 03, WBAI,  72, 224S, 1681E,   0,    0,   ,  34, NEQ,    0,    0,    0,    0, 
SH, 94, 2015040918, 03, WBS1,  12, 147S, 1601E,  33,    0,   ,   0,    ,    0,    0,    0,    0, 
SH, 94, 2015040918, 03, WBS1,  24, 157S, 1603E,  41,    0,   ,   0,    ,    0,    0,    0,    0, 
SH, 94, 2015040918, 03, WBS1,  36, 170S, 1612E,  48,    0,   ,   0,    ,    0,    0,    0,    0, 
SH, 94, 2015040918, 03, WBS1,  48, 187S, 1630E,  53,    0,   ,   0,    ,    0,    0,    0,    0, 
SH, 94, 2015040918, 03, WBS1,  60, 205S, 1655E,  54,    0,   ,   0,    ,    0,    0,    0,    0, 
SH, 94, 2015040918, 03, WBS1,  72, 224S, 1681E,  48,    0,   ,   0,    ,    0,    0,    0,    0, 
SH, 94, 2015040918, 03, WBS5,  12, 147S, 1601E,  33,    0,   ,   0,    ,    0,    0,    0,    0, 
SH, 94, 2015040918, 03, WBS5,  24, 157S, 1603E,  41,    0,   ,   0,    ,    0,    0,    0,    0, 
SH, 94, 2015040918, 03, WBS5,  36, 170S, 1612E,  47,    0,   ,   0,    ,    0,    0,    0,    0, 
SH, 94, 2015040918, 03, WBS5,  48, 187S, 1630E,  50,    0,   ,   0,    ,    0,    0,    0,    0, 
SH, 94, 2015040918, 03, WBS5,  60, 205S, 1655E,  49,    0,   ,   0,    ,    0,    0,    0,    0, 
SH, 94, 2015040918, 03, WBS5,  72, 224S, 1681E,  40,    0,   ,   0,    ,    0,    0,    0,    0, 
SH, 94, 2015040918, 03, XTRP,  12, 146S, 1601E,  35,    0,   ,   0,    ,    0,    0,    0,    0, 
SH, 94, 2015040918, 03, XTRP,  24, 160S, 1589E,  45,    0,   ,   0,    ,    0,    0,    0,    0, 
SH, 94, 2015040918, 03, XTRP,  36, 174S, 1576E,  55,    0,   ,   0,    ,    0,    0,    0,    0, 
SH, 94, 2015040918, 03, XTRP,  48, 188S, 1564E,  65,    0,   ,   0,    ,    0,    0,    0,    0, 
SH, 94, 2015040918, 03, XTRP,  60, 202S, 1552E,  75,    0,   ,   0,    ,    0,    0,    0,    0, 
SH, 94, 2015040918, 03, XTRP,  72, 216S, 1539E,  85,    0,   ,   0,    ,    0,    0,    0,    0, 
SH, 94, 2015040918, 03, XTRP,  84, 230S, 1526E,  95,    0,   ,   0,    ,    0,    0,    0,    0, 
SH, 94, 2015040918, 03, XTRP,  96, 244S, 1514E, 105,    0,   ,   0,    ,    0,    0,    0,    0, 
SH, 94, 2015040918, 03, XTRP, 108, 258S, 1501E, 115,    0,   ,   0,    ,    0,    0,    0,    0, 
SH, 94, 2015040918, 03, XTRP, 120, 272S, 1487E, 125,    0,   ,   0,    ,    0,    0,    0,    0, 
SH, 94, 2015040918, 71, JNVG,   0, 134S, 1615E,  25,    0,   ,  34, NEQ,    0,    0,    0,    0, 
SH, 94, 2015040918, 71, JNVG,  12, 134S, 1615E,  25,    0,   ,  34, NEQ,    0,    0,    0,    0, 
SH, 94, 2015040918, 71, JNVG,  24, 134S, 1615E,  25,    0,   ,  34, NEQ,    0,    0,    0,    0, 
SH, 94, 2015040918, 71, JNVG,  36, 134S, 1615E,  25,    0,   ,  34, NEQ,    0,    0,    0,    0, 
SH, 94, 2015040918, 71, JNVG,  48, 134S, 1615E,  25,    0,   ,  34, NEQ,    0,    0,    0,    0, 
SH, 94, 2015040918, 71, JNVG,  60, 134S, 1615E,  25,    0,   ,  34, NEQ,    0,    0,    0,    0, 
SH, 94, 2015040918, 71, JNVG,  72, 134S, 1615E,  25,    0,   ,  34, NEQ,    0,    0,    0,    0, 
SH, 94, 2015040918, 71, JNVG,  84, 134S, 1615E,  25,    0,   ,  34, NEQ,    0,    0,    0,    0, 
SH, 94, 2015040918, 71, JNVG,  96, 134S, 1615E,  25,    0,   ,  34, NEQ,    0,    0,    0,    0, 
SH, 94, 2015040918, 71, JNVG, 108, 134S, 1615E,  25,    0,   ,  34, NEQ,    0,    0,    0,    0, 
SH, 94, 2015040918, 71, JNVG, 120, 134S, 1615E,  25,    0,   ,  34, NEQ,    0,    0,    0,    0, 
SH, 94, 2015041000, 01, CARQ, -24, 114S, 1628E,  15,    0, TS,  34, AAA,    0,    0,    0,    0,    0,    0,   0,   0,   0,   P,   0,   X,   0,   0,     INVEST,  , 
SH, 94, 2015041000, 01, CARQ, -18, 120S, 1625E,  15,    0, TS,  34, AAA,    0,    0,    0,    0,    0,    0,   0,   0,   0,   P,   0,   X,   0,   0,     INVEST,  , 
SH, 94, 2015041000, 01, CARQ, -12, 128S, 1618E,  15,    0, TS,  34, AAA,    0,    0,    0,    0,    0,    0,   0,   0,   0,   P,   0,   X, 220,   9,     INVEST,  , 
SH, 94, 2015041000, 01, CARQ,  -6, 134S, 1613E,  30,    0, TS,  34, AAA,    0,    0,    0,    0,    0,    0,   0,   0,   0,   P,   0,   X,   0,   0,     INVEST,  , 
SH, 94, 2015041000, 01, CARQ,   0, 140S, 1605E,  45,  989, TS,  34, NEQ,   30,   35,   35,   30, 1008,  200,   0,   0,   0,   P,   0,   X, 225,   9,     INVEST, M, 
SH, 94, 2015041000, 01, CARQ,   0, 140S, 1605E,  45,  989, TS,  50, NEQ,    0,    0,    0,    0, 1008,  200,   0,   0,   0,   P,   0,   X, 225,   9,     INVEST, M, 
SH, 94, 2015041000, 01, CARQ,   0, 140S, 1605E,  45,  989, TS,  64, NEQ,    0,    0,    0,    0, 1008,  200,   0,   0,   0,   P,   0,   X, 225,   9,     INVEST, M, 
