SH, 92, 2015030512, 03, WBS1,  12, 167S,  414E,  38,    0,   ,   0,    ,    0,    0,    0,    0, 
SH, 92, 2015030512, 03, WBS1,  24, 172S,  401E,  40,    0,   ,   0,    ,    0,    0,    0,    0, 
SH, 92, 2015030512, 03, WBS1,  36, 173S,  386E,  43,    0,   ,   0,    ,    0,    0,    0,    0, 
SH, 92, 2015030512, 03, WBS1,  48, 173S,  374E,  36,    0,   ,   0,    ,    0,    0,    0,    0, 
SH, 92, 2015030512, 03, WBS1,  60, 173S,  365E,  30,    0,   ,   0,    ,    0,    0,    0,    0, 
SH, 92, 2015030512, 03, WBS1,  72, 173S,  357E,  33,    0,   ,   0,    ,    0,    0,    0,    0, 
SH, 92, 2015030512, 03, WBS5,  12, 167S,  414E,  39,    0,   ,   0,    ,    0,    0,    0,    0, 
SH, 92, 2015030512, 03, WBS5,  24, 172S,  401E,  43,    0,   ,   0,    ,    0,    0,    0,    0, 
SH, 92, 2015030512, 03, WBS5,  36, 173S,  386E,  46,    0,   ,   0,    ,    0,    0,    0,    0, 
SH, 92, 2015030512, 03, WBS5,  48, 173S,  374E,  38,    0,   ,   0,    ,    0,    0,    0,    0, 
SH, 92, 2015030512, 03, WBS5,  60, 173S,  365E,  31,    0,   ,   0,    ,    0,    0,    0,    0, 
SH, 92, 2015030512, 03, WBS5,  72, 173S,  357E,  32,    0,   ,   0,    ,    0,    0,    0,    0, 
SH, 92, 2015033006, 03, TMMN,   0, 133S,  807E,  24,    0,   ,   0,    ,    0,    0,    0,    0, 
SH, 92, 2015033006, 03, TMMN,   6, 132S,  812E,  25,    0,   ,   0,    ,    0,    0,    0,    0, 
SH, 92, 2015033006, 03, TMMN,  12, 132S,  815E,  25,    0,   ,   0,    ,    0,    0,    0,    0, 
SH, 92, 2015033006, 03, TMMN,  18, 135S,  824E,  25,    0,   ,   0,    ,    0,    0,    0,    0, 
SH, 92, 2015033006, 03, TMMN,  24, 136S,  826E,  26,    0,   ,   0,    ,    0,    0,    0,    0, 
SH, 92, 2015033006, 03, TMMN,  30, 139S,  830E,  26,    0,   ,   0,    ,    0,    0,    0,    0, 
SH, 92, 2015033006, 03, TMMN,  36, 138S,  835E,  30,    0,   ,   0,    ,    0,    0,    0,    0, 
SH, 92, 2015033006, 03, TMMN,  42, 137S,  839E,  30,    0,   ,   0,    ,    0,    0,    0,    0, 
SH, 92, 2015033006, 03, TMMN,  48, 138S,  845E,  32,    0,   ,   0,    ,    0,    0,    0,    0, 
SH, 92, 2015033006, 03, TMMN,  54, 137S,  851E,  32,    0,   ,   0,    ,    0,    0,    0,    0, 
SH, 92, 2015033006, 03, TMMN,  60, 134S,  851E,  31,    0,   ,   0,    ,    0,    0,    0,    0, 
SH, 92, 2015033006, 03, TMMN,  66, 130S,  850E,  30,    0,   ,   0,    ,    0,    0,    0,    0, 
SH, 92, 2015033006, 03, TMMN,  72, 127S,  847E,  30,    0,   ,   0,    ,    0,    0,    0,    0, 
SH, 92, 2015033006, 03, TMMN,  78, 123S,  844E,  29,    0,   ,   0,    ,    0,    0,    0,    0, 
SH, 92, 2015033006, 03, TMMN,  84, 121S,  841E,  30,    0,   ,   0,    ,    0,    0,    0,    0, 
SH, 92, 2015033006, 03, TMMN,  90, 118S,  835E,  30,    0,   ,   0,    ,    0,    0,    0,    0, 
SH, 92, 2015033006, 03, TMMN,  96, 116S,  826E,  30,    0,   ,   0,    ,    0,    0,    0,    0, 
SH, 92, 2015033006, 03, TMMN, 102, 117S,  820E,  30,    0,   ,   0,    ,    0,    0,    0,    0, 
SH, 92, 2015033006, 03, TMMN, 108, 117S,  816E,  31,    0,   ,   0,    ,    0,    0,    0,    0, 
SH, 92, 2015033006, 03, TMMN, 114, 118S,  809E,  30,    0,   ,   0,    ,    0,    0,    0,    0, 
SH, 92, 2015033006, 03, TMMN, 120, 116S,  807E,  32,    0,   ,   0,    ,    0,    0,    0,    0, 
SH, 92, 2015033006, 03, TMMN, 126, 118S,  803E,  34,    0,   ,   0,    ,    0,    0,    0,    0, 
SH, 92, 2015033006, 03, TMMN, 132, 121S,  800E,  37,    0,   ,   0,    ,    0,    0,    0,    0, 
SH, 92, 2015033006, 03, TMMN, 138, 123S,  801E,  37,    0,   ,   0,    ,    0,    0,    0,    0, 
SH, 92, 2015033006, 03, TMMN, 144, 126S,  797E,  39,    0,   ,   0,    ,    0,    0,    0,    0, 
SH, 92, 2015033006, 71, JNVG,   0, 125S,  806E,  15,    0,   ,  34, NEQ,    0,    0,    0,    0, 
SH, 92, 2015033006, 71, JNVG,  12, 116S,  806E,  15,    0,   ,  34, NEQ,    0,    0,    0,    0, 
SH, 92, 2015033006, 71, JNVG,  24, 115S,  824E,  10,    0,   ,  34, NEQ,    0,    0,    0,    0, 
SH, 92, 2015033006, 71, JNVG,  36, 118S,  835E,  10,    0,   ,  34, NEQ,    0,    0,    0,    0, 
SH, 92, 2015033006, 71, JNVG,  48, 134S,  832E,  15,    0,   ,  34, NEQ,    0,    0,    0,    0, 
SH, 92, 2015033006, 71, JNVG,  60, 135S,  836E,  15,    0,   ,  34, NEQ,    0,    0,    0,    0, 
SH, 92, 2015033006, 71, JNVG,  72, 145S,  817E,  20,    0,   ,  34, NEQ,    0,    0,    0,    0, 
SH, 92, 2015033006, 71, JNVG,  84, 136S,  795E,  20,    0,   ,  34, NEQ,    0,    0,    0,    0, 
SH, 92, 2015033006, 71, JNVG,  96, 135S,  776E,  15,    0,   ,  34, NEQ,    0,    0,    0,    0, 
SH, 92, 2015033006, 71, JNVG, 108, 136S,  774E,  20,    0,   ,  34, NEQ,    0,    0,    0,    0, 
SH, 92, 2015033006, 71, JNVG, 120, 145S,  747E,  15,    0,   ,  34, NEQ,    0,    0,    0,    0, 
SH, 92, 2015033006, 72, JAVN,   0, 127S,  816E,  15,    0,   ,  34, NEQ,    0,    0,    0,    0, 
SH, 92, 2015033006, 72, JAVN,  12, 125S,  830E,  15,    0,   ,  34, NEQ,    0,    0,    0,    0, 
SH, 92, 2015033006, 72, JAVN,  24, 145S,  827E,  15,    0,   ,  34, NEQ,    0,    0,    0,    0, 
SH, 92, 2015033006, 72, JAVN,  36, 154S,  834E,  15,    0,   ,  34, NEQ,    0,    0,    0,    0, 
SH, 92, 2015033006, 72, JAVN,  48, 164S,  826E,  15,    0,   ,  34, NEQ,    0,    0,    0,    0, 
SH, 92, 2015033006, 72, JAVN,  60, 154S,  853E,  15,    0,   ,  34, NEQ,    0,    0,    0,    0, 
SH, 92, 2015033006, 72, JAVN,  72, 145S,  859E,  15,    0,   ,  34, NEQ,    0,    0,    0,    0, 
SH, 92, 2015033006, 72, JAVN,  84, 142S,  865E,  15,    0,   ,  34, NEQ,    0,    0,    0,    0, 
SH, 92, 2015033006, 72, JAVN,  96, 143S,  845E,  10,    0,   ,  34, NEQ,    0,    0,    0,    0, 
SH, 92, 2015033006, 72, JAVN, 108, 135S,  847E,  10,    0,   ,  34, NEQ,    0,    0,    0,    0, 
SH, 92, 2015033006, 72, JAVN, 120, 145S,  838E,  15,    0,   ,  34, NEQ,    0,    0,    0,    0, 
SH, 92, 2015033012, 01, CARQ, -18, 131S,  824E,  15,    0,   ,   0,    ,    0,    0,    0,    0, 
SH, 92, 2015033012, 01, CARQ, -12, 134S,  812E,  15,    0,   ,   0,    ,    0,    0,    0,    0, 
SH, 92, 2015033012, 01, CARQ,  -6, 138S,  800E,  15,    0,   ,   0,    ,    0,    0,    0,    0, 
SH, 92, 2015033012, 01, CARQ,   0, 144S,  791E,  15,    0,   ,   0,    ,    0,    0,    0,    0, 
SH, 92, 2015033012, 03, CLIM,  12, 147S,  776E,   0,    0,   ,   0,    ,    0,    0,    0,    0, 
SH, 92, 2015033012, 03, CLIM,  24, 153S,  759E,   0,    0,   ,   0,    ,    0,    0,    0,    0, 
SH, 92, 2015033012, 03, CLIM,  36, 163S,  742E,   0,    0,   ,   0,    ,    0,    0,    0,    0, 
SH, 92, 2015033012, 03, CLIM,  48, 170S,  729E,   0,    0,   ,   0,    ,    0,    0,    0,    0, 
SH, 92, 2015033012, 03, CLIM,  72, 189S,  705E,   0,    0,   ,   0,    ,    0,    0,    0,    0, 
SH, 92, 2015033012, 03, CLIP,  12, 157S,  782E,   0,    0,   ,   0,    ,    0,    0,    0,    0, 
SH, 92, 2015033012, 03, CLIP,  24, 168S,  773E,   0,    0,   ,   0,    ,    0,    0,    0,    0, 
SH, 92, 2015033012, 03, CLIP,  36, 180S,  765E,   0,    0,   ,   0,    ,    0,    0,    0,    0, 
SH, 92, 2015033012, 03, CLIP,  48, 194S,  763E,   0,    0,   ,   0,    ,    0,    0,    0,    0, 
SH, 92, 2015033012, 03, CLIP,  72, 218S,  763E,   0,    0,   ,   0,    ,    0,    0,    0,    0, 
SH, 92, 2015033012, 03, CLSI,  12, 152S,  772E,   0,    0,   ,   0,    ,    0,    0,    0,    0, 
SH, 92, 2015033012, 03, CLSI,  24, 157S,  756E,   0,    0,   ,   0,    ,    0,    0,    0,    0, 
SH, 92, 2015033012, 03, CLSI,  36, 160S,  743E,   0,    0,   ,   0,    ,    0,    0,    0,    0, 
SH, 92, 2015033012, 03, CLSI,  48, 162S,  732E,   0,    0,   ,   0,    ,    0,    0,    0,    0, 
SH, 92, 2015033012, 03, CLSI,  72, 159S,  710E,   0,    0,   ,   0,    ,    0,    0,    0,    0, 
SH, 92, 2015033012, 03, FIM9,   0, 148S,  788E,  18, 1009, XX,  34, NEQ,    0,    0,    0,    0, 
SH, 92, 2015033012, 03, FIM9,   6, 164S,  790E,  21, 1011, XX,  34, NEQ,    0,    0,    0,    0, 
SH, 92, 2015033012, 03, HPAC,  12, 151S,  773E,   0,    0,   ,   0,    ,    0,    0,    0,    0, 
SH, 92, 2015033012, 03, HPAC,  24, 159S,  754E,   0,    0,   ,   0,    ,    0,    0,    0,    0, 
SH, 92, 2015033012, 03, HPAC,  36, 169S,  735E,   0,    0,   ,   0,    ,    0,    0,    0,    0, 
SH, 92, 2015033012, 03, HPAC,  48, 177S,  718E,   0,    0,   ,   0,    ,    0,    0,    0,    0, 
SH, 92, 2015033012, 03, HPAC,  72, 196S,  684E,   0,    0,   ,   0,    ,    0,    0,    0,    0, 
SH, 92, 2015033012, 03, RECR,  12, 148S,  776E,   0,    0,   ,   0,    ,    0,    0,    0,    0, 
SH, 92, 2015033012, 03, RECR,  24, 157S,  768E,   0,    0,   ,   0,    ,    0,    0,    0,    0, 
SH, 92, 2015033012, 03, RECR,  36, 165S,  759E,   0,    0,   ,   0,    ,    0,    0,    0,    0, 
SH, 92, 2015033012, 03, RECR,  48, 171S,  748E,   0,    0,   ,   0,    ,    0,    0,    0,    0, 
SH, 92, 2015033012, 03, RECR,  72, 179S,  698E,   0,    0,   ,   0,    ,    0,    0,    0,    0, 
SH, 92, 2015033012, 03, ST5D,  12,   0N,    0E,  18,    0,   ,   0,    ,    0,    0,    0,    0, 
SH, 92, 2015033012, 03, ST5D,  24,   0N,    0E,  23,    0,   ,   0,    ,    0,    0,    0,    0, 
SH, 92, 2015033012, 03, ST5D,  36,   0N,    0E,  28,    0,   ,   0,    ,    0,    0,    0,    0, 
SH, 92, 2015033012, 03, ST5D,  48,   0N,    0E,  33,    0,   ,   0,    ,    0,    0,    0,    0, 
SH, 92, 2015033012, 03, ST5D,  60,   0N,    0E,  38,    0,   ,   0,    ,    0,    0,    0,    0, 
SH, 92, 2015033012, 03, ST5D,  72,   0N,    0E,  42,    0,   ,   0,    ,    0,    0,    0,    0, 
SH, 92, 2015033012, 03, ST5D,  84,   0N,    0E,  46,    0,   ,   0,    ,    0,    0,    0,    0, 
SH, 92, 2015033012, 03, ST5D,  96,   0N,    0E,  49,    0,   ,   0,    ,    0,    0,    0,    0, 
SH, 92, 2015033012, 03, ST5D, 108,   0N,    0E,  54,    0,   ,   0,    ,    0,    0,    0,    0, 
SH, 92, 2015033012, 03, ST5D, 120,   0N,    0E,  54,    0,   ,   0,    ,    0,    0,    0,    0, 
SH, 92, 2015033012, 03, STRT,  12, 148S,  788E,   0,    0,   ,   0,    ,    0,    0,    0,    0, 
SH, 92, 2015033012, 03, STRT,  24, 152S,  785E,   0,    0,   ,   0,    ,    0,    0,    0,    0, 
SH, 92, 2015033012, 03, STRT,  36, 156S,  782E,   0,    0,   ,   0,    ,    0,    0,    0,    0, 
SH, 92, 2015033012, 03, STRT,  48, 160S,  779E,   0,    0,   ,   0,    ,    0,    0,    0,    0, 
SH, 92, 2015033012, 03, STRT,  72, 168S,  773E,   0,    0,   ,   0,    ,    0,    0,    0,    0, 
SH, 92, 2015033012, 03, WBAR,   0, 144S,  791E,   0,    0,   ,   0,    ,    0,    0,    0,    0, 
SH, 92, 2015033012, 03, WBAR,   6, 170S,  779E,   0,    0,   ,   0,    ,    0,    0,    0,    0, 
SH, 92, 2015033012, 03, WBAR,  12, 175S,  771E,   0,    0,   ,   0,    ,    0,    0,    0,    0, 
SH, 92, 2015033012, 03, WBAR,  18, 179S,  766E,   0,    0,   ,   0,    ,    0,    0,    0,    0, 
SH, 92, 2015033012, 03, WBAR,  24, 184S,  762E,   0,    0,   ,   0,    ,    0,    0,    0,    0, 
SH, 92, 2015033012, 03, WBAR,  30, 189S,  759E,   0,    0,   ,   0,    ,    0,    0,    0,    0, 
SH, 92, 2015033012, 03, WBAR,  36, 195S,  756E,   0,    0,   ,   0,    ,    0,    0,    0,    0, 
SH, 92, 2015033012, 03, WBAR,  42, 200S,  752E,   0,    0,   ,   0,    ,    0,    0,    0,    0, 
SH, 92, 2015033012, 03, WBAR,  48, 203S,  748E,   0,    0,   ,   0,    ,    0,    0,    0,    0, 
SH, 92, 2015033012, 03, WBAR,  54, 206S,  743E,   0,    0,   ,   0,    ,    0,    0,    0,    0, 
SH, 92, 2015033012, 03, WBAR,  60, 208S,  736E,   0,    0,   ,   0,    ,    0,    0,    0,    0, 
SH, 92, 2015033012, 03, WBAR,  66, 209S,  728E,   0,    0,   ,   0,    ,    0,    0,    0,    0, 
SH, 92, 2015033012, 03, WBAR,  72, 210S,  719E,   0,    0,   ,   0,    ,    0,    0,    0,    0, 
SH, 92, 2015033012, 03, XTRP,  12, 152S,  770E,  15,    0,   ,   0,    ,    0,    0,    0,    0, 
SH, 92, 2015033012, 03, XTRP,  24, 162S,  749E,  15,    0,   ,   0,    ,    0,    0,    0,    0, 
SH, 92, 2015033012, 03, XTRP,  36, 172S,  727E,  15,    0,   ,   0,    ,    0,    0,    0,    0, 
SH, 92, 2015033012, 03, XTRP,  48, 182S,  706E,  15,    0,   ,   0,    ,    0,    0,    0,    0, 
SH, 92, 2015033012, 03, XTRP,  60, 192S,  684E,  15,    0,   ,   0,    ,    0,    0,    0,    0, 
SH, 92, 2015033012, 03, XTRP,  72, 202S,  663E,  15,    0,   ,   0,    ,    0,    0,    0,    0, 
SH, 92, 2015033012, 03, XTRP,  84, 212S,  641E,  15,    0,   ,   0,    ,    0,    0,    0,    0, 
SH, 92, 2015033012, 03, XTRP,  96, 222S,  619E,  15,    0,   ,   0,    ,    0,    0,    0,    0, 
SH, 92, 2015033012, 03, XTRP, 108, 232S,  597E,  15,    0,   ,   0,    ,    0,    0,    0,    0, 
SH, 92, 2015033012, 03, XTRP, 120, 242S,  574E,  15,    0,   ,   0,    ,    0,    0,    0,    0, 
SH, 92, 2015033012, 71, JNVG,   0, 120S,  803E,  15,    0,   ,  34, NEQ,    0,    0,    0,    0, 
SH, 92, 2015033012, 71, JNVG,  12, 115S,  826E,  15,    0,   ,  34, NEQ,    0,    0,    0,    0, 
SH, 92, 2015033012, 71, JNVG,  24, 111S,  837E,  10,    0,   ,  34, NEQ,    0,    0,    0,    0, 
SH, 92, 2015033012, 71, JNVG,  36, 117S,  841E,  10,    0,   ,  34, NEQ,    0,    0,    0,    0, 
SH, 92, 2015033012, 71, JNVG,  48, 140S,  840E,  15,    0,   ,  34, NEQ,    0,    0,    0,    0, 
SH, 92, 2015033012, 71, JNVG,  60, 145S,  823E,  15,    0,   ,  34, NEQ,    0,    0,    0,    0, 
SH, 92, 2015033012, 71, JNVG,  72, 134S,  820E,  15,    0,   ,  34, NEQ,    0,    0,    0,    0, 
SH, 92, 2015033012, 71, JNVG,  84, 127S,  822E,  15,    0,   ,  34, NEQ,    0,    0,    0,    0, 
SH, 92, 2015033012, 71, JNVG,  96, 133S,  819E,  15,    0,   ,  34, NEQ,    0,    0,    0,    0, 
SH, 92, 2015033012, 71, JNVG, 108, 137S,  799E,  15,    0,   ,  34, NEQ,    0,    0,    0,    0, 
SH, 92, 2015033012, 71, JNVG, 120, 136S,  789E,  15,    0,   ,  34, NEQ,    0,    0,    0,    0, 
SH, 92, 2015033012, 72, JAVN,   0, 125S,  823E,  15,    0,   ,  34, NEQ,    0,    0,    0,    0, 
SH, 92, 2015033012, 72, JAVN,  12, 124S,  843E,  10,    0,   ,  34, NEQ,    0,    0,    0,    0, 
SH, 92, 2015033012, 72, JAVN,  24, 135S,  841E,  15,    0,   ,  34, NEQ,    0,    0,    0,    0, 
SH, 92, 2015033012, 72, JAVN,  36, 154S,  835E,  15,    0,   ,  34, NEQ,    0,    0,    0,    0, 
SH, 92, 2015033012, 72, JAVN,  48, 155S,  840E,  15,    0,   ,  34, NEQ,    0,    0,    0,    0, 
SH, 92, 2015033012, 72, JAVN,  60, 145S,  846E,  15,    0,   ,  34, NEQ,    0,    0,    0,    0, 
SH, 92, 2015033012, 72, JAVN,  72, 138S,  845E,  15,    0,   ,  34, NEQ,    0,    0,    0,    0, 
SH, 92, 2015033012, 72, JAVN,  84, 135S,  844E,  15,    0,   ,  34, NEQ,    0,    0,    0,    0, 
SH, 92, 2015033012, 72, JAVN,  96, 133S,  826E,  15,    0,   ,  34, NEQ,    0,    0,    0,    0, 
SH, 92, 2015033012, 72, JAVN, 108, 135S,  818E,  15,    0,   ,  34, NEQ,    0,    0,    0,    0, 
SH, 92, 2015033012, 72, JAVN, 120, 144S,  796E,  15,    0,   ,  34, NEQ,    0,    0,    0,    0, 
SH, 92, 2015033012, 74, JJGS,   0, 145S,  791E,  15,    0,   ,  34, NEQ,    0,    0,    0,    0, 
SH, 92, 2015033012, 74, JJGS,  12, 169S,  763E,  15,    0,   ,  34, NEQ,    0,    0,    0,    0, 
SH, 92, 2015033018, 01, CARQ, -24, 131S,  824E,  15,    0,   ,   0,    ,    0,    0,    0,    0, 
SH, 92, 2015033018, 01, CARQ, -18, 134S,  812E,  15,    0,   ,   0,    ,    0,    0,    0,    0, 
SH, 92, 2015033018, 01, CARQ, -12, 138S,  800E,  15,    0,   ,   0,    ,    0,    0,    0,    0, 
SH, 92, 2015033018, 01, CARQ,  -6, 144S,  791E,  15,    0,   ,   0,    ,    0,    0,    0,    0, 
SH, 92, 2015033018, 01, CARQ,   0, 149S,  783E,  15,    0,   ,   0,    ,    0,    0,    0,    0, 
SH, 92, 2015033018, 03, CLIM,  12, 154S,  767E,   0,    0,   ,   0,    ,    0,    0,    0,    0, 
SH, 92, 2015033018, 03, CLIM,  24, 161S,  751E,   0,    0,   ,   0,    ,    0,    0,    0,    0, 
SH, 92, 2015033018, 03, CLIM,  36, 168S,  739E,   0,    0,   ,   0,    ,    0,    0,    0,    0, 
SH, 92, 2015033018, 03, CLIM,  48, 175S,  727E,   0,    0,   ,   0,    ,    0,    0,    0,    0, 
SH, 92, 2015033018, 03, CLIM,  72, 198S,  707E,   0,    0,   ,   0,    ,    0,    0,    0,    0, 
SH, 92, 2015033018, 03, CLIP,  12, 160S,  771E,   0,    0,   ,   0,    ,    0,    0,    0,    0, 
SH, 92, 2015033018, 03, CLIP,  24, 172S,  761E,   0,    0,   ,   0,    ,    0,    0,    0,    0, 
SH, 92, 2015033018, 03, CLIP,  36, 183S,  752E,   0,    0,   ,   0,    ,    0,    0,    0,    0, 
SH, 92, 2015033018, 03, CLIP,  48, 194S,  745E,   0,    0,   ,   0,    ,    0,    0,    0,    0, 
SH, 92, 2015033018, 03, CLIP,  72, 218S,  738E,   0,    0,   ,   0,    ,    0,    0,    0,    0, 
SH, 92, 2015033018, 03, CLSI,  12, 158S,  769E,   0,    0,   ,   0,    ,    0,    0,    0,    0, 
SH, 92, 2015033018, 03, CLSI,  24, 164S,  757E,   0,    0,   ,   0,    ,    0,    0,    0,    0, 
SH, 92, 2015033018, 03, CLSI,  36, 168S,  747E,   0,    0,   ,   0,    ,    0,    0,    0,    0, 
SH, 92, 2015033018, 03, CLSI,  48, 172S,  739E,   0,    0,   ,   0,    ,    0,    0,    0,    0, 
SH, 92, 2015033018, 03, CLSI,  72, 167S,  722E,   0,    0,   ,   0,    ,    0,    0,    0,    0, 
SH, 92, 2015033018, 03, DSHW,   0, 149S,  783E,  15,    0, TD,   0,    ,    0,    0,    0,    0, 
SH, 92, 2015033018, 03, DSHW,  12, 166S,  769E,  17,    0, TD,   0,    ,    0,    0,    0,    0, 
SH, 92, 2015033018, 03, DSHW,  24, 176S,  761E,  21,    0, TD,   0,    ,    0,    0,    0,    0, 
SH, 92, 2015033018, 03, DSHW,  36, 186S,  754E,  24,    0, TD,   0,    ,    0,    0,    0,    0, 
SH, 92, 2015033018, 03, DSHW,  48, 192S,  744E,  27,    0, TD,   0,    ,    0,    0,    0,    0, 
SH, 92, 2015033018, 03, DSHW,  60, 196S,  729E,  27,    0, TD,   0,    ,    0,    0,    0,    0, 
SH, 92, 2015033018, 03, DSHW,  72, 199S,  715E,  26,    0, TD,   0,    ,    0,    0,    0,    0, 
SH, 92, 2015033018, 03, DSHW,  84,   0N,    0E,  23,    0,   ,   0,    ,    0,    0,    0,    0, 
SH, 92, 2015033018, 03, DSHW,  96,   0N,    0E,  21,    0,   ,   0,    ,    0,    0,    0,    0, 
SH, 92, 2015033018, 03, DSHW, 108,   0N,    0E,  22,    0,   ,   0,    ,    0,    0,    0,    0, 
SH, 92, 2015033018, 03, DSHW, 120,   0N,    0E,  23,    0,   ,   0,    ,    0,    0,    0,    0, 
SH, 92, 2015033018, 03, HPAC,  12, 157S,  767E,   0,    0,   ,   0,    ,    0,    0,    0,    0, 
SH, 92, 2015033018, 03, HPAC,  24, 166S,  750E,   0,    0,   ,   0,    ,    0,    0,    0,    0, 
SH, 92, 2015033018, 03, HPAC,  36, 175S,  735E,   0,    0,   ,   0,    ,    0,    0,    0,    0, 
SH, 92, 2015033018, 03, HPAC,  48, 184S,  721E,   0,    0,   ,   0,    ,    0,    0,    0,    0, 
SH, 92, 2015033018, 03, HPAC,  72, 207S,  693E,   0,    0,   ,   0,    ,    0,    0,    0,    0, 
SH, 92, 2015033018, 03, LGEW,   0, 149S,  783E,  15,    0, TD,   0,    ,    0,    0,    0,    0, 
SH, 92, 2015033018, 03, LGEW,  12, 166S,  769E,  15,    0, TD,   0,    ,    0,    0,    0,    0, 
SH, 92, 2015033018, 03, LGEW,  24, 176S,  761E,  15,    0, TD,   0,    ,    0,    0,    0,    0, 
SH, 92, 2015033018, 03, RECR,  12, 157S,  771E,   0,    0,   ,   0,    ,    0,    0,    0,    0, 
SH, 92, 2015033018, 03, RECR,  24, 163S,  757E,   0,    0,   ,   0,    ,    0,    0,    0,    0, 
SH, 92, 2015033018, 03, RECR,  36, 170S,  747E,   0,    0,   ,   0,    ,    0,    0,    0,    0, 
SH, 92, 2015033018, 03, RECR,  48, 176S,  722E,   0,    0,   ,   0,    ,    0,    0,    0,    0, 
SH, 92, 2015033018, 03, RECR,  72, 189S,  670E,   0,    0,   ,   0,    ,    0,    0,    0,    0, 
SH, 92, 2015033018, 03, SHIW,   0, 149S,  783E,  15,    0, TD,   0,    ,    0,    0,    0,    0, 
SH, 92, 2015033018, 03, SHIW,  12, 166S,  769E,  17,    0, TD,   0,    ,    0,    0,    0,    0, 
SH, 92, 2015033018, 03, SHIW,  24, 176S,  761E,  21,    0, TD,   0,    ,    0,    0,    0,    0, 
SH, 92, 2015033018, 03, SHIW,  36, 186S,  754E,  24,    0, TD,   0,    ,    0,    0,    0,    0, 
SH, 92, 2015033018, 03, SHIW,  48, 192S,  744E,  27,    0, TD,   0,    ,    0,    0,    0,    0, 
SH, 92, 2015033018, 03, SHIW,  60, 196S,  729E,  27,    0, TD,   0,    ,    0,    0,    0,    0, 
SH, 92, 2015033018, 03, SHIW,  72, 199S,  715E,  26,    0, TD,   0,    ,    0,    0,    0,    0, 
SH, 92, 2015033018, 03, SHIW,  84,   0N,    0E,  23,    0,   ,   0,    ,    0,    0,    0,    0, 
SH, 92, 2015033018, 03, SHIW,  96,   0N,    0E,  21,    0,   ,   0,    ,    0,    0,    0,    0, 
SH, 92, 2015033018, 03, SHIW, 108,   0N,    0E,  22,    0,   ,   0,    ,    0,    0,    0,    0, 
SH, 92, 2015033018, 03, SHIW, 120,   0N,    0E,  23,    0,   ,   0,    ,    0,    0,    0,    0, 
SH, 92, 2015033018, 03, ST5D,  12,   0N,    0E,  18,    0,   ,   0,    ,    0,    0,    0,    0, 
SH, 92, 2015033018, 03, ST5D,  24,   0N,    0E,  23,    0,   ,   0,    ,    0,    0,    0,    0, 
SH, 92, 2015033018, 03, ST5D,  36,   0N,    0E,  28,    0,   ,   0,    ,    0,    0,    0,    0, 
SH, 92, 2015033018, 03, ST5D,  48,   0N,    0E,  33,    0,   ,   0,    ,    0,    0,    0,    0, 
SH, 92, 2015033018, 03, ST5D,  60,   0N,    0E,  37,    0,   ,   0,    ,    0,    0,    0,    0, 
SH, 92, 2015033018, 03, ST5D,  72,   0N,    0E,  41,    0,   ,   0,    ,    0,    0,    0,    0, 
SH, 92, 2015033018, 03, ST5D,  84,   0N,    0E,  45,    0,   ,   0,    ,    0,    0,    0,    0, 
SH, 92, 2015033018, 03, ST5D,  96,   0N,    0E,  48,    0,   ,   0,    ,    0,    0,    0,    0, 
SH, 92, 2015033018, 03, ST5D, 108,   0N,    0E,  53,    0,   ,   0,    ,    0,    0,    0,    0, 
SH, 92, 2015033018, 03, ST5D, 120,   0N,    0E,  53,    0,   ,   0,    ,    0,    0,    0,    0, 
SH, 92, 2015033018, 03, STRT,  12, 153S,  780E,   0,    0,   ,   0,    ,    0,    0,    0,    0, 
SH, 92, 2015033018, 03, STRT,  24, 157S,  777E,   0,    0,   ,   0,    ,    0,    0,    0,    0, 
SH, 92, 2015033018, 03, STRT,  36, 161S,  774E,   0,    0,   ,   0,    ,    0,    0,    0,    0, 
SH, 92, 2015033018, 03, STRT,  48, 165S,  771E,   0,    0,   ,   0,    ,    0,    0,    0,    0, 
SH, 92, 2015033018, 03, STRT,  72, 174S,  760E,   0,    0,   ,   0,    ,    0,    0,    0,    0, 
SH, 92, 2015033018, 03, TMMN,   0, 151S,  779E,  26,    0,   ,   0,    ,    0,    0,    0,    0, 
SH, 92, 2015033018, 03, TMMN,   6, 149S,  777E,  27,    0,   ,   0,    ,    0,    0,    0,    0, 
SH, 92, 2015033018, 03, TMMN,  12, 153S,  776E,  30,    0,   ,   0,    ,    0,    0,    0,    0, 
SH, 92, 2015033018, 03, TMMN,  18, 154S,  776E,  30,    0,   ,   0,    ,    0,    0,    0,    0, 
SH, 92, 2015033018, 03, TMMN,  24, 157S,  776E,  30,    0,   ,   0,    ,    0,    0,    0,    0, 
SH, 92, 2015033018, 03, TMMN,  30, 159S,  770E,  30,    0,   ,   0,    ,    0,    0,    0,    0, 
SH, 92, 2015033018, 03, TMMN,  36, 159S,  769E,  29,    0,   ,   0,    ,    0,    0,    0,    0, 
SH, 92, 2015033018, 03, TMMN,  42, 156S,  762E,  29,    0,   ,   0,    ,    0,    0,    0,    0, 
SH, 92, 2015033018, 03, TMMN,  48, 156S,  758E,  29,    0,   ,   0,    ,    0,    0,    0,    0, 
SH, 92, 2015033018, 03, TMMN,  54, 151S,  755E,  31,    0,   ,   0,    ,    0,    0,    0,    0, 
SH, 92, 2015033018, 03, TMMN,  60, 150S,  748E,  30,    0,   ,   0,    ,    0,    0,    0,    0, 
SH, 92, 2015033018, 03, TMMN,  66, 149S,  741E,  29,    0,   ,   0,    ,    0,    0,    0,    0, 
SH, 92, 2015033018, 03, TMMN,  72, 149S,  735E,  30,    0,   ,   0,    ,    0,    0,    0,    0, 
SH, 92, 2015033018, 03, TMMN,  78, 148S,  728E,  34,    0,   ,   0,    ,    0,    0,    0,    0, 
SH, 92, 2015033018, 03, TMMN,  84, 151S,  726E,  34,    0,   ,   0,    ,    0,    0,    0,    0, 
SH, 92, 2015033018, 03, TMMN,  90, 153S,  718E,  34,    0,   ,   0,    ,    0,    0,    0,    0, 
SH, 92, 2015033018, 03, TMMN,  96, 157S,  718E,  34,    0,   ,   0,    ,    0,    0,    0,    0, 
SH, 92, 2015033018, 03, TMMN, 102, 156S,  712E,  36,    0,   ,   0,    ,    0,    0,    0,    0, 
SH, 92, 2015033018, 03, TMMN, 108, 159S,  707E,  34,    0,   ,   0,    ,    0,    0,    0,    0, 
SH, 92, 2015033018, 03, TMMN, 114, 159S,  703E,  33,    0,   ,   0,    ,    0,    0,    0,    0, 
SH, 92, 2015033018, 03, TMMN, 120, 159S,  701E,  33,    0,   ,   0,    ,    0,    0,    0,    0, 
SH, 92, 2015033018, 03, TMMN, 126, 157S,  698E,  33,    0,   ,   0,    ,    0,    0,    0,    0, 
SH, 92, 2015033018, 03, TMMN, 132, 157S,  694E,  34,    0,   ,   0,    ,    0,    0,    0,    0, 
SH, 92, 2015033018, 03, TMMN, 138, 155S,  685E,  35,    0,   ,   0,    ,    0,    0,    0,    0, 
SH, 92, 2015033018, 03, TMMN, 144, 153S,  682E,  35,    0,   ,   0,    ,    0,    0,    0,    0, 
SH, 92, 2015033018, 03, WBAI,   0, 148S,  783E,   0,    0,   ,  34, NEQ,    0,    0,    0,    0, 
SH, 92, 2015033018, 03, WBAI,  12, 166S,  769E,   0,    0,   ,  34, NEQ,    0,    0,    0,    0, 
SH, 92, 2015033018, 03, WBAI,  24, 176S,  761E,   0,    0,   ,  34, NEQ,    0,    0,    0,    0, 
SH, 92, 2015033018, 03, WBAI,  36, 186S,  754E,   0,    0,   ,  34, NEQ,    0,    0,    0,    0, 
SH, 92, 2015033018, 03, WBAI,  48, 192S,  744E,   0,    0,   ,  34, NEQ,    0,    0,    0,    0, 
SH, 92, 2015033018, 03, WBAI,  60, 196S,  729E,   0,    0,   ,  34, NEQ,    0,    0,    0,    0, 
SH, 92, 2015033018, 03, WBAI,  72, 199S,  715E,   0,    0,   ,  34, NEQ,    0,    0,    0,    0, 
SH, 92, 2015033018, 03, WBAR,   0, 149S,  783E,   0,    0,   ,   0,    ,    0,    0,    0,    0, 
SH, 92, 2015033018, 03, WBAR,   6, 159S,  759E,   0,    0,   ,   0,    ,    0,    0,    0,    0, 
SH, 92, 2015033018, 03, WBAR,  12, 170S,  757E,   0,    0,   ,   0,    ,    0,    0,    0,    0, 
SH, 92, 2015033018, 03, WBAR,  18, 178S,  755E,   0,    0,   ,   0,    ,    0,    0,    0,    0, 
SH, 92, 2015033018, 03, WBAR,  24, 185S,  752E,   0,    0,   ,   0,    ,    0,    0,    0,    0, 
SH, 92, 2015033018, 03, WBAR,  30, 190S,  749E,   0,    0,   ,   0,    ,    0,    0,    0,    0, 
SH, 92, 2015033018, 03, WBAR,  36, 196S,  746E,   0,    0,   ,   0,    ,    0,    0,    0,    0, 
SH, 92, 2015033018, 03, WBAR,  42, 200S,  743E,   0,    0,   ,   0,    ,    0,    0,    0,    0, 
SH, 92, 2015033018, 03, WBAR,  48, 204S,  739E,   0,    0,   ,   0,    ,    0,    0,    0,    0, 
SH, 92, 2015033018, 03, WBAR,  54, 206S,  732E,   0,    0,   ,   0,    ,    0,    0,    0,    0, 
SH, 92, 2015033018, 03, WBAR,  60, 208S,  725E,   0,    0,   ,   0,    ,    0,    0,    0,    0, 
SH, 92, 2015033018, 03, WBAR,  66, 210S,  716E,   0,    0,   ,   0,    ,    0,    0,    0,    0, 
SH, 92, 2015033018, 03, WBAR,  72, 213S,  707E,   0,    0,   ,   0,    ,    0,    0,    0,    0, 
SH, 92, 2015033018, 03, WBS1,  12, 166S,  769E,  18,    0,   ,   0,    ,    0,    0,    0,    0, 
SH, 92, 2015033018, 03, WBS1,  24, 176S,  761E,  21,    0,   ,   0,    ,    0,    0,    0,    0, 
SH, 92, 2015033018, 03, WBS1,  36, 186S,  754E,  24,    0,   ,   0,    ,    0,    0,    0,    0, 
SH, 92, 2015033018, 03, WBS1,  48, 192S,  744E,  26,    0,   ,   0,    ,    0,    0,    0,    0, 
SH, 92, 2015033018, 03, WBS1,  60, 196S,  729E,  26,    0,   ,   0,    ,    0,    0,    0,    0, 
SH, 92, 2015033018, 03, WBS1,  72, 199S,  715E,  25,    0,   ,   0,    ,    0,    0,    0,    0, 
SH, 92, 2015033018, 03, WBS5,  12, 166S,  769E,  17,    0,   ,   0,    ,    0,    0,    0,    0, 
SH, 92, 2015033018, 03, WBS5,  24, 176S,  761E,  21,    0,   ,   0,    ,    0,    0,    0,    0, 
SH, 92, 2015033018, 03, WBS5,  36, 186S,  754E,  22,    0,   ,   0,    ,    0,    0,    0,    0, 
SH, 92, 2015033018, 03, WBS5,  48, 192S,  744E,  21,    0,   ,   0,    ,    0,    0,    0,    0, 
SH, 92, 2015033018, 03, WBS5,  60, 196S,  729E,  18,    0,   ,   0,    ,    0,    0,    0,    0, 
SH, 92, 2015033018, 03, XTRP,  12, 158S,  766E,  15,    0,   ,   0,    ,    0,    0,    0,    0, 
SH, 92, 2015033018, 03, XTRP,  24, 169S,  749E,  15,    0,   ,   0,    ,    0,    0,    0,    0, 
SH, 92, 2015033018, 03, XTRP,  36, 180S,  732E,  15,    0,   ,   0,    ,    0,    0,    0,    0, 
SH, 92, 2015033018, 03, XTRP,  48, 191S,  714E,  15,    0,   ,   0,    ,    0,    0,    0,    0, 
SH, 92, 2015033018, 03, XTRP,  60, 202S,  697E,  15,    0,   ,   0,    ,    0,    0,    0,    0, 
SH, 92, 2015033018, 03, XTRP,  72, 213S,  679E,  15,    0,   ,   0,    ,    0,    0,    0,    0, 
SH, 92, 2015033018, 03, XTRP,  84, 225S,  662E,  15,    0,   ,   0,    ,    0,    0,    0,    0, 
SH, 92, 2015033018, 03, XTRP,  96, 236S,  644E,  15,    0,   ,   0,    ,    0,    0,    0,    0, 
SH, 92, 2015033018, 03, XTRP, 108, 247S,  626E,  15,    0,   ,   0,    ,    0,    0,    0,    0, 
SH, 92, 2015033018, 03, XTRP, 120, 258S,  607E,  15,    0,   ,   0,    ,    0,    0,    0,    0, 
SH, 92, 2015033018, 71, JNVG,   0, 117S,  816E,  15,    0,   ,  34, NEQ,    0,    0,    0,    0, 
SH, 92, 2015033018, 71, JNVG,  12, 115S,  839E,  15,    0,   ,  34, NEQ,    0,    0,    0,    0, 
SH, 92, 2015033018, 71, JNVG,  24, 115S,  834E,  15,    0,   ,  34, NEQ,    0,    0,    0,    0, 
SH, 92, 2015033018, 71, JNVG,  36, 146S,  836E,  15,    0,   ,  34, NEQ,    0,    0,    0,    0, 
SH, 92, 2015033018, 71, JNVG,  48, 155S,  827E,  15,    0,   ,  34, NEQ,    0,    0,    0,    0, 
SH, 92, 2015033018, 71, JNVG,  60, 126S,  834E,  15,    0,   ,  34, NEQ,    0,    0,    0,    0, 
SH, 92, 2015033018, 71, JNVG,  72, 125S,  822E,  15,    0,   ,  34, NEQ,    0,    0,    0,    0, 
SH, 92, 2015033018, 71, JNVG,  84, 125S,  821E,  15,    0,   ,  34, NEQ,    0,    0,    0,    0, 
SH, 92, 2015033018, 71, JNVG,  96, 126S,  794E,  15,    0,   ,  34, NEQ,    0,    0,    0,    0, 
SH, 92, 2015033018, 71, JNVG, 108, 133S,  786E,  15,    0,   ,  34, NEQ,    0,    0,    0,    0, 
SH, 92, 2015033018, 71, JNVG, 120, 145S,  792E,  20,    0,   ,  34, NEQ,    0,    0,    0,    0, 
SH, 92, 2015033018, 72, JAVN,   0, 129S,  824E,  15,    0,   ,  34, NEQ,    0,    0,    0,    0, 
SH, 92, 2015033018, 72, JAVN,  12, 147S,  809E,  15,    0,   ,  34, NEQ,    0,    0,    0,    0, 
SH, 92, 2015033018, 72, JAVN,  24, 159S,  829E,  15,    0,   ,  34, NEQ,    0,    0,    0,    0, 
SH, 92, 2015033018, 72, JAVN,  36, 170S,  820E,  15,    0,   ,  34, NEQ,    0,    0,    0,    0, 
SH, 92, 2015033018, 72, JAVN,  48, 161S,  820E,  15,    0,   ,  34, NEQ,    0,    0,    0,    0, 
SH, 92, 2015033018, 72, JAVN,  60, 146S,  830E,  15,    0,   ,  34, NEQ,    0,    0,    0,    0, 
SH, 92, 2015033018, 72, JAVN,  72, 141S,  838E,  15,    0,   ,  34, NEQ,    0,    0,    0,    0, 
SH, 92, 2015033018, 72, JAVN,  84, 135S,  832E,  15,    0,   ,  34, NEQ,    0,    0,    0,    0, 
SH, 92, 2015033018, 72, JAVN,  96, 132S,  824E,  15,    0,   ,  34, NEQ,    0,    0,    0,    0, 
SH, 92, 2015033018, 72, JAVN, 108, 137S,  813E,  20,    0,   ,  34, NEQ,    0,    0,    0,    0, 
SH, 92, 2015033018, 72, JAVN, 120, 143S,  800E,  25,    0,   ,  34, NEQ,    0,    0,    0,    0, 
SH, 92, 2015033100, 01, CARQ, -24, 134S,  812E,  15,    0,   ,   0,    ,    0,    0,    0,    0, 
SH, 92, 2015033100, 01, CARQ, -18, 138S,  800E,  15,    0,   ,   0,    ,    0,    0,    0,    0, 
SH, 92, 2015033100, 01, CARQ, -12, 144S,  791E,  15,    0,   ,   0,    ,    0,    0,    0,    0, 
SH, 92, 2015033100, 01, CARQ,  -6, 149S,  783E,  15,    0,   ,   0,    ,    0,    0,    0,    0, 
SH, 92, 2015033100, 01, CARQ,   0, 156S,  776E,  15,    0,   ,   0,    ,    0,    0,    0,    0, 
SH, 92, 2015033100, 03, CLIM,  12, 163S,  768E,   0,    0,   ,   0,    ,    0,    0,    0,    0, 
SH, 92, 2015033100, 03, CLIM,  24, 171S,  761E,   0,    0,   ,   0,    ,    0,    0,    0,    0, 
SH, 92, 2015033100, 03, CLIM,  36, 178S,  754E,   0,    0,   ,   0,    ,    0,    0,    0,    0, 
SH, 92, 2015033100, 03, CLIM,  48, 187S,  748E,   0,    0,   ,   0,    ,    0,    0,    0,    0, 
SH, 92, 2015033100, 03, CLIM,  72, 207S,  742E,   0,    0,   ,   0,    ,    0,    0,    0,    0, 
SH, 92, 2015033100, 03, CLIP,  12, 168S,  765E,   0,    0,   ,   0,    ,    0,    0,    0,    0, 
SH, 92, 2015033100, 03, CLIP,  24, 179S,  755E,   0,    0,   ,   0,    ,    0,    0,    0,    0, 
SH, 92, 2015033100, 03, CLIP,  36, 191S,  748E,   0,    0,   ,   0,    ,    0,    0,    0,    0, 
SH, 92, 2015033100, 03, CLIP,  48, 203S,  741E,   0,    0,   ,   0,    ,    0,    0,    0,    0, 
SH, 92, 2015033100, 03, CLIP,  72, 227S,  735E,   0,    0,   ,   0,    ,    0,    0,    0,    0, 
SH, 92, 2015033100, 03, CLSI,  12, 166S,  764E,   0,    0,   ,   0,    ,    0,    0,    0,    0, 
SH, 92, 2015033100, 03, CLSI,  24, 172S,  753E,   0,    0,   ,   0,    ,    0,    0,    0,    0, 
SH, 92, 2015033100, 03, CLSI,  36, 177S,  746E,   0,    0,   ,   0,    ,    0,    0,    0,    0, 
SH, 92, 2015033100, 03, CLSI,  48, 180S,  740E,   0,    0,   ,   0,    ,    0,    0,    0,    0, 
SH, 92, 2015033100, 03, CLSI,  72, 176S,  725E,   0,    0,   ,   0,    ,    0,    0,    0,    0, 
SH, 92, 2015033100, 03, FIM9,   0, 156S,  788E,  21, 1009, XX,  34, NEQ,    0,    0,    0,    0, 
SH, 92, 2015033100, 03, HPAC,  12, 165S,  765E,   0,    0,   ,   0,    ,    0,    0,    0,    0, 
SH, 92, 2015033100, 03, HPAC,  24, 176S,  754E,   0,    0,   ,   0,    ,    0,    0,    0,    0, 
SH, 92, 2015033100, 03, HPAC,  36, 185S,  742E,   0,    0,   ,   0,    ,    0,    0,    0,    0, 
SH, 92, 2015033100, 03, HPAC,  48, 195S,  731E,   0,    0,   ,   0,    ,    0,    0,    0,    0, 
SH, 92, 2015033100, 03, HPAC,  72, 217S,  713E,   0,    0,   ,   0,    ,    0,    0,    0,    0, 
SH, 92, 2015033100, 03, JJG2,   0, 155S,  776E,  15,    0,   ,  34, NEQ,    0,    0,    0,    0, 
SH, 92, 2015033100, 03, RECR,  12, 161S,  763E,   0,    0,   ,   0,    ,    0,    0,    0,    0, 
SH, 92, 2015033100, 03, RECR,  24, 166S,  748E,   0,    0,   ,   0,    ,    0,    0,    0,    0, 
SH, 92, 2015033100, 03, RECR,  36, 169S,  725E,   0,    0,   ,   0,    ,    0,    0,    0,    0, 
SH, 92, 2015033100, 03, RECR,  48, 170S,  702E,   0,    0,   ,   0,    ,    0,    0,    0,    0, 
SH, 92, 2015033100, 03, RECR,  72, 172S,  655E,   0,    0,   ,   0,    ,    0,    0,    0,    0, 
SH, 92, 2015033100, 03, ST5D,  12,   0N,    0E,  18,    0,   ,   0,    ,    0,    0,    0,    0, 
SH, 92, 2015033100, 03, ST5D,  24,   0N,    0E,  23,    0,   ,   0,    ,    0,    0,    0,    0, 
SH, 92, 2015033100, 03, ST5D,  36,   0N,    0E,  28,    0,   ,   0,    ,    0,    0,    0,    0, 
SH, 92, 2015033100, 03, ST5D,  48,   0N,    0E,  33,    0,   ,   0,    ,    0,    0,    0,    0, 
SH, 92, 2015033100, 03, ST5D,  60,   0N,    0E,  37,    0,   ,   0,    ,    0,    0,    0,    0, 
SH, 92, 2015033100, 03, ST5D,  72,   0N,    0E,  40,    0,   ,   0,    ,    0,    0,    0,    0, 
SH, 92, 2015033100, 03, ST5D,  84,   0N,    0E,  44,    0,   ,   0,    ,    0,    0,    0,    0, 
SH, 92, 2015033100, 03, ST5D,  96,   0N,    0E,  47,    0,   ,   0,    ,    0,    0,    0,    0, 
SH, 92, 2015033100, 03, ST5D, 108,   0N,    0E,  52,    0,   ,   0,    ,    0,    0,    0,    0, 
SH, 92, 2015033100, 03, ST5D, 120,   0N,    0E,  52,    0,   ,   0,    ,    0,    0,    0,    0, 
SH, 92, 2015033100, 03, STRT,  12, 160S,  774E,   0,    0,   ,   0,    ,    0,    0,    0,    0, 
SH, 92, 2015033100, 03, STRT,  24, 163S,  772E,   0,    0,   ,   0,    ,    0,    0,    0,    0, 
SH, 92, 2015033100, 03, STRT,  36, 166S,  770E,   0,    0,   ,   0,    ,    0,    0,    0,    0, 
SH, 92, 2015033100, 03, STRT,  48, 172S,  756E,   0,    0,   ,   0,    ,    0,    0,    0,    0, 
SH, 92, 2015033100, 03, STRT,  72, 179S,  752E,   0,    0,   ,   0,    ,    0,    0,    0,    0, 
SH, 92, 2015033100, 03, TMMI,   0, 155S,  776E,  15,    0,   ,  34, NEQ,    0,    0,    0,    0, 
SH, 92, 2015033100, 03, TMMI,  12, 158S,  774E,  17,    0,   ,  34, NEQ,    0,    0,    0,    0, 
SH, 92, 2015033100, 03, TMMI,  24, 161S,  769E,  17,    0,   ,  34, NEQ,    0,    0,    0,    0, 
SH, 92, 2015033100, 03, TMMI,  36, 160S,  761E,  16,    0,   ,  34, NEQ,    0,    0,    0,    0, 
SH, 92, 2015033100, 03, TMMI,  48, 156S,  752E,  17,    0,   ,  34, NEQ,    0,    0,    0,    0, 
SH, 92, 2015033100, 03, TMMI,  60, 153S,  740E,  17,    0,   ,  34, NEQ,    0,    0,    0,    0, 
SH, 92, 2015033100, 03, TMMI,  72, 153S,  728E,  20,    0,   ,  34, NEQ,    0,    0,    0,    0, 
SH, 92, 2015033100, 03, TMMI,  84, 157S,  719E,  21,    0,   ,  34, NEQ,    0,    0,    0,    0, 
SH, 92, 2015033100, 03, TMMI,  96, 161S,  711E,  22,    0,   ,  34, NEQ,    0,    0,    0,    0, 
SH, 92, 2015033100, 03, TMMI, 108, 162S,  702E,  20,    0,   ,  34, NEQ,    0,    0,    0,    0, 
SH, 92, 2015033100, 03, TMMI, 120, 161S,  695E,  20,    0,   ,  34, NEQ,    0,    0,    0,    0, 
SH, 92, 2015033100, 03, TMMI, 132, 159S,  685E,  22,    0,   ,  34, NEQ,    0,    0,    0,    0, 
SH, 92, 2015033100, 03, TMMI, 144, 156S,  675E,  23,    0,   ,  34, NEQ,    0,    0,    0,    0, 
SH, 92, 2015033100, 03, WBAI,   0, 155S,  776E,   0,    0,   ,  34, NEQ,    0,    0,    0,    0, 
SH, 92, 2015033100, 03, WBAI,  12, 173S,  763E,   0,    0,   ,  34, NEQ,    0,    0,    0,    0, 
SH, 92, 2015033100, 03, WBAI,  24, 186S,  757E,   0,    0,   ,  34, NEQ,    0,    0,    0,    0, 
SH, 92, 2015033100, 03, WBAI,  36, 195S,  750E,   0,    0,   ,  34, NEQ,    0,    0,    0,    0, 
SH, 92, 2015033100, 03, WBAI,  48, 202S,  739E,   0,    0,   ,  34, NEQ,    0,    0,    0,    0, 
SH, 92, 2015033100, 03, WBAI,  60, 206S,  723E,   0,    0,   ,  34, NEQ,    0,    0,    0,    0, 
SH, 92, 2015033100, 03, WBAI,  72, 211S,  708E,   0,    0,   ,  34, NEQ,    0,    0,    0,    0, 
SH, 92, 2015033100, 03, WBAR,   0, 156S,  776E,   0,    0,   ,   0,    ,    0,    0,    0,    0, 
SH, 92, 2015033100, 03, WBAR,   6, 160S,  754E,   0,    0,   ,   0,    ,    0,    0,    0,    0, 
SH, 92, 2015033100, 03, WBAR,  12, 166S,  754E,   0,    0,   ,   0,    ,    0,    0,    0,    0, 
SH, 92, 2015033100, 03, WBAR,  18, 175S,  755E,   0,    0,   ,   0,    ,    0,    0,    0,    0, 
SH, 92, 2015033100, 03, WBAR,  24, 181S,  753E,   0,    0,   ,   0,    ,    0,    0,    0,    0, 
SH, 92, 2015033100, 03, WBAR,  30, 186S,  751E,   0,    0,   ,   0,    ,    0,    0,    0,    0, 
SH, 92, 2015033100, 03, WBAR,  36, 191S,  747E,   0,    0,   ,   0,    ,    0,    0,    0,    0, 
SH, 92, 2015033100, 03, WBAR,  42, 196S,  744E,   0,    0,   ,   0,    ,    0,    0,    0,    0, 
SH, 92, 2015033100, 03, WBAR,  48, 201S,  740E,   0,    0,   ,   0,    ,    0,    0,    0,    0, 
SH, 92, 2015033100, 03, WBAR,  54, 209S,  736E,   0,    0,   ,   0,    ,    0,    0,    0,    0, 
SH, 92, 2015033100, 03, WBAR,  60, 213S,  725E,   0,    0,   ,   0,    ,    0,    0,    0,    0, 
SH, 92, 2015033100, 03, WBAR,  66, 216S,  711E,   0,    0,   ,   0,    ,    0,    0,    0,    0, 
SH, 92, 2015033100, 03, WBAR,  72, 218S,  697E,   0,    0,   ,   0,    ,    0,    0,    0,    0, 
SH, 92, 2015033100, 03, WBS1,  12, 173S,  763E,  18,    0,   ,   0,    ,    0,    0,    0,    0, 
SH, 92, 2015033100, 03, WBS1,  24, 186S,  757E,  21,    0,   ,   0,    ,    0,    0,    0,    0, 
SH, 92, 2015033100, 03, WBS1,  36, 195S,  750E,  23,    0,   ,   0,    ,    0,    0,    0,    0, 
SH, 92, 2015033100, 03, WBS1,  48, 202S,  739E,  23,    0,   ,   0,    ,    0,    0,    0,    0, 
SH, 92, 2015033100, 03, WBS1,  60, 206S,  723E,  23,    0,   ,   0,    ,    0,    0,    0,    0, 
SH, 92, 2015033100, 03, WBS1,  72, 211S,  708E,  19,    0,   ,   0,    ,    0,    0,    0,    0, 
SH, 92, 2015033100, 03, WBS5,  12, 173S,  763E,  17,    0,   ,   0,    ,    0,    0,    0,    0, 
SH, 92, 2015033100, 03, WBS5,  24, 186S,  757E,  20,    0,   ,   0,    ,    0,    0,    0,    0, 
SH, 92, 2015033100, 03, WBS5,  36, 195S,  750E,  20,    0,   ,   0,    ,    0,    0,    0,    0, 
SH, 92, 2015033100, 03, WBS5,  48, 202S,  739E,  16,    0,   ,   0,    ,    0,    0,    0,    0, 
SH, 92, 2015033100, 03, XTRP,  12, 166S,  761E,  15,    0,   ,   0,    ,    0,    0,    0,    0, 
SH, 92, 2015033100, 03, XTRP,  24, 178S,  746E,  15,    0,   ,   0,    ,    0,    0,    0,    0, 
SH, 92, 2015033100, 03, XTRP,  36, 190S,  731E,  15,    0,   ,   0,    ,    0,    0,    0,    0, 
SH, 92, 2015033100, 03, XTRP,  48, 202S,  715E,  15,    0,   ,   0,    ,    0,    0,    0,    0, 
SH, 92, 2015033100, 03, XTRP,  60, 214S,  700E,  15,    0,   ,   0,    ,    0,    0,    0,    0, 
SH, 92, 2015033100, 03, XTRP,  72, 227S,  684E,  15,    0,   ,   0,    ,    0,    0,    0,    0, 
SH, 92, 2015033100, 03, XTRP,  84, 239S,  669E,  15,    0,   ,   0,    ,    0,    0,    0,    0, 
SH, 92, 2015033100, 03, XTRP,  96, 251S,  653E,  15,    0,   ,   0,    ,    0,    0,    0,    0, 
SH, 92, 2015033100, 03, XTRP, 108, 263S,  637E,  15,    0,   ,   0,    ,    0,    0,    0,    0, 
SH, 92, 2015033100, 03, XTRP, 120, 275S,  621E,  15,    0,   ,   0,    ,    0,    0,    0,    0, 
SH, 92, 2015033106, 01, CARQ, -24, 138S,  800E,  15,    0,   ,   0,    ,    0,    0,    0,    0, 
SH, 92, 2015033106, 01, CARQ, -18, 144S,  791E,  15,    0,   ,   0,    ,    0,    0,    0,    0, 
SH, 92, 2015033106, 01, CARQ, -12, 149S,  783E,  15,    0,   ,   0,    ,    0,    0,    0,    0, 
SH, 92, 2015033106, 01, CARQ,  -6, 156S,  776E,  15,    0,   ,   0,    ,    0,    0,    0,    0, 
SH, 92, 2015033106, 01, CARQ,   0, 167S,  766E,  15,    0,   ,   0,    ,    0,    0,    0,    0, 
SH, 92, 2015033106, 03, CLIM,  12, 181S,  763E,   0,    0,   ,   0,    ,    0,    0,    0,    0, 
SH, 92, 2015033106, 03, CLIM,  24, 196S,  763E,   0,    0,   ,   0,    ,    0,    0,    0,    0, 
SH, 92, 2015033106, 03, CLIM,  36, 206S,  769E,   0,    0,   ,   0,    ,    0,    0,    0,    0, 
SH, 92, 2015033106, 03, CLIM,  48, 214S,  774E,   0,    0,   ,   0,    ,    0,    0,    0,    0, 
SH, 92, 2015033106, 03, CLIM,  72, 233S,  784E,   0,    0,   ,   0,    ,    0,    0,    0,    0, 
SH, 92, 2015033106, 03, CLIP,  12, 183S,  756E,   0,    0,   ,   0,    ,    0,    0,    0,    0, 
SH, 92, 2015033106, 03, CLIP,  24, 198S,  748E,   0,    0,   ,   0,    ,    0,    0,    0,    0, 
SH, 92, 2015033106, 03, CLIP,  36, 212S,  741E,   0,    0,   ,   0,    ,    0,    0,    0,    0, 
SH, 92, 2015033106, 03, CLIP,  48, 226S,  736E,   0,    0,   ,   0,    ,    0,    0,    0,    0, 
SH, 92, 2015033106, 03, CLIP,  72, 254S,  733E,   0,    0,   ,   0,    ,    0,    0,    0,    0, 
SH, 92, 2015033106, 03, CLSI,  12, 180S,  752E,   0,    0,   ,   0,    ,    0,    0,    0,    0, 
SH, 92, 2015033106, 03, CLSI,  24, 188S,  742E,   0,    0,   ,   0,    ,    0,    0,    0,    0, 
SH, 92, 2015033106, 03, CLSI,  36, 193S,  737E,   0,    0,   ,   0,    ,    0,    0,    0,    0, 
SH, 92, 2015033106, 03, CLSI,  48, 197S,  733E,   0,    0,   ,   0,    ,    0,    0,    0,    0, 
SH, 92, 2015033106, 03, CLSI,  72, 186S,  725E,   0,    0,   ,   0,    ,    0,    0,    0,    0, 
SH, 92, 2015033106, 03, DSHW,   0, 167S,  766E,  15,    0, TD,   0,    ,    0,    0,    0,    0, 
SH, 92, 2015033106, 03, DSHW,  12, 179S,  757E,  17,    0, TD,   0,    ,    0,    0,    0,    0, 
SH, 92, 2015033106, 03, DSHW,  24, 191S,  753E,  19,    0, TD,   0,    ,    0,    0,    0,    0, 
SH, 92, 2015033106, 03, DSHW,  36, 201S,  746E,  20,    0, TD,   0,    ,    0,    0,    0,    0, 
SH, 92, 2015033106, 03, DSHW,  48, 212S,  735E,  18,    0, TD,   0,    ,    0,    0,    0,    0, 
SH, 92, 2015033106, 03, HPAC,  12, 183S,  756E,   0,    0,   ,   0,    ,    0,    0,    0,    0, 
SH, 92, 2015033106, 03, HPAC,  24, 200S,  747E,   0,    0,   ,   0,    ,    0,    0,    0,    0, 
SH, 92, 2015033106, 03, HPAC,  36, 213S,  742E,   0,    0,   ,   0,    ,    0,    0,    0,    0, 
SH, 92, 2015033106, 03, HPAC,  48, 227S,  735E,   0,    0,   ,   0,    ,    0,    0,    0,    0, 
SH, 92, 2015033106, 03, HPAC,  72, 254S,  722E,   0,    0,   ,   0,    ,    0,    0,    0,    0, 
SH, 92, 2015033106, 03, LGEW,   0, 167S,  766E,  15,    0, TD,   0,    ,    0,    0,    0,    0, 
SH, 92, 2015033106, 03, RECR,  12, 171S,  744E,   0,    0,   ,   0,    ,    0,    0,    0,    0, 
SH, 92, 2015033106, 03, RECR,  24, 175S,  722E,   0,    0,   ,   0,    ,    0,    0,    0,    0, 
SH, 92, 2015033106, 03, RECR,  36, 176S,  698E,   0,    0,   ,   0,    ,    0,    0,    0,    0, 
SH, 92, 2015033106, 03, RECR,  48, 183S,  685E,   0,    0,   ,   0,    ,    0,    0,    0,    0, 
SH, 92, 2015033106, 03, RECR,  72, 194S,  668E,   0,    0,   ,   0,    ,    0,    0,    0,    0, 
SH, 92, 2015033106, 03, SHIW,   0, 167S,  766E,  15,    0, TD,   0,    ,    0,    0,    0,    0, 
SH, 92, 2015033106, 03, SHIW,  12, 179S,  757E,  17,    0, TD,   0,    ,    0,    0,    0,    0, 
SH, 92, 2015033106, 03, SHIW,  24, 191S,  753E,  19,    0, TD,   0,    ,    0,    0,    0,    0, 
SH, 92, 2015033106, 03, SHIW,  36, 201S,  746E,  20,    0, TD,   0,    ,    0,    0,    0,    0, 
SH, 92, 2015033106, 03, SHIW,  48, 212S,  735E,  18,    0, TD,   0,    ,    0,    0,    0,    0, 
SH, 92, 2015033106, 03, ST5D,  12,   0N,    0E,  18,    0,   ,   0,    ,    0,    0,    0,    0, 
SH, 92, 2015033106, 03, ST5D,  24,   0N,    0E,  25,    0,   ,   0,    ,    0,    0,    0,    0, 
SH, 92, 2015033106, 03, ST5D,  36,   0N,    0E,  30,    0,   ,   0,    ,    0,    0,    0,    0, 
SH, 92, 2015033106, 03, ST5D,  48,   0N,    0E,  34,    0,   ,   0,    ,    0,    0,    0,    0, 
SH, 92, 2015033106, 03, ST5D,  60,   0N,    0E,  39,    0,   ,   0,    ,    0,    0,    0,    0, 
SH, 92, 2015033106, 03, ST5D,  72,   0N,    0E,  40,    0,   ,   0,    ,    0,    0,    0,    0, 
SH, 92, 2015033106, 03, ST5D,  84,   0N,    0E,  43,    0,   ,   0,    ,    0,    0,    0,    0, 
SH, 92, 2015033106, 03, ST5D,  96,   0N,    0E,  46,    0,   ,   0,    ,    0,    0,    0,    0, 
SH, 92, 2015033106, 03, ST5D, 108,   0N,    0E,  51,    0,   ,   0,    ,    0,    0,    0,    0, 
SH, 92, 2015033106, 03, ST5D, 120,   0N,    0E,  52,    0,   ,   0,    ,    0,    0,    0,    0, 
SH, 92, 2015033106, 03, STRT,  12, 171S,  745E,   0,    0,   ,   0,    ,    0,    0,    0,    0, 
SH, 92, 2015033106, 03, STRT,  24, 171S,  742E,   0,    0,   ,   0,    ,    0,    0,    0,    0, 
SH, 92, 2015033106, 03, STRT,  36, 171S,  739E,   0,    0,   ,   0,    ,    0,    0,    0,    0, 
SH, 92, 2015033106, 03, STRT,  48, 172S,  736E,   0,    0,   ,   0,    ,    0,    0,    0,    0, 
SH, 92, 2015033106, 03, STRT,  72, 172S,  730E,   0,    0,   ,   0,    ,    0,    0,    0,    0, 
SH, 92, 2015033106, 03, TMM2,   0, 166S,  766E,  15,    0,   ,  34, NEQ,    0,    0,    0,    0, 
SH, 92, 2015033106, 03, TMM2,  12, 170S,  763E,  15,    0,   ,  34, NEQ,    0,    0,    0,    0, 
SH, 92, 2015033106, 03, TMM2,  24, 171S,  757E,  15,    0,   ,  34, NEQ,    0,    0,    0,    0, 
SH, 92, 2015033106, 03, TMM2,  36, 168S,  748E,  15,    0,   ,  34, NEQ,    0,    0,    0,    0, 
SH, 92, 2015033106, 03, TMM2,  48, 164S,  737E,  16,    0,   ,  34, NEQ,    0,    0,    0,    0, 
SH, 92, 2015033106, 03, TMM2,  60, 163S,  725E,  17,    0,   ,  34, NEQ,    0,    0,    0,    0, 
SH, 92, 2015033106, 03, TMM2,  72, 165S,  714E,  19,    0,   ,  34, NEQ,    0,    0,    0,    0, 
SH, 92, 2015033106, 03, TMM2,  84, 169S,  706E,  20,    0,   ,  34, NEQ,    0,    0,    0,    0, 
SH, 92, 2015033106, 03, TMM2,  96, 171S,  697E,  20,    0,   ,  34, NEQ,    0,    0,    0,    0, 
SH, 92, 2015033106, 03, TMM2, 108, 172S,  690E,  19,    0,   ,  34, NEQ,    0,    0,    0,    0, 
SH, 92, 2015033106, 03, TMM2, 120, 170S,  682E,  20,    0,   ,  34, NEQ,    0,    0,    0,    0, 
SH, 92, 2015033106, 03, TMM2, 132, 166S,  672E,  21,    0,   ,  34, NEQ,    0,    0,    0,    0, 
SH, 92, 2015033106, 03, TMM2, 144, 163S,  661E,  20,    0,   ,  34, NEQ,    0,    0,    0,    0, 
SH, 92, 2015033106, 03, TMMN,   0, 165S,  756E,  27,    0,   ,   0,    ,    0,    0,    0,    0, 
SH, 92, 2015033106, 03, TMMN,   6, 165S,  749E,  30,    0,   ,   0,    ,    0,    0,    0,    0, 
SH, 92, 2015033106, 03, TMMN,  12, 168S,  743E,  29,    0,   ,   0,    ,    0,    0,    0,    0, 
SH, 92, 2015033106, 03, TMMN,  18, 171S,  735E,  31,    0,   ,   0,    ,    0,    0,    0,    0, 
SH, 92, 2015033106, 03, TMMN,  24, 171S,  728E,  29,    0,   ,   0,    ,    0,    0,    0,    0, 
SH, 92, 2015033106, 03, TMMN,  30, 167S,  719E,  29,    0,   ,   0,    ,    0,    0,    0,    0, 
SH, 92, 2015033106, 03, TMMN,  36, 164S,  710E,  28,    0,   ,   0,    ,    0,    0,    0,    0, 
SH, 92, 2015033106, 03, TMMN,  42, 162S,  702E,  29,    0,   ,   0,    ,    0,    0,    0,    0, 
SH, 92, 2015033106, 03, TMMN,  48, 160S,  696E,  31,    0,   ,   0,    ,    0,    0,    0,    0, 
SH, 92, 2015033106, 03, TMMN,  54, 162S,  692E,  31,    0,   ,   0,    ,    0,    0,    0,    0, 
SH, 92, 2015033106, 03, TMMN,  60, 164S,  690E,  32,    0,   ,   0,    ,    0,    0,    0,    0, 
SH, 92, 2015033106, 03, TMMN,  66, 167S,  682E,  31,    0,   ,   0,    ,    0,    0,    0,    0, 
SH, 92, 2015033106, 03, TMMN,  72, 170S,  675E,  32,    0,   ,   0,    ,    0,    0,    0,    0, 
SH, 92, 2015033106, 03, TMMN,  78, 171S,  667E,  31,    0,   ,   0,    ,    0,    0,    0,    0, 
SH, 92, 2015033106, 03, TMMN,  84, 173S,  660E,  32,    0,   ,   0,    ,    0,    0,    0,    0, 
SH, 92, 2015033106, 03, TMMN,  90, 173S,  653E,  32,    0,   ,   0,    ,    0,    0,    0,    0, 
SH, 92, 2015033106, 03, TMMN,  96, 171S,  645E,  32,    0,   ,   0,    ,    0,    0,    0,    0, 
SH, 92, 2015033106, 03, TMMN, 102, 169S,  637E,  30,    0,   ,   0,    ,    0,    0,    0,    0, 
SH, 92, 2015033106, 03, TMMN, 108, 170S,  628E,  31,    0,   ,   0,    ,    0,    0,    0,    0, 
SH, 92, 2015033106, 03, TMMN, 114, 171S,  621E,  31,    0,   ,   0,    ,    0,    0,    0,    0, 
SH, 92, 2015033106, 03, TMMN, 120, 173S,  614E,  32,    0,   ,   0,    ,    0,    0,    0,    0, 
SH, 92, 2015033106, 03, TMMN, 126, 173S,  608E,  30,    0,   ,   0,    ,    0,    0,    0,    0, 
SH, 92, 2015033106, 03, TMMN, 132, 174S,  600E,  32,    0,   ,   0,    ,    0,    0,    0,    0, 
SH, 92, 2015033106, 03, TMMN, 138, 173S,  592E,  32,    0,   ,   0,    ,    0,    0,    0,    0, 
SH, 92, 2015033106, 03, TMMN, 144, 161S,  587E,  32,    0,   ,   0,    ,    0,    0,    0,    0, 
SH, 92, 2015033106, 03, WBAI,   0, 166S,  766E,   0,    0,   ,  34, NEQ,    0,    0,    0,    0, 
SH, 92, 2015033106, 03, WBAI,  12, 179S,  757E,   0,    0,   ,  34, NEQ,    0,    0,    0,    0, 
SH, 92, 2015033106, 03, WBAI,  24, 191S,  753E,   0,    0,   ,  34, NEQ,    0,    0,    0,    0, 
SH, 92, 2015033106, 03, WBAI,  36, 201S,  746E,   0,    0,   ,  34, NEQ,    0,    0,    0,    0, 
SH, 92, 2015033106, 03, WBAI,  48, 212S,  735E,   0,    0,   ,  34, NEQ,    0,    0,    0,    0, 
SH, 92, 2015033106, 03, WBAI,  60, 220S,  713E,   0,    0,   ,  34, NEQ,    0,    0,    0,    0, 
SH, 92, 2015033106, 03, WBAI,  72, 228S,  691E,   0,    0,   ,  34, NEQ,    0,    0,    0,    0, 
SH, 92, 2015033106, 03, WBAR,   0, 167S,  766E,   0,    0,   ,   0,    ,    0,    0,    0,    0, 
SH, 92, 2015033106, 03, WBAR,   6, 186S,  775E,   0,    0,   ,   0,    ,    0,    0,    0,    0, 
SH, 92, 2015033106, 03, WBAR,  12, 199S,  768E,   0,    0,   ,   0,    ,    0,    0,    0,    0, 
SH, 92, 2015033106, 03, WBAR,  18, 208S,  765E,   0,    0,   ,   0,    ,    0,    0,    0,    0, 
SH, 92, 2015033106, 03, WBAR,  24, 196S,  742E,   0,    0,   ,   0,    ,    0,    0,    0,    0, 
SH, 92, 2015033106, 03, WBAR,  30, 200S,  740E,   0,    0,   ,   0,    ,    0,    0,    0,    0, 
SH, 92, 2015033106, 03, WBAR,  36, 205S,  736E,   0,    0,   ,   0,    ,    0,    0,    0,    0, 
SH, 92, 2015033106, 03, WBAR,  42, 209S,  731E,   0,    0,   ,   0,    ,    0,    0,    0,    0, 
SH, 92, 2015033106, 03, WBAR,  48, 214S,  725E,   0,    0,   ,   0,    ,    0,    0,    0,    0, 
SH, 92, 2015033106, 03, WBAR,  54, 218S,  716E,   0,    0,   ,   0,    ,    0,    0,    0,    0, 
SH, 92, 2015033106, 03, WBAR,  60, 222S,  705E,   0,    0,   ,   0,    ,    0,    0,    0,    0, 
SH, 92, 2015033106, 03, WBAR,  66, 225S,  694E,   0,    0,   ,   0,    ,    0,    0,    0,    0, 
SH, 92, 2015033106, 03, WBAR,  72, 227S,  684E,   0,    0,   ,   0,    ,    0,    0,    0,    0, 
SH, 92, 2015033106, 03, WBS1,  12, 179S,  757E,  17,    0,   ,   0,    ,    0,    0,    0,    0, 
SH, 92, 2015033106, 03, WBS1,  24, 191S,  753E,  20,    0,   ,   0,    ,    0,    0,    0,    0, 
SH, 92, 2015033106, 03, WBS1,  36, 201S,  746E,  20,    0,   ,   0,    ,    0,    0,    0,    0, 
SH, 92, 2015033106, 03, WBS1,  48, 212S,  735E,  19,    0,   ,   0,    ,    0,    0,    0,    0, 
SH, 92, 2015033106, 03, WBS1,  60, 220S,  713E,  17,    0,   ,   0,    ,    0,    0,    0,    0, 
SH, 92, 2015033106, 03, WBS5,  12, 179S,  757E,  17,    0,   ,   0,    ,    0,    0,    0,    0, 
SH, 92, 2015033106, 03, WBS5,  24, 191S,  753E,  19,    0,   ,   0,    ,    0,    0,    0,    0, 
SH, 92, 2015033106, 03, WBS5,  36, 201S,  746E,  18,    0,   ,   0,    ,    0,    0,    0,    0, 
SH, 92, 2015033106, 03, XTRP,  12, 183S,  749E,  15,    0,   ,   0,    ,    0,    0,    0,    0, 
SH, 92, 2015033106, 03, XTRP,  24, 201S,  732E,  15,    0,   ,   0,    ,    0,    0,    0,    0, 
SH, 92, 2015033106, 03, XTRP,  36, 219S,  714E,  15,    0,   ,   0,    ,    0,    0,    0,    0, 
SH, 92, 2015033106, 03, XTRP,  48, 237S,  697E,  15,    0,   ,   0,    ,    0,    0,    0,    0, 
SH, 92, 2015033106, 03, XTRP,  60, 255S,  679E,  15,    0,   ,   0,    ,    0,    0,    0,    0, 
SH, 92, 2015033106, 03, XTRP,  72, 273S,  660E,  15,    0,   ,   0,    ,    0,    0,    0,    0, 
SH, 92, 2015033106, 03, XTRP,  84, 291S,  642E,  15,    0,   ,   0,    ,    0,    0,    0,    0, 
SH, 92, 2015033106, 03, XTRP,  96, 310S,  623E,  15,    0,   ,   0,    ,    0,    0,    0,    0, 
SH, 92, 2015033106, 03, XTRP, 108, 328S,  604E,  15,    0,   ,   0,    ,    0,    0,    0,    0, 
SH, 92, 2015033106, 03, XTRP, 120, 346S,  584E,  15,    0,   ,   0,    ,    0,    0,    0,    0, 
SH, 92, 2015033106, 71, JNVG,   0, 167S,  717E,  15,    0,   ,  34, NEQ,    0,    0,    0,    0, 
SH, 92, 2015033106, 71, JNVG,  12, 167S,  712E,  15,    0,   ,  34, NEQ,    0,    0,    0,    0, 
SH, 92, 2015033106, 71, JNVG,  24, 168S,  708E,  10,    0,   ,  34, NEQ,    0,    0,    0,    0, 
SH, 92, 2015033106, 71, JNVG,  36, 175S,  704E,  15,    0,   ,  34, NEQ,    0,    0,    0,    0, 
SH, 92, 2015033106, 71, JNVG,  48, 180S,  692E,  15,    0,   ,  34, NEQ,    0,    0,    0,    0, 
SH, 92, 2015033106, 71, JNVG,  60, 192S,  665E,  15,    0,   ,  34, NEQ,    0,    0,    0,    0, 
SH, 92, 2015033106, 71, JNVG,  72, 193S,  662E,  15,    0,   ,  34, NEQ,    0,    0,    0,    0, 
SH, 92, 2015033106, 71, JNVG,  84, 200S,  644E,  10,    0,   ,  34, NEQ,    0,    0,    0,    0, 
SH, 92, 2015033106, 71, JNVG,  96, 194S,  633E,  10,    0,   ,  34, NEQ,    0,    0,    0,    0, 
SH, 92, 2015033106, 71, JNVG, 108, 193S,  624E,  10,    0,   ,  34, NEQ,    0,    0,    0,    0, 
SH, 92, 2015033106, 72, JAVN,   0, 163S,  727E,  15,    0,   ,  34, NEQ,    0,    0,    0,    0, 
SH, 92, 2015033106, 72, JAVN,  12, 177S,  723E,  10,    0,   ,  34, NEQ,    0,    0,    0,    0, 
SH, 92, 2015033106, 72, JAVN,  24, 181S,  709E,  10,    0,   ,  34, NEQ,    0,    0,    0,    0, 
SH, 92, 2015033106, 72, JAVN,  36, 181S,  691E,  10,    0,   ,  34, NEQ,    0,    0,    0,    0, 
SH, 92, 2015033106, 72, JAVN,  48, 178S,  676E,   5,    0,   ,  34, NEQ,    0,    0,    0,    0, 
SH, 92, 2015033106, 72, JAVN,  60, 178S,  662E,  10,    0,   ,  34, NEQ,    0,    0,    0,    0, 
SH, 92, 2015033106, 72, JAVN,  72, 180S,  653E,  10,    0,   ,  34, NEQ,    0,    0,    0,    0, 
SH, 92, 2015033106, 72, JAVN,  84, 181S,  647E,   5,    0,   ,  34, NEQ,    0,    0,    0,    0, 
SH, 92, 2015033106, 72, JAVN,  96, 186S,  634E,   5,    0,   ,  34, NEQ,    0,    0,    0,    0, 
SH, 92, 2015033106, 72, JAVN, 108, 183S,  621E,   5,    0,   ,  34, NEQ,    0,    0,    0,    0, 
SH, 92, 2015033106, 72, JAVN, 120, 184S,  602E,   5,    0,   ,  34, NEQ,    0,    0,    0,    0, 
SH, 92, 2015033112, 01, CARQ, -24, 138S,  806E,  15,    0,   ,   0,    ,    0,    0,    0,    0, 
SH, 92, 2015033112, 01, CARQ, -18, 144S,  807E,  15,    0,   ,   0,    ,    0,    0,    0,    0, 
SH, 92, 2015033112, 01, CARQ, -12, 148S,  813E,  15,    0,   ,   0,    ,    0,    0,    0,    0, 
SH, 92, 2015033112, 01, CARQ,  -6, 146S,  831E,  15,    0,   ,   0,    ,    0,    0,    0,    0, 
SH, 92, 2015033112, 01, CARQ,   0, 153S,  838E,  15,    0,   ,   0,    ,    0,    0,    0,    0, 
SH, 92, 2015033112, 03, CLIM,  12, 161S,  827E,   0,    0,   ,   0,    ,    0,    0,    0,    0, 
SH, 92, 2015033112, 03, CLIM,  24, 164S,  819E,   0,    0,   ,   0,    ,    0,    0,    0,    0, 
SH, 92, 2015033112, 03, CLIM,  36, 172S,  812E,   0,    0,   ,   0,    ,    0,    0,    0,    0, 
SH, 92, 2015033112, 03, CLIM,  48, 181S,  809E,   0,    0,   ,   0,    ,    0,    0,    0,    0, 
SH, 92, 2015033112, 03, CLIM,  72, 191S,  785E,   0,    0,   ,   0,    ,    0,    0,    0,    0, 
SH, 92, 2015033112, 03, CLIP,  12, 158S,  859E,   0,    0,   ,   0,    ,    0,    0,    0,    0, 
SH, 92, 2015033112, 03, CLIP,  24, 163S,  874E,   0,    0,   ,   0,    ,    0,    0,    0,    0, 
SH, 92, 2015033112, 03, CLIP,  36, 167S,  888E,   0,    0,   ,   0,    ,    0,    0,    0,    0, 
SH, 92, 2015033112, 03, CLIP,  48, 169S,  901E,   0,    0,   ,   0,    ,    0,    0,    0,    0, 
SH, 92, 2015033112, 03, CLIP,  72, 180S,  924E,   0,    0,   ,   0,    ,    0,    0,    0,    0, 
SH, 92, 2015033112, 03, CLSI,  12, 160S,  862E,   0,    0,   ,   0,    ,    0,    0,    0,    0, 
SH, 92, 2015033112, 03, CLSI,  24, 166S,  882E,   0,    0,   ,   0,    ,    0,    0,    0,    0, 
SH, 92, 2015033112, 03, CLSI,  36, 174S,  900E,   0,    0,   ,   0,    ,    0,    0,    0,    0, 
SH, 92, 2015033112, 03, CLSI,  48, 185S,  917E,   0,    0,   ,   0,    ,    0,    0,    0,    0, 
SH, 92, 2015033112, 03, CLSI,  72, 201S,  935E,   0,    0,   ,   0,    ,    0,    0,    0,    0, 
SH, 92, 2015033112, 03, HPAC,  12, 160S,  845E,   0,    0,   ,   0,    ,    0,    0,    0,    0, 
SH, 92, 2015033112, 03, HPAC,  24, 164S,  853E,   0,    0,   ,   0,    ,    0,    0,    0,    0, 
SH, 92, 2015033112, 03, HPAC,  36, 170S,  863E,   0,    0,   ,   0,    ,    0,    0,    0,    0, 
SH, 92, 2015033112, 03, HPAC,  48, 177S,  874E,   0,    0,   ,   0,    ,    0,    0,    0,    0, 
SH, 92, 2015033112, 03, HPAC,  72, 187S,  887E,   0,    0,   ,   0,    ,    0,    0,    0,    0, 
SH, 92, 2015033112, 03, RECR,  12, 162S,  847E,   0,    0,   ,   0,    ,    0,    0,    0,    0, 
SH, 92, 2015033112, 03, RECR,  24, 171S,  856E,   0,    0,   ,   0,    ,    0,    0,    0,    0, 
SH, 92, 2015033112, 03, RECR,  36, 181S,  863E,   0,    0,   ,   0,    ,    0,    0,    0,    0, 
SH, 92, 2015033112, 03, RECR,  48, 193S,  873E,   0,    0,   ,   0,    ,    0,    0,    0,    0, 
SH, 92, 2015033112, 03, RECR,  72, 227S,  913E,   0,    0,   ,   0,    ,    0,    0,    0,    0, 
SH, 92, 2015033112, 03, ST5D,  12,   0N,    0E,  18,    0,   ,   0,    ,    0,    0,    0,    0, 
SH, 92, 2015033112, 03, ST5D,  24,   0N,    0E,  21,    0,   ,   0,    ,    0,    0,    0,    0, 
SH, 92, 2015033112, 03, ST5D,  36,   0N,    0E,  24,    0,   ,   0,    ,    0,    0,    0,    0, 
SH, 92, 2015033112, 03, ST5D,  48,   0N,    0E,  28,    0,   ,   0,    ,    0,    0,    0,    0, 
SH, 92, 2015033112, 03, ST5D,  60,   0N,    0E,  32,    0,   ,   0,    ,    0,    0,    0,    0, 
SH, 92, 2015033112, 03, ST5D,  72,   0N,    0E,  37,    0,   ,   0,    ,    0,    0,    0,    0, 
SH, 92, 2015033112, 03, ST5D,  84,   0N,    0E,  40,    0,   ,   0,    ,    0,    0,    0,    0, 
SH, 92, 2015033112, 03, ST5D,  96,   0N,    0E,  43,    0,   ,   0,    ,    0,    0,    0,    0, 
SH, 92, 2015033112, 03, ST5D, 108,   0N,    0E,  49,    0,   ,   0,    ,    0,    0,    0,    0, 
SH, 92, 2015033112, 03, ST5D, 120,   0N,    0E,  50,    0,   ,   0,    ,    0,    0,    0,    0, 
SH, 92, 2015033112, 03, WBAR,   0, 153S,  838E,   0,    0,   ,   0,    ,    0,    0,    0,    0, 
SH, 92, 2015033112, 03, WBAR,   6, 158S,  826E,   0,    0,   ,   0,    ,    0,    0,    0,    0, 
SH, 92, 2015033112, 03, WBAR,  12, 160S,  827E,   0,    0,   ,   0,    ,    0,    0,    0,    0, 
SH, 92, 2015033112, 03, WBAR,  18, 161S,  831E,   0,    0,   ,   0,    ,    0,    0,    0,    0, 
SH, 92, 2015033112, 03, WBAR,  24, 162S,  840E,   0,    0,   ,   0,    ,    0,    0,    0,    0, 
SH, 92, 2015033112, 03, WBAR,  30, 167S,  839E,   0,    0,   ,   0,    ,    0,    0,    0,    0, 
SH, 92, 2015033112, 03, WBAR,  36, 172S,  837E,   0,    0,   ,   0,    ,    0,    0,    0,    0, 
SH, 92, 2015033112, 03, WBAR,  42, 175S,  833E,   0,    0,   ,   0,    ,    0,    0,    0,    0, 
SH, 92, 2015033112, 03, WBAR,  48, 178S,  828E,   0,    0,   ,   0,    ,    0,    0,    0,    0, 
SH, 92, 2015033112, 03, WBAR,  54, 178S,  821E,   0,    0,   ,   0,    ,    0,    0,    0,    0, 
SH, 92, 2015033112, 03, WBAR,  60, 176S,  812E,   0,    0,   ,   0,    ,    0,    0,    0,    0, 
SH, 92, 2015033112, 03, WBAR,  66, 173S,  804E,   0,    0,   ,   0,    ,    0,    0,    0,    0, 
SH, 92, 2015033112, 03, WBAR,  72, 170S,  797E,   0,    0,   ,   0,    ,    0,    0,    0,    0, 
SH, 92, 2015033112, 03, XTRP,  12, 156S,  863E,  15,    0,   ,   0,    ,    0,    0,    0,    0, 
SH, 92, 2015033112, 03, XTRP,  24, 161S,  888E,  15,    0,   ,   0,    ,    0,    0,    0,    0, 
SH, 92, 2015033112, 03, XTRP,  36, 166S,  913E,  15,    0,   ,   0,    ,    0,    0,    0,    0, 
SH, 92, 2015033112, 03, XTRP,  48, 172S,  939E,  15,    0,   ,   0,    ,    0,    0,    0,    0, 
SH, 92, 2015033112, 03, XTRP,  60, 177S,  964E,  15,    0,   ,   0,    ,    0,    0,    0,    0, 
SH, 92, 2015033112, 03, XTRP,  72, 182S,  989E,  15,    0,   ,   0,    ,    0,    0,    0,    0, 
SH, 92, 2015033112, 03, XTRP,  84, 187S, 1015E,  15,    0,   ,   0,    ,    0,    0,    0,    0, 
SH, 92, 2015033112, 03, XTRP,  96, 192S, 1040E,  15,    0,   ,   0,    ,    0,    0,    0,    0, 
SH, 92, 2015033112, 03, XTRP, 108, 197S, 1066E,  15,    0,   ,   0,    ,    0,    0,    0,    0, 
SH, 92, 2015033112, 03, XTRP, 120, 202S, 1091E,  15,    0,   ,   0,    ,    0,    0,    0,    0, 
SH, 92, 2015033112, 71, JNVG,   0, 125S,  844E,  15,    0,   ,  34, NEQ,    0,    0,    0,    0, 
SH, 92, 2015033112, 71, JNVG,  12, 135S,  834E,  15,    0,   ,  34, NEQ,    0,    0,    0,    0, 
SH, 92, 2015033112, 71, JNVG,  24, 145S,  836E,  20,    0,   ,  34, NEQ,    0,    0,    0,    0, 
SH, 92, 2015033112, 71, JNVG,  36, 125S,  843E,  20,    0,   ,  34, NEQ,    0,    0,    0,    0, 
SH, 92, 2015033112, 71, JNVG,  48, 122S,  844E,  15,    0,   ,  34, NEQ,    0,    0,    0,    0, 
SH, 92, 2015033112, 71, JNVG,  60, 106S,  824E,  15,    0,   ,  34, NEQ,    0,    0,    0,    0, 
SH, 92, 2015033112, 71, JNVG,  72, 106S,  807E,  15,    0,   ,  34, NEQ,    0,    0,    0,    0, 
SH, 92, 2015033112, 71, JNVG,  84, 115S,  793E,  15,    0,   ,  34, NEQ,    0,    0,    0,    0, 
SH, 92, 2015033112, 71, JNVG,  96, 124S,  793E,  15,    0,   ,  34, NEQ,    0,    0,    0,    0, 
SH, 92, 2015033112, 71, JNVG, 108, 135S,  798E,  15,    0,   ,  34, NEQ,    0,    0,    0,    0, 
SH, 92, 2015033112, 71, JNVG, 120, 145S,  801E,  20,    0,   ,  34, NEQ,    0,    0,    0,    0, 
SH, 92, 2015033112, 72, JAVN,   0, 134S,  847E,  15,    0,   ,  34, NEQ,    0,    0,    0,    0, 
SH, 92, 2015033112, 72, JAVN,  12, 145S,  850E,  15,    0,   ,  34, NEQ,    0,    0,    0,    0, 
SH, 92, 2015033112, 72, JAVN,  24, 155S,  851E,  20,    0,   ,  34, NEQ,    0,    0,    0,    0, 
SH, 92, 2015033112, 72, JAVN,  36, 154S,  837E,  15,    0,   ,  34, NEQ,    0,    0,    0,    0, 
SH, 92, 2015033112, 72, JAVN,  48, 135S,  845E,  15,    0,   ,  34, NEQ,    0,    0,    0,    0, 
SH, 92, 2015033112, 72, JAVN,  60, 123S,  845E,  15,    0,   ,  34, NEQ,    0,    0,    0,    0, 
SH, 92, 2015033112, 72, JAVN,  72, 121S,  825E,  15,    0,   ,  34, NEQ,    0,    0,    0,    0, 
SH, 92, 2015033112, 72, JAVN,  84, 117S,  815E,  15,    0,   ,  34, NEQ,    0,    0,    0,    0, 
SH, 92, 2015033112, 72, JAVN,  96, 125S,  799E,  15,    0,   ,  34, NEQ,    0,    0,    0,    0, 
SH, 92, 2015033112, 72, JAVN, 108, 128S,  794E,  20,    0,   ,  34, NEQ,    0,    0,    0,    0, 
SH, 92, 2015033112, 72, JAVN, 120, 135S,  783E,  20,    0,   ,  34, NEQ,    0,    0,    0,    0, 
SH, 92, 2015033112, 74, JJGS,   0, 125S,  840E,  15,    0,   ,  34, NEQ,    0,    0,    0,    0, 
SH, 92, 2015033112, 74, JJGS,  12, 124S,  845E,  15,    0,   ,  34, NEQ,    0,    0,    0,    0, 
SH, 92, 2015033112, 74, JJGS,  24, 115S,  849E,  15,    0,   ,  34, NEQ,    0,    0,    0,    0, 
SH, 92, 2015033112, 74, JJGS,  36, 105S,  847E,  15,    0,   ,  34, NEQ,    0,    0,    0,    0, 
SH, 92, 2015033112, 74, JJGS,  48, 105S,  846E,  15,    0,   ,  34, NEQ,    0,    0,    0,    0, 
SH, 92, 2015033112, 74, JJGS,  60, 106S,  834E,  15,    0,   ,  34, NEQ,    0,    0,    0,    0, 
SH, 92, 2015033112, 74, JJGS,  72, 105S,  794E,  15,    0,   ,  34, NEQ,    0,    0,    0,    0, 
SH, 92, 2015033112, 74, JJGS,  84, 105S,  793E,  15,    0,   ,  34, NEQ,    0,    0,    0,    0, 
SH, 92, 2015033118, 01, CARQ, -24, 144S,  807E,  15,    0,   ,   0,    ,    0,    0,    0,    0, 
SH, 92, 2015033118, 01, CARQ, -18, 148S,  813E,  15,    0,   ,   0,    ,    0,    0,    0,    0, 
SH, 92, 2015033118, 01, CARQ, -12, 146S,  831E,  15,    0,   ,   0,    ,    0,    0,    0,    0, 
SH, 92, 2015033118, 01, CARQ,  -6, 153S,  838E,  15,    0,   ,   0,    ,    0,    0,    0,    0, 
SH, 92, 2015033118, 01, CARQ,   0, 162S,  839E,  15,    0,   ,   0,    ,    0,    0,    0,    0, 
SH, 92, 2015033118, 03, CLIM,  12, 172S,  829E,   0,    0,   ,   0,    ,    0,    0,    0,    0, 
SH, 92, 2015033118, 03, CLIM,  24, 175S,  820E,   0,    0,   ,   0,    ,    0,    0,    0,    0, 
SH, 92, 2015033118, 03, CLIM,  36, 182S,  813E,   0,    0,   ,   0,    ,    0,    0,    0,    0, 
SH, 92, 2015033118, 03, CLIM,  48, 183S,  796E,   0,    0,   ,   0,    ,    0,    0,    0,    0, 
SH, 92, 2015033118, 03, CLIM,  72, 200S,  786E,   0,    0,   ,   0,    ,    0,    0,    0,    0, 
SH, 92, 2015033118, 03, CLIP,  12, 175S,  841E,   0,    0,   ,   0,    ,    0,    0,    0,    0, 
SH, 92, 2015033118, 03, CLIP,  24, 187S,  843E,   0,    0,   ,   0,    ,    0,    0,    0,    0, 
SH, 92, 2015033118, 03, CLIP,  36, 196S,  844E,   0,    0,   ,   0,    ,    0,    0,    0,    0, 
SH, 92, 2015033118, 03, CLIP,  48, 209S,  844E,   0,    0,   ,   0,    ,    0,    0,    0,    0, 
SH, 92, 2015033118, 03, CLIP,  72, 234S,  846E,   0,    0,   ,   0,    ,    0,    0,    0,    0, 
SH, 92, 2015033118, 03, CLSI,  12, 176S,  843E,   0,    0,   ,   0,    ,    0,    0,    0,    0, 
SH, 92, 2015033118, 03, CLSI,  24, 186S,  846E,   0,    0,   ,   0,    ,    0,    0,    0,    0, 
SH, 92, 2015033118, 03, CLSI,  36, 195S,  847E,   0,    0,   ,   0,    ,    0,    0,    0,    0, 
SH, 92, 2015033118, 03, CLSI,  48, 203S,  844E,   0,    0,   ,   0,    ,    0,    0,    0,    0, 
SH, 92, 2015033118, 03, CLSI,  72, 211S,  841E,   0,    0,   ,   0,    ,    0,    0,    0,    0, 
SH, 92, 2015033118, 03, DSHW,   0, 162S,  839E,  15,    0, TD,   0,    ,    0,    0,    0,    0, 
SH, 92, 2015033118, 03, DSHW,  12, 166S,  840E,  16,    0, TD,   0,    ,    0,    0,    0,    0, 
SH, 92, 2015033118, 03, DSHW,  24, 172S,  844E,  20,    0, TD,   0,    ,    0,    0,    0,    0, 
SH, 92, 2015033118, 03, DSHW,  36, 179S,  839E,  24,    0, TD,   0,    ,    0,    0,    0,    0, 
SH, 92, 2015033118, 03, DSHW,  48, 181S,  827E,  27,    0, TD,   0,    ,    0,    0,    0,    0, 
SH, 92, 2015033118, 03, DSHW,  60, 177S,  812E,  28,    0, TD,   0,    ,    0,    0,    0,    0, 
SH, 92, 2015033118, 03, DSHW,  72, 173S,  796E,  29,    0, TD,   0,    ,    0,    0,    0,    0, 
SH, 92, 2015033118, 03, DSHW,  84,   0N,    0E,  28,    0,   ,   0,    ,    0,    0,    0,    0, 
SH, 92, 2015033118, 03, DSHW,  96,   0N,    0E,  27,    0,   ,   0,    ,    0,    0,    0,    0, 
SH, 92, 2015033118, 03, DSHW, 108,   0N,    0E,  27,    0,   ,   0,    ,    0,    0,    0,    0, 
SH, 92, 2015033118, 03, DSHW, 120,   0N,    0E,  27,    0,   ,   0,    ,    0,    0,    0,    0, 
SH, 92, 2015033118, 03, HPAC,  12, 175S,  838E,   0,    0,   ,   0,    ,    0,    0,    0,    0, 
SH, 92, 2015033118, 03, HPAC,  24, 184S,  838E,   0,    0,   ,   0,    ,    0,    0,    0,    0, 
SH, 92, 2015033118, 03, HPAC,  36, 196S,  838E,   0,    0,   ,   0,    ,    0,    0,    0,    0, 
SH, 92, 2015033118, 03, HPAC,  48, 205S,  834E,   0,    0,   ,   0,    ,    0,    0,    0,    0, 
SH, 92, 2015033118, 03, HPAC,  72, 229S,  838E,   0,    0,   ,   0,    ,    0,    0,    0,    0, 
SH, 92, 2015033118, 03, JAS1,  12, 171S,  840E,  21,    0,   ,   0,    ,    0,    0,    0,    0, 
SH, 92, 2015033118, 03, JAS1,  24, 174S,  835E,  28,    0,   ,   0,    ,    0,    0,    0,    0, 
SH, 92, 2015033118, 03, JAS1,  36, 165S,  832E,  35,    0,   ,   0,    ,    0,    0,    0,    0, 
SH, 92, 2015033118, 03, JAS1,  48, 151S,  834E,  43,    0,   ,   0,    ,    0,    0,    0,    0, 
SH, 92, 2015033118, 03, JAS1,  60, 144S,  825E,  51,    0,   ,   0,    ,    0,    0,    0,    0, 
SH, 92, 2015033118, 03, JAS1,  72, 141S,  811E,  57,    0,   ,   0,    ,    0,    0,    0,    0, 
SH, 92, 2015033118, 03, JAS1,  84, 143S,  798E,  64,    0,   ,   0,    ,    0,    0,    0,    0, 
SH, 92, 2015033118, 03, JAS1,  96, 148S,  787E,  69,    0,   ,   0,    ,    0,    0,    0,    0, 
SH, 92, 2015033118, 03, JAS1, 108, 153S,  779E,  76,    0,   ,   0,    ,    0,    0,    0,    0, 
SH, 92, 2015033118, 03, JAS1, 120, 159S,  770E,  78,    0,   ,   0,    ,    0,    0,    0,    0, 
SH, 92, 2015033118, 03, JAS5,  12, 171S,  840E,  21,    0,   ,   0,    ,    0,    0,    0,    0, 
SH, 92, 2015033118, 03, JAS5,  24, 174S,  835E,  27,    0,   ,   0,    ,    0,    0,    0,    0, 
SH, 92, 2015033118, 03, JAS5,  36, 165S,  832E,  33,    0,   ,   0,    ,    0,    0,    0,    0, 
SH, 92, 2015033118, 03, JAS5,  48, 151S,  834E,  38,    0,   ,   0,    ,    0,    0,    0,    0, 
SH, 92, 2015033118, 03, JAS5,  60, 144S,  825E,  43,    0,   ,   0,    ,    0,    0,    0,    0, 
SH, 92, 2015033118, 03, JAS5,  72, 141S,  811E,  47,    0,   ,   0,    ,    0,    0,    0,    0, 
SH, 92, 2015033118, 03, JAS5,  84, 143S,  798E,  50,    0,   ,   0,    ,    0,    0,    0,    0, 
SH, 92, 2015033118, 03, JAS5,  96, 148S,  787E,  53,    0,   ,   0,    ,    0,    0,    0,    0, 
SH, 92, 2015033118, 03, JAS5, 108, 153S,  779E,  57,    0,   ,   0,    ,    0,    0,    0,    0, 
SH, 92, 2015033118, 03, JAS5, 120, 159S,  770E,  58,    0,   ,   0,    ,    0,    0,    0,    0, 
SH, 92, 2015033118, 03, JAVI,   0, 161S,  839E,  15,    0,   ,  34, NEQ,    0,    0,    0,    0, 
SH, 92, 2015033118, 03, JAVI,  12, 171S,  840E,  16,    0,   ,  34, NEQ,    0,    0,    0,    0, 
SH, 92, 2015033118, 03, JAVI,  24, 174S,  835E,  16,    0,   ,  34, NEQ,    0,    0,    0,    0, 
SH, 92, 2015033118, 03, JAVI,  36, 165S,  832E,  15,    0,   ,  34, NEQ,    0,    0,    0,    0, 
SH, 92, 2015033118, 03, JAVI,  48, 151S,  834E,  14,    0,   ,  34, NEQ,    0,    0,    0,    0, 
SH, 92, 2015033118, 03, JAVI,  60, 144S,  825E,  14,    0,   ,  34, NEQ,    0,    0,    0,    0, 
SH, 92, 2015033118, 03, JAVI,  72, 141S,  811E,  14,    0,   ,  34, NEQ,    0,    0,    0,    0, 
SH, 92, 2015033118, 03, JAVI,  84, 143S,  798E,  15,    0,   ,  34, NEQ,    0,    0,    0,    0, 
SH, 92, 2015033118, 03, JAVI,  96, 148S,  787E,  17,    0,   ,  34, NEQ,    0,    0,    0,    0, 
SH, 92, 2015033118, 03, JAVI, 108, 153S,  779E,  19,    0,   ,  34, NEQ,    0,    0,    0,    0, 
SH, 92, 2015033118, 03, JAVI, 120, 159S,  770E,  21,    0,   ,  34, NEQ,    0,    0,    0,    0, 
SH, 92, 2015033118, 03, LGEW,   0, 162S,  839E,  15,    0, TD,   0,    ,    0,    0,    0,    0, 
SH, 92, 2015033118, 03, LGEW,  12, 166S,  840E,  15,    0, TD,   0,    ,    0,    0,    0,    0, 
SH, 92, 2015033118, 03, LGEW,  24, 172S,  844E,  15,    0, TD,   0,    ,    0,    0,    0,    0, 
SH, 92, 2015033118, 03, RECR,  12, 173S,  847E,   0,    0,   ,   0,    ,    0,    0,    0,    0, 
SH, 92, 2015033118, 03, RECR,  24, 185S,  854E,   0,    0,   ,   0,    ,    0,    0,    0,    0, 
SH, 92, 2015033118, 03, RECR,  36, 197S,  865E,   0,    0,   ,   0,    ,    0,    0,    0,    0, 
SH, 92, 2015033118, 03, RECR,  48, 215S,  881E,   0,    0,   ,   0,    ,    0,    0,    0,    0, 
SH, 92, 2015033118, 03, RECR,  72, 256S,  932E,   0,    0,   ,   0,    ,    0,    0,    0,    0, 
SH, 92, 2015033118, 03, S5XX,   0,   0N,    0W,  15,    0,   ,   0,    ,    0,    0,    0,    0, 
SH, 92, 2015033118, 03, S5XX,  12,   0N,    0W,  21,    0,   ,   0,    ,    0,    0,    0,    0, 
SH, 92, 2015033118, 03, S5XX,  24,   0N,    0W,  27,    0,   ,   0,    ,    0,    0,    0,    0, 
SH, 92, 2015033118, 03, S5XX,  36,   0N,    0W,  32,    0,   ,   0,    ,    0,    0,    0,    0, 
SH, 92, 2015033118, 03, S5XX,  48,   0N,    0W,  35,    0,   ,   0,    ,    0,    0,    0,    0, 
SH, 92, 2015033118, 03, S5XX,  60,   0N,    0W,  37,    0,   ,   0,    ,    0,    0,    0,    0, 
SH, 92, 2015033118, 03, S5XX,  72,   0N,    0W,  38,    0,   ,   0,    ,    0,    0,    0,    0, 
SH, 92, 2015033118, 03, SHIW,   0, 162S,  839E,  15,    0, TD,   0,    ,    0,    0,    0,    0, 
SH, 92, 2015033118, 03, SHIW,  12, 166S,  840E,  16,    0, TD,   0,    ,    0,    0,    0,    0, 
SH, 92, 2015033118, 03, SHIW,  24, 172S,  844E,  20,    0, TD,   0,    ,    0,    0,    0,    0, 
SH, 92, 2015033118, 03, SHIW,  36, 179S,  839E,  24,    0, TD,   0,    ,    0,    0,    0,    0, 
SH, 92, 2015033118, 03, SHIW,  48, 181S,  827E,  27,    0, TD,   0,    ,    0,    0,    0,    0, 
SH, 92, 2015033118, 03, SHIW,  60, 177S,  812E,  28,    0, TD,   0,    ,    0,    0,    0,    0, 
SH, 92, 2015033118, 03, SHIW,  72, 173S,  796E,  29,    0, TD,   0,    ,    0,    0,    0,    0, 
SH, 92, 2015033118, 03, SHIW,  84,   0N,    0E,  28,    0,   ,   0,    ,    0,    0,    0,    0, 
SH, 92, 2015033118, 03, SHIW,  96,   0N,    0E,  27,    0,   ,   0,    ,    0,    0,    0,    0, 
SH, 92, 2015033118, 03, SHIW, 108,   0N,    0E,  27,    0,   ,   0,    ,    0,    0,    0,    0, 
SH, 92, 2015033118, 03, SHIW, 120,   0N,    0E,  27,    0,   ,   0,    ,    0,    0,    0,    0, 
SH, 92, 2015033118, 03, ST5D,  12,   0N,    0E,  18,    0,   ,   0,    ,    0,    0,    0,    0, 
SH, 92, 2015033118, 03, ST5D,  24,   0N,    0E,  23,    0,   ,   0,    ,    0,    0,    0,    0, 
SH, 92, 2015033118, 03, ST5D,  36,   0N,    0E,  28,    0,   ,   0,    ,    0,    0,    0,    0, 
SH, 92, 2015033118, 03, ST5D,  48,   0N,    0E,  32,    0,   ,   0,    ,    0,    0,    0,    0, 
SH, 92, 2015033118, 03, ST5D,  60,   0N,    0E,  36,    0,   ,   0,    ,    0,    0,    0,    0, 
SH, 92, 2015033118, 03, ST5D,  72,   0N,    0E,  37,    0,   ,   0,    ,    0,    0,    0,    0, 
SH, 92, 2015033118, 03, ST5D,  84,   0N,    0E,  41,    0,   ,   0,    ,    0,    0,    0,    0, 
SH, 92, 2015033118, 03, ST5D,  96,   0N,    0E,  44,    0,   ,   0,    ,    0,    0,    0,    0, 
SH, 92, 2015033118, 03, ST5D, 108,   0N,    0E,  50,    0,   ,   0,    ,    0,    0,    0,    0, 
SH, 92, 2015033118, 03, ST5D, 120,   0N,    0E,  50,    0,   ,   0,    ,    0,    0,    0,    0, 
SH, 92, 2015033118, 03, STRT,  12, 176S,  832E,   0,    0,   ,   0,    ,    0,    0,    0,    0, 
SH, 92, 2015033118, 03, STRT,  24, 190S,  825E,   0,    0,   ,   0,    ,    0,    0,    0,    0, 
SH, 92, 2015033118, 03, STRT,  36, 204S,  818E,   0,    0,   ,   0,    ,    0,    0,    0,    0, 
SH, 92, 2015033118, 03, STRT,  48, 218S,  811E,   0,    0,   ,   0,    ,    0,    0,    0,    0, 
SH, 92, 2015033118, 03, WBAI,   0, 161S,  839E,   0,    0,   ,  34, NEQ,    0,    0,    0,    0, 
SH, 92, 2015033118, 03, WBAI,  12, 166S,  840E,   0,    0,   ,  34, NEQ,    0,    0,    0,    0, 
SH, 92, 2015033118, 03, WBAI,  24, 172S,  844E,   0,    0,   ,  34, NEQ,    0,    0,    0,    0, 
SH, 92, 2015033118, 03, WBAI,  36, 179S,  839E,   0,    0,   ,  34, NEQ,    0,    0,    0,    0, 
SH, 92, 2015033118, 03, WBAI,  48, 181S,  827E,   0,    0,   ,  34, NEQ,    0,    0,    0,    0, 
SH, 92, 2015033118, 03, WBAI,  60, 177S,  812E,   0,    0,   ,  34, NEQ,    0,    0,    0,    0, 
SH, 92, 2015033118, 03, WBAI,  72, 173S,  796E,   0,    0,   ,  34, NEQ,    0,    0,    0,    0, 
SH, 92, 2015033118, 03, WBAR,   0, 162S,  839E,   0,    0,   ,   0,    ,    0,    0,    0,    0, 
SH, 92, 2015033118, 03, WBAR,   6, 170S,  822E,   0,    0,   ,   0,    ,    0,    0,    0,    0, 
SH, 92, 2015033118, 03, WBAR,  12, 177S,  821E,   0,    0,   ,   0,    ,    0,    0,    0,    0, 
SH, 92, 2015033118, 03, WBAR,  18, 177S,  821E,   0,    0,   ,   0,    ,    0,    0,    0,    0, 
SH, 92, 2015033118, 03, WBAR,  24, 176S,  820E,   0,    0,   ,   0,    ,    0,    0,    0,    0, 
SH, 92, 2015033118, 03, WBAR,  30, 175S,  818E,   0,    0,   ,   0,    ,    0,    0,    0,    0, 
SH, 92, 2015033118, 03, WBAR,  36, 174S,  816E,   0,    0,   ,   0,    ,    0,    0,    0,    0, 
SH, 92, 2015033118, 03, WBAR,  42, 171S,  814E,   0,    0,   ,   0,    ,    0,    0,    0,    0, 
SH, 92, 2015033118, 03, WBAR,  48, 169S,  809E,   0,    0,   ,   0,    ,    0,    0,    0,    0, 
SH, 92, 2015033118, 03, WBAR,  54, 166S,  804E,   0,    0,   ,   0,    ,    0,    0,    0,    0, 
SH, 92, 2015033118, 03, WBAR,  60, 164S,  799E,   0,    0,   ,   0,    ,    0,    0,    0,    0, 
SH, 92, 2015033118, 03, WBAR,  66, 163S,  795E,   0,    0,   ,   0,    ,    0,    0,    0,    0, 
SH, 92, 2015033118, 03, WBAR,  72, 163S,  789E,   0,    0,   ,   0,    ,    0,    0,    0,    0, 
SH, 92, 2015033118, 03, WBS1,  12, 166S,  840E,  21,    0,   ,   0,    ,    0,    0,    0,    0, 
SH, 92, 2015033118, 03, WBS1,  24, 172S,  844E,  26,    0,   ,   0,    ,    0,    0,    0,    0, 
SH, 92, 2015033118, 03, WBS1,  36, 179S,  839E,  32,    0,   ,   0,    ,    0,    0,    0,    0, 
SH, 92, 2015033118, 03, WBS1,  48, 181S,  827E,  37,    0,   ,   0,    ,    0,    0,    0,    0, 
SH, 92, 2015033118, 03, WBS1,  60, 177S,  812E,  40,    0,   ,   0,    ,    0,    0,    0,    0, 
SH, 92, 2015033118, 03, WBS1,  72, 173S,  796E,  42,    0,   ,   0,    ,    0,    0,    0,    0, 
SH, 92, 2015033118, 03, WBS5,  12, 166S,  840E,  21,    0,   ,   0,    ,    0,    0,    0,    0, 
SH, 92, 2015033118, 03, WBS5,  24, 172S,  844E,  27,    0,   ,   0,    ,    0,    0,    0,    0, 
SH, 92, 2015033118, 03, WBS5,  36, 179S,  839E,  31,    0,   ,   0,    ,    0,    0,    0,    0, 
SH, 92, 2015033118, 03, WBS5,  48, 181S,  827E,  32,    0,   ,   0,    ,    0,    0,    0,    0, 
SH, 92, 2015033118, 03, WBS5,  60, 177S,  812E,  31,    0,   ,   0,    ,    0,    0,    0,    0, 
SH, 92, 2015033118, 03, WBS5,  72, 173S,  796E,  29,    0,   ,   0,    ,    0,    0,    0,    0, 
SH, 92, 2015033118, 03, XTRP,  12, 176S,  847E,  15,    0,   ,   0,    ,    0,    0,    0,    0, 
SH, 92, 2015033118, 03, XTRP,  24, 192S,  855E,  15,    0,   ,   0,    ,    0,    0,    0,    0, 
SH, 92, 2015033118, 03, XTRP,  36, 208S,  864E,  15,    0,   ,   0,    ,    0,    0,    0,    0, 
SH, 92, 2015033118, 03, XTRP,  48, 224S,  872E,  15,    0,   ,   0,    ,    0,    0,    0,    0, 
SH, 92, 2015033118, 03, XTRP,  60, 240S,  881E,  15,    0,   ,   0,    ,    0,    0,    0,    0, 
SH, 92, 2015033118, 03, XTRP,  72, 256S,  889E,  15,    0,   ,   0,    ,    0,    0,    0,    0, 
SH, 92, 2015033118, 03, XTRP,  84, 272S,  898E,  15,    0,   ,   0,    ,    0,    0,    0,    0, 
SH, 92, 2015033118, 03, XTRP,  96, 288S,  907E,  15,    0,   ,   0,    ,    0,    0,    0,    0, 
SH, 92, 2015033118, 03, XTRP, 108, 304S,  916E,  15,    0,   ,   0,    ,    0,    0,    0,    0, 
SH, 92, 2015033118, 03, XTRP, 120, 320S,  925E,  15,    0,   ,   0,    ,    0,    0,    0,    0, 
SH, 92, 2015033118, 72, JAVN,   0, 132S,  854E,  15,    0,   ,  34, NEQ,    0,    0,    0,    0, 
SH, 92, 2015033118, 72, JAVN,  12, 135S,  851E,  15,    0,   ,  34, NEQ,    0,    0,    0,    0, 
SH, 92, 2015033118, 72, JAVN,  24, 140S,  865E,  15,    0,   ,  34, NEQ,    0,    0,    0,    0, 
SH, 92, 2015033118, 72, JAVN,  36, 137S,  866E,  15,    0,   ,  34, NEQ,    0,    0,    0,    0, 
SH, 92, 2015033118, 72, JAVN,  48, 145S,  847E,  15,    0,   ,  34, NEQ,    0,    0,    0,    0, 
SH, 92, 2015033118, 72, JAVN,  60, 135S,  844E,  15,    0,   ,  34, NEQ,    0,    0,    0,    0, 
SH, 92, 2015033118, 72, JAVN,  72, 135S,  844E,  10,    0,   ,  34, NEQ,    0,    0,    0,    0, 
SH, 92, 2015033118, 72, JAVN,  84, 134S,  835E,  10,    0,   ,  34, NEQ,    0,    0,    0,    0, 
SH, 92, 2015033118, 72, JAVN,  96, 145S,  834E,  10,    0,   ,  34, NEQ,    0,    0,    0,    0, 
SH, 92, 2015033118, 72, JAVN, 108, 146S,  824E,  10,    0,   ,  34, NEQ,    0,    0,    0,    0, 
SH, 92, 2015033118, 72, JAVN, 120, 154S,  827E,  10,    0,   ,  34, NEQ,    0,    0,    0,    0, 
SH, 92, 2015040100, 01, CARQ, -24, 148S,  813E,  15,    0,   ,   0,    ,    0,    0,    0,    0, 
SH, 92, 2015040100, 01, CARQ, -18, 146S,  831E,  15,    0,   ,   0,    ,    0,    0,    0,    0, 
SH, 92, 2015040100, 01, CARQ, -12, 153S,  838E,  15,    0,   ,   0,    ,    0,    0,    0,    0, 
SH, 92, 2015040100, 01, CARQ,  -6, 162S,  839E,  15,    0,   ,   0,    ,    0,    0,    0,    0, 
SH, 92, 2015040100, 01, CARQ,   0, 167S,  837E,  15,    0,   ,   0,    ,    0,    0,    0,    0, 
SH, 92, 2015040100, 03, CLIM,  12, 176S,  828E,   0,    0,   ,   0,    ,    0,    0,    0,    0, 
SH, 92, 2015040100, 03, CLIM,  24, 181S,  821E,   0,    0,   ,   0,    ,    0,    0,    0,    0, 
SH, 92, 2015040100, 03, CLIM,  36, 188S,  815E,   0,    0,   ,   0,    ,    0,    0,    0,    0, 
SH, 92, 2015040100, 03, CLIM,  48, 191S,  798E,   0,    0,   ,   0,    ,    0,    0,    0,    0, 
SH, 92, 2015040100, 03, CLIM,  72, 205S,  791E,   0,    0,   ,   0,    ,    0,    0,    0,    0, 
SH, 92, 2015040100, 03, CLIP,  12, 179S,  831E,   0,    0,   ,   0,    ,    0,    0,    0,    0, 
SH, 92, 2015040100, 03, CLIP,  24, 189S,  828E,   0,    0,   ,   0,    ,    0,    0,    0,    0, 
SH, 92, 2015040100, 03, CLIP,  36, 199S,  823E,   0,    0,   ,   0,    ,    0,    0,    0,    0, 
SH, 92, 2015040100, 03, CLIP,  48, 210S,  817E,   0,    0,   ,   0,    ,    0,    0,    0,    0, 
SH, 92, 2015040100, 03, CLIP,  72, 235S,  811E,   0,    0,   ,   0,    ,    0,    0,    0,    0, 
SH, 92, 2015040100, 03, CLSI,  12, 178S,  831E,   0,    0,   ,   0,    ,    0,    0,    0,    0, 
SH, 92, 2015040100, 03, CLSI,  24, 186S,  825E,   0,    0,   ,   0,    ,    0,    0,    0,    0, 
SH, 92, 2015040100, 03, CLSI,  36, 193S,  819E,   0,    0,   ,   0,    ,    0,    0,    0,    0, 
SH, 92, 2015040100, 03, CLSI,  48, 200S,  811E,   0,    0,   ,   0,    ,    0,    0,    0,    0, 
SH, 92, 2015040100, 03, CLSI,  72, 210S,  807E,   0,    0,   ,   0,    ,    0,    0,    0,    0, 
SH, 92, 2015040100, 03, HPAC,  12, 178S,  832E,   0,    0,   ,   0,    ,    0,    0,    0,    0, 
SH, 92, 2015040100, 03, HPAC,  24, 188S,  828E,   0,    0,   ,   0,    ,    0,    0,    0,    0, 
SH, 92, 2015040100, 03, HPAC,  36, 198S,  825E,   0,    0,   ,   0,    ,    0,    0,    0,    0, 
SH, 92, 2015040100, 03, HPAC,  48, 207S,  816E,   0,    0,   ,   0,    ,    0,    0,    0,    0, 
SH, 92, 2015040100, 03, HPAC,  72, 228S,  811E,   0,    0,   ,   0,    ,    0,    0,    0,    0, 
SH, 92, 2015040100, 03, RECR,  12, 180S,  844E,   0,    0,   ,   0,    ,    0,    0,    0,    0, 
SH, 92, 2015040100, 03, RECR,  24, 193S,  852E,   0,    0,   ,   0,    ,    0,    0,    0,    0, 
SH, 92, 2015040100, 03, RECR,  36, 207S,  860E,   0,    0,   ,   0,    ,    0,    0,    0,    0, 
SH, 92, 2015040100, 03, RECR,  48, 224S,  872E,   0,    0,   ,   0,    ,    0,    0,    0,    0, 
SH, 92, 2015040100, 03, RECR,  72, 263S,  914E,   0,    0,   ,   0,    ,    0,    0,    0,    0, 
SH, 92, 2015040100, 03, ST5D,  12,   0N,    0E,  18,    0,   ,   0,    ,    0,    0,    0,    0, 
SH, 92, 2015040100, 03, ST5D,  24,   0N,    0E,  23,    0,   ,   0,    ,    0,    0,    0,    0, 
SH, 92, 2015040100, 03, ST5D,  36,   0N,    0E,  28,    0,   ,   0,    ,    0,    0,    0,    0, 
SH, 92, 2015040100, 03, ST5D,  48,   0N,    0E,  31,    0,   ,   0,    ,    0,    0,    0,    0, 
SH, 92, 2015040100, 03, ST5D,  60,   0N,    0E,  36,    0,   ,   0,    ,    0,    0,    0,    0, 
SH, 92, 2015040100, 03, ST5D,  72,   0N,    0E,  38,    0,   ,   0,    ,    0,    0,    0,    0, 
SH, 92, 2015040100, 03, ST5D,  84,   0N,    0E,  41,    0,   ,   0,    ,    0,    0,    0,    0, 
SH, 92, 2015040100, 03, ST5D,  96,   0N,    0E,  44,    0,   ,   0,    ,    0,    0,    0,    0, 
SH, 92, 2015040100, 03, ST5D, 108,   0N,    0E,  50,    0,   ,   0,    ,    0,    0,    0,    0, 
SH, 92, 2015040100, 03, ST5D, 120,   0N,    0E,  50,    0,   ,   0,    ,    0,    0,    0,    0, 
SH, 92, 2015040100, 03, STRT,  12, 181S,  830E,   0,    0,   ,   0,    ,    0,    0,    0,    0, 
SH, 92, 2015040100, 03, STRT,  24, 195S,  823E,   0,    0,   ,   0,    ,    0,    0,    0,    0, 
SH, 92, 2015040100, 03, STRT,  36, 209S,  816E,   0,    0,   ,   0,    ,    0,    0,    0,    0, 
SH, 92, 2015040100, 03, STRT,  48, 223S,  809E,   0,    0,   ,   0,    ,    0,    0,    0,    0, 
SH, 92, 2015040100, 03, WBAI,   0, 166S,  837E,   0,    0,   ,  34, NEQ,    0,    0,    0,    0, 
SH, 92, 2015040100, 03, WBAI,  12, 173S,  829E,   0,    0,   ,  34, NEQ,    0,    0,    0,    0, 
SH, 92, 2015040100, 03, WBAI,  24, 172S,  826E,   0,    0,   ,  34, NEQ,    0,    0,    0,    0, 
SH, 92, 2015040100, 03, WBAI,  36, 168S,  821E,   0,    0,   ,  34, NEQ,    0,    0,    0,    0, 
SH, 92, 2015040100, 03, WBAI,  48, 164S,  812E,   0,    0,   ,  34, NEQ,    0,    0,    0,    0, 
SH, 92, 2015040100, 03, WBAI,  60, 161S,  802E,   0,    0,   ,  34, NEQ,    0,    0,    0,    0, 
SH, 92, 2015040100, 03, WBAI,  72, 158S,  793E,   0,    0,   ,  34, NEQ,    0,    0,    0,    0, 
SH, 92, 2015040100, 03, XTRP,  12, 179S,  836E,  15,    0,   ,   0,    ,    0,    0,    0,    0, 
SH, 92, 2015040100, 03, XTRP,  24, 193S,  835E,  15,    0,   ,   0,    ,    0,    0,    0,    0, 
SH, 92, 2015040100, 03, XTRP,  36, 207S,  834E,  15,    0,   ,   0,    ,    0,    0,    0,    0, 
SH, 92, 2015040100, 03, XTRP,  48, 221S,  833E,  15,    0,   ,   0,    ,    0,    0,    0,    0, 
SH, 92, 2015040100, 03, XTRP,  60, 235S,  832E,  15,    0,   ,   0,    ,    0,    0,    0,    0, 
SH, 92, 2015040100, 03, XTRP,  72, 249S,  831E,  15,    0,   ,   0,    ,    0,    0,    0,    0, 
SH, 92, 2015040100, 03, XTRP,  84, 263S,  830E,  15,    0,   ,   0,    ,    0,    0,    0,    0, 
SH, 92, 2015040100, 03, XTRP,  96, 277S,  829E,  15,    0,   ,   0,    ,    0,    0,    0,    0, 
SH, 92, 2015040100, 03, XTRP, 108, 291S,  827E,  15,    0,   ,   0,    ,    0,    0,    0,    0, 
SH, 92, 2015040100, 03, XTRP, 120, 305S,  826E,  15,    0,   ,   0,    ,    0,    0,    0,    0, 
