EP, 72, 2013061018, 01, CARQ, -24,  98N,  974W,  20,    0, DB,  34, AAA,    0,    0,    0,    0,    0,    0,   0,   0,   0,   E,   0,   X,   0,   0,       TEST,  , 
EP, 72, 2013061018, 01, CARQ, -18,  99N,  980W,  20,    0, DB,  34, AAA,    0,    0,    0,    0,    0,    0,   0,   0,   0,   E,   0,   X,   0,   0,       TEST,  , 
EP, 72, 2013061018, 01, CARQ, -12, 100N,  987W,  20,    0, DB,  34, AAA,    0,    0,    0,    0,    0,    0,   0,   0,   0,   E,   0,   X, 274,   7,       TEST,  , 
EP, 72, 2013061018, 01, CARQ,  -6, 100N,  994W,  20,    0, DB,  34, AAA,    0,    0,    0,    0,    0,    0,   0,   0,   0,   E,   0,   X,   0,   0,       TEST,  , 
EP, 72, 2013061018, 01, CARQ,   0, 100N, 1000W,  20, 1009, DB,  34, NEQ,    0,    0,    0,    0, 1010,  150,   0,   0,   0,   E,   0,   X, 275,   7,       TEST, S , 
EP, 72, 2013061018, 01, CARQ,   0, 100N, 1000W,  20, 1009, DB,  50, NEQ,    0,    0,    0,    0, 1010,  150,   0,   0,   0,   E,   0,   X, 275,   7,       TEST, S , 
EP, 72, 2013061018, 01, CARQ,   0, 100N, 1000W,  20, 1009, DB,  64, NEQ,    0,    0,    0,    0, 1010,  150,   0,   0,   0,   E,   0,   X, 275,   7,       TEST, S , 
EP, 72, 2013061018, 03, BAMD,  12, 103N, 1019W,   0,    0,   ,   0,    ,    0,    0,    0,    0, 
EP, 72, 2013061018, 03, BAMD,  24, 110N, 1039W,   0,    0,   ,   0,    ,    0,    0,    0,    0, 
EP, 72, 2013061018, 03, BAMD,  36, 120N, 1058W,   0,    0,   ,   0,    ,    0,    0,    0,    0, 
EP, 72, 2013061018, 03, BAMD,  48, 132N, 1076W,   0,    0,   ,   0,    ,    0,    0,    0,    0, 
EP, 72, 2013061018, 03, BAMD,  60, 145N, 1089W,   0,    0,   ,   0,    ,    0,    0,    0,    0, 
EP, 72, 2013061018, 03, BAMD,  72, 158N, 1098W,   0,    0,   ,   0,    ,    0,    0,    0,    0, 
EP, 72, 2013061018, 03, BAMD,  84, 167N, 1103W,   0,    0,   ,   0,    ,    0,    0,    0,    0, 
EP, 72, 2013061018, 03, BAMD,  96, 174N, 1107W,   0,    0,   ,   0,    ,    0,    0,    0,    0, 
EP, 72, 2013061018, 03, BAMD, 108, 180N, 1111W,   0,    0,   ,   0,    ,    0,    0,    0,    0, 
EP, 72, 2013061018, 03, BAMD, 120, 188N, 1118W,   0,    0,   ,   0,    ,    0,    0,    0,    0, 
EP, 72, 2013061018, 03, BAMD, 132, 195N, 1125W,   0,    0,   ,   0,    ,    0,    0,    0,    0, 
EP, 72, 2013061018, 03, BAMD, 144, 201N, 1135W,   0,    0,   ,   0,    ,    0,    0,    0,    0, 
EP, 72, 2013061018, 03, BAMD, 156, 204N, 1147W,   0,    0,   ,   0,    ,    0,    0,    0,    0, 
EP, 72, 2013061018, 03, BAMD, 168, 204N, 1161W,   0,    0,   ,   0,    ,    0,    0,    0,    0, 
EP, 72, 2013061018, 03, BAMM,  12, 104N, 1023W,   0,    0,   ,   0,    ,    0,    0,    0,    0, 
EP, 72, 2013061018, 03, BAMM,  24, 111N, 1046W,   0,    0,   ,   0,    ,    0,    0,    0,    0, 
EP, 72, 2013061018, 03, BAMM,  36, 122N, 1066W,   0,    0,   ,   0,    ,    0,    0,    0,    0, 
EP, 72, 2013061018, 03, BAMM,  48, 134N, 1084W,   0,    0,   ,   0,    ,    0,    0,    0,    0, 
EP, 72, 2013061018, 03, BAMM,  60, 147N, 1098W,   0,    0,   ,   0,    ,    0,    0,    0,    0, 
EP, 72, 2013061018, 03, BAMM,  72, 157N, 1108W,   0,    0,   ,   0,    ,    0,    0,    0,    0, 
EP, 72, 2013061018, 03, BAMM,  84, 163N, 1114W,   0,    0,   ,   0,    ,    0,    0,    0,    0, 
EP, 72, 2013061018, 03, BAMM,  96, 165N, 1120W,   0,    0,   ,   0,    ,    0,    0,    0,    0, 
EP, 72, 2013061018, 03, BAMM, 108, 167N, 1126W,   0,    0,   ,   0,    ,    0,    0,    0,    0, 
EP, 72, 2013061018, 03, BAMM, 120, 170N, 1138W,   0,    0,   ,   0,    ,    0,    0,    0,    0, 
EP, 72, 2013061018, 03, BAMM, 132, 172N, 1150W,   0,    0,   ,   0,    ,    0,    0,    0,    0, 
EP, 72, 2013061018, 03, BAMM, 144, 174N, 1165W,   0,    0,   ,   0,    ,    0,    0,    0,    0, 
EP, 72, 2013061018, 03, BAMM, 156, 174N, 1184W,   0,    0,   ,   0,    ,    0,    0,    0,    0, 
EP, 72, 2013061018, 03, BAMM, 168, 172N, 1206W,   0,    0,   ,   0,    ,    0,    0,    0,    0, 
EP, 72, 2013061018, 03, BAMS,  12, 104N, 1015W,   0,    0,   ,   0,    ,    0,    0,    0,    0, 
EP, 72, 2013061018, 03, BAMS,  24, 110N, 1033W,   0,    0,   ,   0,    ,    0,    0,    0,    0, 
EP, 72, 2013061018, 03, BAMS,  36, 118N, 1050W,   0,    0,   ,   0,    ,    0,    0,    0,    0, 
EP, 72, 2013061018, 03, BAMS,  48, 125N, 1071W,   0,    0,   ,   0,    ,    0,    0,    0,    0, 
EP, 72, 2013061018, 03, BAMS,  60, 132N, 1093W,   0,    0,   ,   0,    ,    0,    0,    0,    0, 
EP, 72, 2013061018, 03, BAMS,  72, 135N, 1113W,   0,    0,   ,   0,    ,    0,    0,    0,    0, 
EP, 72, 2013061018, 03, BAMS,  84, 135N, 1131W,   0,    0,   ,   0,    ,    0,    0,    0,    0, 
EP, 72, 2013061018, 03, BAMS,  96, 132N, 1149W,   0,    0,   ,   0,    ,    0,    0,    0,    0, 
EP, 72, 2013061018, 03, BAMS, 108, 128N, 1169W,   0,    0,   ,   0,    ,    0,    0,    0,    0, 
EP, 72, 2013061018, 03, BAMS, 120, 125N, 1193W,   0,    0,   ,   0,    ,    0,    0,    0,    0, 
EP, 72, 2013061018, 03, BAMS, 132, 124N, 1224W,   0,    0,   ,   0,    ,    0,    0,    0,    0, 
EP, 72, 2013061018, 03, BAMS, 144, 124N, 1258W,   0,    0,   ,   0,    ,    0,    0,    0,    0, 
EP, 72, 2013061018, 03, BAMS, 156, 126N, 1295W,   0,    0,   ,   0,    ,    0,    0,    0,    0, 
EP, 72, 2013061018, 03, BAMS, 168, 126N, 1335W,   0,    0,   ,   0,    ,    0,    0,    0,    0, 
EP, 72, 2013061018, 03, CLIP,  12, 102N, 1013W,   0,    0,   ,   0,    ,    0,    0,    0,    0, 
EP, 72, 2013061018, 03, CLIP,  24, 107N, 1022W,   0,    0,   ,   0,    ,    0,    0,    0,    0, 
EP, 72, 2013061018, 03, CLIP,  36, 114N, 1033W,   0,    0,   ,   0,    ,    0,    0,    0,    0, 
EP, 72, 2013061018, 03, CLIP,  48, 118N, 1048W,   0,    0,   ,   0,    ,    0,    0,    0,    0, 
EP, 72, 2013061018, 03, CLIP,  60, 122N, 1063W,   0,    0,   ,   0,    ,    0,    0,    0,    0, 
EP, 72, 2013061018, 03, CLIP,  72, 127N, 1075W,   0,    0,   ,   0,    ,    0,    0,    0,    0, 
EP, 72, 2013061018, 03, CLP5,  12, 103N, 1015W,   0,    0,   ,   0,    ,    0,    0,    0,    0, 
EP, 72, 2013061018, 03, CLP5,  24, 109N, 1029W,   0,    0,   ,   0,    ,    0,    0,    0,    0, 
EP, 72, 2013061018, 03, CLP5,  36, 116N, 1044W,   0,    0,   ,   0,    ,    0,    0,    0,    0, 
EP, 72, 2013061018, 03, CLP5,  48, 123N, 1058W,   0,    0,   ,   0,    ,    0,    0,    0,    0, 
EP, 72, 2013061018, 03, CLP5,  60, 130N, 1074W,   0,    0,   ,   0,    ,    0,    0,    0,    0, 
EP, 72, 2013061018, 03, CLP5,  72, 135N, 1091W,   0,    0,   ,   0,    ,    0,    0,    0,    0, 
EP, 72, 2013061018, 03, CLP5,  84, 140N, 1106W,   0,    0,   ,   0,    ,    0,    0,    0,    0, 
EP, 72, 2013061018, 03, CLP5,  96, 145N, 1122W,   0,    0,   ,   0,    ,    0,    0,    0,    0, 
EP, 72, 2013061018, 03, CLP5, 108, 150N, 1140W,   0,    0,   ,   0,    ,    0,    0,    0,    0, 
EP, 72, 2013061018, 03, CLP5, 120, 154N, 1156W,   0,    0,   ,   0,    ,    0,    0,    0,    0, 
EP, 72, 2013061018, 03, DSHP,   0, 100N, 1000W,  20,    0, TD,   0,    ,    0,    0,    0,    0, 
EP, 72, 2013061018, 03, DSHP,  12, 104N, 1023W,  21,    0, TD,   0,    ,    0,    0,    0,    0, 
EP, 72, 2013061018, 03, DSHP,  24, 111N, 1046W,  25,    0, TD,   0,    ,    0,    0,    0,    0, 
EP, 72, 2013061018, 03, DSHP,  36, 122N, 1066W,  32,    0, TD,   0,    ,    0,    0,    0,    0, 
EP, 72, 2013061018, 03, DSHP,  48, 134N, 1084W,  37,    0, TS,   0,    ,    0,    0,    0,    0, 
EP, 72, 2013061018, 03, DSHP,  60, 147N, 1098W,  40,    0, TS,   0,    ,    0,    0,    0,    0, 
EP, 72, 2013061018, 03, DSHP,  72, 157N, 1108W,  40,    0, TS,   0,    ,    0,    0,    0,    0, 
EP, 72, 2013061018, 03, DSHP,  84, 163N, 1114W,  39,    0, TS,   0,    ,    0,    0,    0,    0, 
EP, 72, 2013061018, 03, DSHP,  96, 165N, 1120W,  37,    0, TS,   0,    ,    0,    0,    0,    0, 
EP, 72, 2013061018, 03, DSHP, 108, 167N, 1126W,  35,    0, TS,   0,    ,    0,    0,    0,    0, 
EP, 72, 2013061018, 03, DSHP, 120, 170N, 1138W,  34,    0, TS,   0,    ,    0,    0,    0,    0, 
EP, 72, 2013061018, 03, IVCN,   0,   0N,    0W,  20,    0,   ,   0,    ,    0,    0,    0,    0, 
EP, 72, 2013061018, 03, IVCN,  12,   0N,    0W,  21,    0,   ,   0,    ,    0,    0,    0,    0, 
EP, 72, 2013061018, 03, IVCN,  24,   0N,    0W,  23,    0,   ,   0,    ,    0,    0,    0,    0, 
EP, 72, 2013061018, 03, IVCN,  36,   0N,    0W,  28,    0,   ,   0,    ,    0,    0,    0,    0, 
EP, 72, 2013061018, 03, IVCN,  48,   0N,    0W,  32,    0,   ,   0,    ,    0,    0,    0,    0, 
EP, 72, 2013061018, 03, IVCN,  60,   0N,    0W,  35,    0,   ,   0,    ,    0,    0,    0,    0, 
EP, 72, 2013061018, 03, IVCN,  72,   0N,    0W,  36,    0,   ,   0,    ,    0,    0,    0,    0, 
EP, 72, 2013061018, 03, IVCN,  84,   0N,    0W,  35,    0,   ,   0,    ,    0,    0,    0,    0, 
EP, 72, 2013061018, 03, IVCN,  96,   0N,    0W,  33,    0,   ,   0,    ,    0,    0,    0,    0, 
EP, 72, 2013061018, 03, IVCN, 108,   0N,    0W,  31,    0,   ,   0,    ,    0,    0,    0,    0, 
EP, 72, 2013061018, 03, IVCN, 120,   0N,    0W,  30,    0,   ,   0,    ,    0,    0,    0,    0, 
EP, 72, 2013061018, 03, IVCR,   0,   0N,    0W,  20,    0,   ,   0,    ,    0,    0,    0,    0, 
EP, 72, 2013061018, 03, IVCR,  12,   0N,    0W,  21,    0,   ,   0,    ,    0,    0,    0,    0, 
EP, 72, 2013061018, 03, IVCR,  24,   0N,    0W,  23,    0,   ,   0,    ,    0,    0,    0,    0, 
EP, 72, 2013061018, 03, IVCR,  36,   0N,    0W,  28,    0,   ,   0,    ,    0,    0,    0,    0, 
EP, 72, 2013061018, 03, IVCR,  48,   0N,    0W,  32,    0,   ,   0,    ,    0,    0,    0,    0, 
EP, 72, 2013061018, 03, IVCR,  60,   0N,    0W,  35,    0,   ,   0,    ,    0,    0,    0,    0, 
EP, 72, 2013061018, 03, IVCR,  72,   0N,    0W,  36,    0,   ,   0,    ,    0,    0,    0,    0, 
EP, 72, 2013061018, 03, IVCR,  84,   0N,    0W,  35,    0,   ,   0,    ,    0,    0,    0,    0, 
EP, 72, 2013061018, 03, IVCR,  96,   0N,    0W,  33,    0,   ,   0,    ,    0,    0,    0,    0, 
EP, 72, 2013061018, 03, IVCR, 108,   0N,    0W,  31,    0,   ,   0,    ,    0,    0,    0,    0, 
EP, 72, 2013061018, 03, IVCR, 120,   0N,    0W,  30,    0,   ,   0,    ,    0,    0,    0,    0, 
EP, 72, 2013061018, 03, LBAR,   0, 100N, 1000W,  20,    0,   ,   0,    ,    0,    0,    0,    0, 
EP, 72, 2013061018, 03, LBAR,  12, 106N, 1018W,   0,    0,   ,   0,    ,    0,    0,    0,    0, 
EP, 72, 2013061018, 03, LBAR,  24, 116N, 1040W,   0,    0,   ,   0,    ,    0,    0,    0,    0, 
EP, 72, 2013061018, 03, LBAR,  36, 131N, 1064W,   0,    0,   ,   0,    ,    0,    0,    0,    0, 
EP, 72, 2013061018, 03, LBAR,  48, 145N, 1090W,   0,    0,   ,   0,    ,    0,    0,    0,    0, 
EP, 72, 2013061018, 03, LBAR,  60, 162N, 1113W,   0,    0,   ,   0,    ,    0,    0,    0,    0, 
EP, 72, 2013061018, 03, LBAR,  72, 176N, 1129W,   0,    0,   ,   0,    ,    0,    0,    0,    0, 
EP, 72, 2013061018, 03, LBAR,  84, 190N, 1137W,   0,    0,   ,   0,    ,    0,    0,    0,    0, 
EP, 72, 2013061018, 03, LBAR,  96, 204N, 1145W,   0,    0,   ,   0,    ,    0,    0,    0,    0, 
EP, 72, 2013061018, 03, LBAR, 108, 210N, 1146W,   0,    0,   ,   0,    ,    0,    0,    0,    0, 
EP, 72, 2013061018, 03, LBAR, 120, 227N, 1150W,   0,    0,   ,   0,    ,    0,    0,    0,    0, 
EP, 72, 2013061018, 03, LGEM,   0, 100N, 1000W,  20,    0, TD,   0,    ,    0,    0,    0,    0, 
EP, 72, 2013061018, 03, LGEM,  12, 104N, 1023W,  20,    0, TD,   0,    ,    0,    0,    0,    0, 
EP, 72, 2013061018, 03, LGEM,  24, 111N, 1046W,  21,    0, TD,   0,    ,    0,    0,    0,    0, 
EP, 72, 2013061018, 03, LGEM,  36, 122N, 1066W,  23,    0, TD,   0,    ,    0,    0,    0,    0, 
EP, 72, 2013061018, 03, LGEM,  48, 134N, 1084W,  26,    0, TD,   0,    ,    0,    0,    0,    0, 
EP, 72, 2013061018, 03, LGEM,  60, 147N, 1098W,  28,    0, TD,   0,    ,    0,    0,    0,    0, 
EP, 72, 2013061018, 03, LGEM,  72, 157N, 1108W,  30,    0, TD,   0,    ,    0,    0,    0,    0, 
EP, 72, 2013061018, 03, LGEM,  84, 163N, 1114W,  29,    0, TD,   0,    ,    0,    0,    0,    0, 
EP, 72, 2013061018, 03, LGEM,  96, 165N, 1120W,  28,    0, TD,   0,    ,    0,    0,    0,    0, 
EP, 72, 2013061018, 03, LGEM, 108, 167N, 1126W,  26,    0, TD,   0,    ,    0,    0,    0,    0, 
EP, 72, 2013061018, 03, LGEM, 120, 170N, 1138W,  25,    0, TD,   0,    ,    0,    0,    0,    0, 
EP, 72, 2013061018, 03, SHF5,   0,   0N,    0W,  20,    0,   ,   0,    ,    0,    0,    0,    0, 
EP, 72, 2013061018, 03, SHF5,  12,   0N,    0W,  27,    0,   ,   0,    ,    0,    0,    0,    0, 
EP, 72, 2013061018, 03, SHF5,  24,   0N,    0W,  36,    0,   ,   0,    ,    0,    0,    0,    0, 
EP, 72, 2013061018, 03, SHF5,  36,   0N,    0W,  46,    0,   ,   0,    ,    0,    0,    0,    0, 
EP, 72, 2013061018, 03, SHF5,  48,   0N,    0W,  57,    0,   ,   0,    ,    0,    0,    0,    0, 
EP, 72, 2013061018, 03, SHF5,  60,   0N,    0W,  53,    0,   ,   0,    ,    0,    0,    0,    0, 
EP, 72, 2013061018, 03, SHF5,  72,   0N,    0W,  56,    0,   ,   0,    ,    0,    0,    0,    0, 
EP, 72, 2013061018, 03, SHF5,  84,   0N,    0W,  57,    0,   ,   0,    ,    0,    0,    0,    0, 
EP, 72, 2013061018, 03, SHF5,  96,   0N,    0W,  60,    0,   ,   0,    ,    0,    0,    0,    0, 
EP, 72, 2013061018, 03, SHF5, 108,   0N,    0W,  58,    0,   ,   0,    ,    0,    0,    0,    0, 
EP, 72, 2013061018, 03, SHF5, 120,   0N,    0W,  61,    0,   ,   0,    ,    0,    0,    0,    0, 
EP, 72, 2013061018, 03, SHFR,  12,   0N,    0W,  25,    0,   ,   0,    ,    0,    0,    0,    0, 
EP, 72, 2013061018, 03, SHFR,  24,   0N,    0W,  31,    0,   ,   0,    ,    0,    0,    0,    0, 
EP, 72, 2013061018, 03, SHFR,  36,   0N,    0W,  39,    0,   ,   0,    ,    0,    0,    0,    0, 
EP, 72, 2013061018, 03, SHFR,  48,   0N,    0W,  45,    0,   ,   0,    ,    0,    0,    0,    0, 
EP, 72, 2013061018, 03, SHFR,  60,   0N,    0W,  52,    0,   ,   0,    ,    0,    0,    0,    0, 
EP, 72, 2013061018, 03, SHFR,  72,   0N,    0W,  57,    0,   ,   0,    ,    0,    0,    0,    0, 
EP, 72, 2013061018, 03, SHIP,   0, 100N, 1000W,  20,    0, TD,   0,    ,    0,    0,    0,    0, 
EP, 72, 2013061018, 03, SHIP,  12, 104N, 1023W,  21,    0, TD,   0,    ,    0,    0,    0,    0, 
EP, 72, 2013061018, 03, SHIP,  24, 111N, 1046W,  25,    0, TD,   0,    ,    0,    0,    0,    0, 
EP, 72, 2013061018, 03, SHIP,  36, 122N, 1066W,  32,    0, TD,   0,    ,    0,    0,    0,    0, 
EP, 72, 2013061018, 03, SHIP,  48, 134N, 1084W,  37,    0, TS,   0,    ,    0,    0,    0,    0, 
EP, 72, 2013061018, 03, SHIP,  60, 147N, 1098W,  40,    0, TS,   0,    ,    0,    0,    0,    0, 
EP, 72, 2013061018, 03, SHIP,  72, 157N, 1108W,  40,    0, TS,   0,    ,    0,    0,    0,    0, 
EP, 72, 2013061018, 03, SHIP,  84, 163N, 1114W,  39,    0, TS,   0,    ,    0,    0,    0,    0, 
EP, 72, 2013061018, 03, SHIP,  96, 165N, 1120W,  37,    0, TS,   0,    ,    0,    0,    0,    0, 
EP, 72, 2013061018, 03, SHIP, 108, 167N, 1126W,  35,    0, TS,   0,    ,    0,    0,    0,    0, 
EP, 72, 2013061018, 03, SHIP, 120, 170N, 1138W,  34,    0, TS,   0,    ,    0,    0,    0,    0, 
EP, 72, 2013061018, 03, XTRP,   0, 100N, 1000W,   0,    0,   ,   0,    ,    0,    0,    0,    0, 
EP, 72, 2013061018, 03, XTRP,  12, 100N, 1012W,   0,    0,   ,   0,    ,    0,    0,    0,    0, 
EP, 72, 2013061018, 03, XTRP,  24, 100N, 1025W,   0,    0,   ,   0,    ,    0,    0,    0,    0, 
EP, 72, 2013061018, 03, XTRP,  36, 100N, 1038W,   0,    0,   ,   0,    ,    0,    0,    0,    0, 
EP, 72, 2013061018, 03, XTRP,  48, 100N, 1051W,   0,    0,   ,   0,    ,    0,    0,    0,    0, 
EP, 72, 2013061018, 03, XTRP,  60, 100N, 1064W,   0,    0,   ,   0,    ,    0,    0,    0,    0, 
EP, 72, 2013061018, 03, XTRP,  72, 100N, 1077W,   0,    0,   ,   0,    ,    0,    0,    0,    0, 
EP, 72, 2013061018, 03, XTRP,  84, 100N, 1090W,   0,    0,   ,   0,    ,    0,    0,    0,    0, 
EP, 72, 2013061018, 03, XTRP,  96, 100N, 1103W,   0,    0,   ,   0,    ,    0,    0,    0,    0, 
EP, 72, 2013061018, 03, XTRP, 108, 100N, 1116W,   0,    0,   ,   0,    ,    0,    0,    0,    0, 
EP, 72, 2013061018, 03, XTRP, 120, 100N, 1129W,   0,    0,   ,   0,    ,    0,    0,    0,    0, 
EP, 72, 2013061018, 03, XTRP, 132, 100N, 1142W,   0,    0,   ,   0,    ,    0,    0,    0,    0, 
EP, 72, 2013061018, 03, XTRP, 144, 100N, 1155W,   0,    0,   ,   0,    ,    0,    0,    0,    0, 
EP, 72, 2013061018, 03, XTRP, 156, 100N, 1168W,   0,    0,   ,   0,    ,    0,    0,    0,    0, 
EP, 72, 2013061018, 03, XTRP, 168, 100N, 1181W,   0,    0,   ,   0,    ,    0,    0,    0,    0, 
EP, 72, 2013061112, 01, CARQ, -24, 100N,  994W,  20,    0, DB,  34, AAA,    0,    0,    0,    0,    0,    0,   0,   0,   0,   E,   0,   X,   0,   0,       TEST,  , 
EP, 72, 2013061112, 01, CARQ, -18, 100N, 1000W,  20,    0, DB,  34, AAA,    0,    0,    0,    0,    0,    0,   0,   0,   0,   E,   0,   X,   0,   0,       TEST,  , 
EP, 72, 2013061112, 01, CARQ, -12, 100N, 1005W,  20,    0, DB,  34, AAA,    0,    0,    0,    0,    0,    0,   0,   0,   0,   E,   0,   X, 270,   5,       TEST,  , 
EP, 72, 2013061112, 01, CARQ,  -6, 100N, 1011W,  20,    0, DB,  34, AAA,    0,    0,    0,    0,    0,    0,   0,   0,   0,   E,   0,   X,   0,   0,       TEST,  , 
EP, 72, 2013061112, 01, CARQ,   0, 100N, 1017W,  20, 1009, DB,  34, NEQ,    0,    0,    0,    0, 1010,  150,   0,   0,   0,   E,   0,   X, 270,   6,       TEST, S , 
EP, 72, 2013061112, 01, CARQ,   0, 100N, 1017W,  20, 1009, DB,  50, NEQ,    0,    0,    0,    0, 1010,  150,   0,   0,   0,   E,   0,   X, 270,   6,       TEST, S , 
EP, 72, 2013061112, 01, CARQ,   0, 100N, 1017W,  20, 1009, DB,  64, NEQ,    0,    0,    0,    0, 1010,  150,   0,   0,   0,   E,   0,   X, 270,   6,       TEST, S , 
EP, 72, 2013061112, 03, BAMD,  12, 108N, 1041W,   0,    0,   ,   0,    ,    0,    0,    0,    0, 
EP, 72, 2013061112, 03, BAMD,  24, 119N, 1065W,   0,    0,   ,   0,    ,    0,    0,    0,    0, 
EP, 72, 2013061112, 03, BAMD,  36, 133N, 1085W,   0,    0,   ,   0,    ,    0,    0,    0,    0, 
EP, 72, 2013061112, 03, BAMD,  48, 148N, 1101W,   0,    0,   ,   0,    ,    0,    0,    0,    0, 
EP, 72, 2013061112, 03, BAMD,  60, 162N, 1110W,   0,    0,   ,   0,    ,    0,    0,    0,    0, 
EP, 72, 2013061112, 03, BAMD,  72, 172N, 1116W,   0,    0,   ,   0,    ,    0,    0,    0,    0, 
EP, 72, 2013061112, 03, BAMD,  84, 179N, 1120W,   0,    0,   ,   0,    ,    0,    0,    0,    0, 
EP, 72, 2013061112, 03, BAMD,  96, 185N, 1126W,   0,    0,   ,   0,    ,    0,    0,    0,    0, 
EP, 72, 2013061112, 03, BAMD, 108, 193N, 1132W,   0,    0,   ,   0,    ,    0,    0,    0,    0, 
EP, 72, 2013061112, 03, BAMD, 120, 201N, 1138W,   0,    0,   ,   0,    ,    0,    0,    0,    0, 
EP, 72, 2013061112, 03, BAMD, 132, 206N, 1146W,   0,    0,   ,   0,    ,    0,    0,    0,    0, 
EP, 72, 2013061112, 03, BAMD, 144, 208N, 1156W,   0,    0,   ,   0,    ,    0,    0,    0,    0, 
EP, 72, 2013061112, 03, BAMD, 156, 208N, 1169W,   0,    0,   ,   0,    ,    0,    0,    0,    0, 
EP, 72, 2013061112, 03, BAMD, 168, 205N, 1183W,   0,    0,   ,   0,    ,    0,    0,    0,    0, 
EP, 72, 2013061112, 03, BAMM,  12, 113N, 1040W,   0,    0,   ,   0,    ,    0,    0,    0,    0, 
EP, 72, 2013061112, 03, BAMM,  24, 128N, 1061W,   0,    0,   ,   0,    ,    0,    0,    0,    0, 
EP, 72, 2013061112, 03, BAMM,  36, 145N, 1080W,   0,    0,   ,   0,    ,    0,    0,    0,    0, 
EP, 72, 2013061112, 03, BAMM,  48, 159N, 1094W,   0,    0,   ,   0,    ,    0,    0,    0,    0, 
EP, 72, 2013061112, 03, BAMM,  60, 170N, 1103W,   0,    0,   ,   0,    ,    0,    0,    0,    0, 
EP, 72, 2013061112, 03, BAMM,  72, 176N, 1109W,   0,    0,   ,   0,    ,    0,    0,    0,    0, 
EP, 72, 2013061112, 03, BAMM,  84, 179N, 1115W,   0,    0,   ,   0,    ,    0,    0,    0,    0, 
EP, 72, 2013061112, 03, BAMM,  96, 181N, 1122W,   0,    0,   ,   0,    ,    0,    0,    0,    0, 
EP, 72, 2013061112, 03, BAMM, 108, 184N, 1131W,   0,    0,   ,   0,    ,    0,    0,    0,    0, 
EP, 72, 2013061112, 03, BAMM, 120, 187N, 1141W,   0,    0,   ,   0,    ,    0,    0,    0,    0, 
EP, 72, 2013061112, 03, BAMM, 132, 188N, 1154W,   0,    0,   ,   0,    ,    0,    0,    0,    0, 
EP, 72, 2013061112, 03, BAMM, 144, 185N, 1170W,   0,    0,   ,   0,    ,    0,    0,    0,    0, 
EP, 72, 2013061112, 03, BAMM, 156, 182N, 1190W,   0,    0,   ,   0,    ,    0,    0,    0,    0, 
EP, 72, 2013061112, 03, BAMM, 168, 176N, 1211W,   0,    0,   ,   0,    ,    0,    0,    0,    0, 
EP, 72, 2013061112, 03, BAMS,  12, 110N, 1034W,   0,    0,   ,   0,    ,    0,    0,    0,    0, 
EP, 72, 2013061112, 03, BAMS,  24, 119N, 1053W,   0,    0,   ,   0,    ,    0,    0,    0,    0, 
EP, 72, 2013061112, 03, BAMS,  36, 129N, 1078W,   0,    0,   ,   0,    ,    0,    0,    0,    0, 
EP, 72, 2013061112, 03, BAMS,  48, 137N, 1100W,   0,    0,   ,   0,    ,    0,    0,    0,    0, 
EP, 72, 2013061112, 03, BAMS,  60, 144N, 1121W,   0,    0,   ,   0,    ,    0,    0,    0,    0, 
EP, 72, 2013061112, 03, BAMS,  72, 147N, 1139W,   0,    0,   ,   0,    ,    0,    0,    0,    0, 
EP, 72, 2013061112, 03, BAMS,  84, 148N, 1158W,   0,    0,   ,   0,    ,    0,    0,    0,    0, 
EP, 72, 2013061112, 03, BAMS,  96, 149N, 1177W,   0,    0,   ,   0,    ,    0,    0,    0,    0, 
EP, 72, 2013061112, 03, BAMS, 108, 151N, 1198W,   0,    0,   ,   0,    ,    0,    0,    0,    0, 
EP, 72, 2013061112, 03, BAMS, 120, 153N, 1223W,   0,    0,   ,   0,    ,    0,    0,    0,    0, 
EP, 72, 2013061112, 03, BAMS, 132, 157N, 1250W,   0,    0,   ,   0,    ,    0,    0,    0,    0, 
EP, 72, 2013061112, 03, BAMS, 144, 158N, 1278W,   0,    0,   ,   0,    ,    0,    0,    0,    0, 
EP, 72, 2013061112, 03, BAMS, 156, 158N, 1309W,   0,    0,   ,   0,    ,    0,    0,    0,    0, 
EP, 72, 2013061112, 03, BAMS, 168, 154N, 1343W,   0,    0,   ,   0,    ,    0,    0,    0,    0, 
EP, 72, 2013061112, 03, CLIP,  12, 101N, 1028W,   0,    0,   ,   0,    ,    0,    0,    0,    0, 
EP, 72, 2013061112, 03, CLIP,  24, 105N, 1036W,   0,    0,   ,   0,    ,    0,    0,    0,    0, 
EP, 72, 2013061112, 03, CLIP,  36, 112N, 1046W,   0,    0,   ,   0,    ,    0,    0,    0,    0, 
EP, 72, 2013061112, 03, CLIP,  48, 116N, 1060W,   0,    0,   ,   0,    ,    0,    0,    0,    0, 
EP, 72, 2013061112, 03, CLIP,  60, 120N, 1075W,   0,    0,   ,   0,    ,    0,    0,    0,    0, 
EP, 72, 2013061112, 03, CLIP,  72, 126N, 1085W,   0,    0,   ,   0,    ,    0,    0,    0,    0, 
EP, 72, 2013061112, 03, CLP5,  12, 102N, 1030W,   0,    0,   ,   0,    ,    0,    0,    0,    0, 
EP, 72, 2013061112, 03, CLP5,  24, 108N, 1043W,   0,    0,   ,   0,    ,    0,    0,    0,    0, 
EP, 72, 2013061112, 03, CLP5,  36, 114N, 1056W,   0,    0,   ,   0,    ,    0,    0,    0,    0, 
EP, 72, 2013061112, 03, CLP5,  48, 121N, 1070W,   0,    0,   ,   0,    ,    0,    0,    0,    0, 
EP, 72, 2013061112, 03, CLP5,  60, 127N, 1086W,   0,    0,   ,   0,    ,    0,    0,    0,    0, 
EP, 72, 2013061112, 03, CLP5,  72, 133N, 1101W,   0,    0,   ,   0,    ,    0,    0,    0,    0, 
EP, 72, 2013061112, 03, CLP5,  84, 138N, 1116W,   0,    0,   ,   0,    ,    0,    0,    0,    0, 
EP, 72, 2013061112, 03, CLP5,  96, 143N, 1132W,   0,    0,   ,   0,    ,    0,    0,    0,    0, 
EP, 72, 2013061112, 03, CLP5, 108, 148N, 1149W,   0,    0,   ,   0,    ,    0,    0,    0,    0, 
EP, 72, 2013061112, 03, CLP5, 120, 152N, 1165W,   0,    0,   ,   0,    ,    0,    0,    0,    0, 
EP, 72, 2013061112, 03, DSHP,   0, 100N, 1017W,  20,    0, TD,   0,    ,    0,    0,    0,    0, 
EP, 72, 2013061112, 03, DSHP,  12, 113N, 1040W,  21,    0, TD,   0,    ,    0,    0,    0,    0, 
EP, 72, 2013061112, 03, DSHP,  24, 128N, 1061W,  26,    0, TD,   0,    ,    0,    0,    0,    0, 
EP, 72, 2013061112, 03, DSHP,  36, 145N, 1080W,  31,    0, TD,   0,    ,    0,    0,    0,    0, 
EP, 72, 2013061112, 03, DSHP,  48, 159N, 1094W,  33,    0, TD,   0,    ,    0,    0,    0,    0, 
EP, 72, 2013061112, 03, DSHP,  60, 170N, 1103W,  33,    0, TD,   0,    ,    0,    0,    0,    0, 
EP, 72, 2013061112, 03, DSHP,  72, 176N, 1109W,  31,    0, TD,   0,    ,    0,    0,    0,    0, 
EP, 72, 2013061112, 03, DSHP,  84, 179N, 1115W,  29,    0, TD,   0,    ,    0,    0,    0,    0, 
EP, 72, 2013061112, 03, DSHP,  96, 181N, 1122W,  26,    0, TD,   0,    ,    0,    0,    0,    0, 
EP, 72, 2013061112, 03, DSHP, 108, 184N, 1131W,  23,    0, TD,   0,    ,    0,    0,    0,    0, 
EP, 72, 2013061112, 03, DSHP, 120, 187N, 1141W,  21,    0, TD,   0,    ,    0,    0,    0,    0, 
EP, 72, 2013061112, 03, LBAR,   0, 100N, 1017W,  20,    0,   ,   0,    ,    0,    0,    0,    0, 
EP, 72, 2013061112, 03, LBAR,  12, 106N, 1036W,   0,    0,   ,   0,    ,    0,    0,    0,    0, 
EP, 72, 2013061112, 03, LBAR,  24, 120N, 1058W,   0,    0,   ,   0,    ,    0,    0,    0,    0, 
EP, 72, 2013061112, 03, LBAR,  36, 135N, 1082W,   0,    0,   ,   0,    ,    0,    0,    0,    0, 
EP, 72, 2013061112, 03, LBAR,  48, 149N, 1105W,   0,    0,   ,   0,    ,    0,    0,    0,    0, 
EP, 72, 2013061112, 03, LBAR,  60, 164N, 1124W,   0,    0,   ,   0,    ,    0,    0,    0,    0, 
EP, 72, 2013061112, 03, LBAR,  72, 176N, 1139W,   0,    0,   ,   0,    ,    0,    0,    0,    0, 
EP, 72, 2013061112, 03, LBAR,  84, 185N, 1149W,   0,    0,   ,   0,    ,    0,    0,    0,    0, 
EP, 72, 2013061112, 03, LBAR,  96, 204N, 1160W,   0,    0,   ,   0,    ,    0,    0,    0,    0, 
EP, 72, 2013061112, 03, LBAR, 108, 213N, 1167W,   0,    0,   ,   0,    ,    0,    0,    0,    0, 
EP, 72, 2013061112, 03, LBAR, 120, 219N, 1172W,   0,    0,   ,   0,    ,    0,    0,    0,    0, 
EP, 72, 2013061112, 03, LGEM,   0, 100N, 1017W,  20,    0, TD,   0,    ,    0,    0,    0,    0, 
EP, 72, 2013061112, 03, LGEM,  12, 113N, 1040W,  20,    0, TD,   0,    ,    0,    0,    0,    0, 
EP, 72, 2013061112, 03, LGEM,  24, 128N, 1061W,  21,    0, TD,   0,    ,    0,    0,    0,    0, 
EP, 72, 2013061112, 03, LGEM,  36, 145N, 1080W,  23,    0, TD,   0,    ,    0,    0,    0,    0, 
EP, 72, 2013061112, 03, LGEM,  48, 159N, 1094W,  26,    0, TD,   0,    ,    0,    0,    0,    0, 
EP, 72, 2013061112, 03, LGEM,  60, 170N, 1103W,  27,    0, TD,   0,    ,    0,    0,    0,    0, 
EP, 72, 2013061112, 03, LGEM,  72, 176N, 1109W,  25,    0, TD,   0,    ,    0,    0,    0,    0, 
EP, 72, 2013061112, 03, LGEM,  84, 179N, 1115W,  23,    0, TD,   0,    ,    0,    0,    0,    0, 
EP, 72, 2013061112, 03, LGEM,  96, 181N, 1122W,  20,    0, TD,   0,    ,    0,    0,    0,    0, 
EP, 72, 2013061112, 03, LGEM, 108, 184N, 1131W,  18,    0, TD,   0,    ,    0,    0,    0,    0, 
EP, 72, 2013061112, 03, LGEM, 120, 187N, 1141W,  16,    0, TD,   0,    ,    0,    0,    0,    0, 
EP, 72, 2013061112, 03, SHF5,   0,   0N,    0W,  20,    0,   ,   0,    ,    0,    0,    0,    0, 
EP, 72, 2013061112, 03, SHF5,  12,   0N,    0W,  27,    0,   ,   0,    ,    0,    0,    0,    0, 
EP, 72, 2013061112, 03, SHF5,  24,   0N,    0W,  35,    0,   ,   0,    ,    0,    0,    0,    0, 
EP, 72, 2013061112, 03, SHF5,  36,   0N,    0W,  45,    0,   ,   0,    ,    0,    0,    0,    0, 
EP, 72, 2013061112, 03, SHF5,  48,   0N,    0W,  55,    0,   ,   0,    ,    0,    0,    0,    0, 
EP, 72, 2013061112, 03, SHF5,  60,   0N,    0W,  53,    0,   ,   0,    ,    0,    0,    0,    0, 
EP, 72, 2013061112, 03, SHF5,  72,   0N,    0W,  56,    0,   ,   0,    ,    0,    0,    0,    0, 
EP, 72, 2013061112, 03, SHF5,  84,   0N,    0W,  57,    0,   ,   0,    ,    0,    0,    0,    0, 
EP, 72, 2013061112, 03, SHF5,  96,   0N,    0W,  60,    0,   ,   0,    ,    0,    0,    0,    0, 
EP, 72, 2013061112, 03, SHF5, 108,   0N,    0W,  57,    0,   ,   0,    ,    0,    0,    0,    0, 
EP, 72, 2013061112, 03, SHF5, 120,   0N,    0W,  61,    0,   ,   0,    ,    0,    0,    0,    0, 
EP, 72, 2013061112, 03, SHFR,  12,   0N,    0W,  25,    0,   ,   0,    ,    0,    0,    0,    0, 
EP, 72, 2013061112, 03, SHFR,  24,   0N,    0W,  31,    0,   ,   0,    ,    0,    0,    0,    0, 
EP, 72, 2013061112, 03, SHFR,  36,   0N,    0W,  38,    0,   ,   0,    ,    0,    0,    0,    0, 
EP, 72, 2013061112, 03, SHFR,  48,   0N,    0W,  44,    0,   ,   0,    ,    0,    0,    0,    0, 
EP, 72, 2013061112, 03, SHFR,  60,   0N,    0W,  50,    0,   ,   0,    ,    0,    0,    0,    0, 
EP, 72, 2013061112, 03, SHFR,  72,   0N,    0W,  56,    0,   ,   0,    ,    0,    0,    0,    0, 
EP, 72, 2013061112, 03, SHIP,   0, 100N, 1017W,  20,    0, TD,   0,    ,    0,    0,    0,    0, 
EP, 72, 2013061112, 03, SHIP,  12, 113N, 1040W,  21,    0, TD,   0,    ,    0,    0,    0,    0, 
EP, 72, 2013061112, 03, SHIP,  24, 128N, 1061W,  26,    0, TD,   0,    ,    0,    0,    0,    0, 
EP, 72, 2013061112, 03, SHIP,  36, 145N, 1080W,  31,    0, TD,   0,    ,    0,    0,    0,    0, 
EP, 72, 2013061112, 03, SHIP,  48, 159N, 1094W,  33,    0, TD,   0,    ,    0,    0,    0,    0, 
EP, 72, 2013061112, 03, SHIP,  60, 170N, 1103W,  33,    0, TD,   0,    ,    0,    0,    0,    0, 
EP, 72, 2013061112, 03, SHIP,  72, 176N, 1109W,  31,    0, TD,   0,    ,    0,    0,    0,    0, 
EP, 72, 2013061112, 03, SHIP,  84, 179N, 1115W,  29,    0, TD,   0,    ,    0,    0,    0,    0, 
EP, 72, 2013061112, 03, SHIP,  96, 181N, 1122W,  26,    0, TD,   0,    ,    0,    0,    0,    0, 
EP, 72, 2013061112, 03, SHIP, 108, 184N, 1131W,  23,    0, TD,   0,    ,    0,    0,    0,    0, 
EP, 72, 2013061112, 03, SHIP, 120, 187N, 1141W,  21,    0, TD,   0,    ,    0,    0,    0,    0, 
EP, 72, 2013061112, 03, XTRP,   0, 100N, 1017W,   0,    0,   ,   0,    ,    0,    0,    0,    0, 
EP, 72, 2013061112, 03, XTRP,  12, 100N, 1028W,   0,    0,   ,   0,    ,    0,    0,    0,    0, 
EP, 72, 2013061112, 03, XTRP,  24, 100N, 1040W,   0,    0,   ,   0,    ,    0,    0,    0,    0, 
EP, 72, 2013061112, 03, XTRP,  36, 100N, 1052W,   0,    0,   ,   0,    ,    0,    0,    0,    0, 
EP, 72, 2013061112, 03, XTRP,  48, 100N, 1064W,   0,    0,   ,   0,    ,    0,    0,    0,    0, 
EP, 72, 2013061112, 03, XTRP,  60, 100N, 1076W,   0,    0,   ,   0,    ,    0,    0,    0,    0, 
EP, 72, 2013061112, 03, XTRP,  72, 100N, 1088W,   0,    0,   ,   0,    ,    0,    0,    0,    0, 
EP, 72, 2013061112, 03, XTRP,  84, 100N, 1100W,   0,    0,   ,   0,    ,    0,    0,    0,    0, 
EP, 72, 2013061112, 03, XTRP,  96, 100N, 1112W,   0,    0,   ,   0,    ,    0,    0,    0,    0, 
EP, 72, 2013061112, 03, XTRP, 108, 100N, 1124W,   0,    0,   ,   0,    ,    0,    0,    0,    0, 
EP, 72, 2013061112, 03, XTRP, 120, 100N, 1136W,   0,    0,   ,   0,    ,    0,    0,    0,    0, 
EP, 72, 2013061112, 03, XTRP, 132, 100N, 1148W,   0,    0,   ,   0,    ,    0,    0,    0,    0, 
EP, 72, 2013061112, 03, XTRP, 144, 100N, 1160W,   0,    0,   ,   0,    ,    0,    0,    0,    0, 
EP, 72, 2013061112, 03, XTRP, 156, 100N, 1172W,   0,    0,   ,   0,    ,    0,    0,    0,    0, 
EP, 72, 2013061112, 03, XTRP, 168, 100N, 1184W,   0,    0,   ,   0,    ,    0,    0,    0,    0, 
EP, 72, 2013061118, 01, CARQ, -24, 102N, 1031W,  20,    0, DB,  34, AAA,    0,    0,    0,    0,    0,    0,   0,   0,   0,   E,   0,   X,   0,   0,       TEST,  , 
EP, 72, 2013061118, 01, CARQ, -18, 104N, 1041W,  20,    0, DB,  34, AAA,    0,    0,    0,    0,    0,    0,   0,   0,   0,   E,   0,   X,   0,   0,       TEST,  , 
EP, 72, 2013061118, 01, CARQ, -12, 105N, 1055W,  20,    0, DB,  34, AAA,    0,    0,    0,    0,    0,    0,   0,   0,   0,   E,   0,   X, 275,  13,       TEST,  , 
EP, 72, 2013061118, 01, CARQ,  -6, 106N, 1067W,  20,    0, DB,  34, AAA,    0,    0,    0,    0,    0,    0,   0,   0,   0,   E,   0,   X,   0,   0,       TEST,  , 
EP, 72, 2013061118, 01, CARQ,   0, 110N, 1082W,  20, 1009, DB,  34, NEQ,    0,    0,    0,    0, 1010,  150,   0,   0,   0,   E,   0,   X, 280,  14,       TEST, S , 
EP, 72, 2013061118, 01, CARQ,   0, 110N, 1082W,  20, 1009, DB,  50, NEQ,    0,    0,    0,    0, 1010,  150,   0,   0,   0,   E,   0,   X, 280,  14,       TEST, S , 
EP, 72, 2013061118, 01, CARQ,   0, 110N, 1082W,  20, 1009, DB,  64, NEQ,    0,    0,    0,    0, 1010,  150,   0,   0,   0,   E,   0,   X, 280,  14,       TEST, S , 
EP, 72, 2013061118, 03, BAMD,  12, 115N, 1102W,   0,    0,   ,   0,    ,    0,    0,    0,    0, 
EP, 72, 2013061118, 03, BAMD,  24, 125N, 1120W,   0,    0,   ,   0,    ,    0,    0,    0,    0, 
EP, 72, 2013061118, 03, BAMD,  36, 137N, 1135W,   0,    0,   ,   0,    ,    0,    0,    0,    0, 
EP, 72, 2013061118, 03, BAMD,  48, 150N, 1147W,   0,    0,   ,   0,    ,    0,    0,    0,    0, 
EP, 72, 2013061118, 03, BAMD,  60, 161N, 1157W,   0,    0,   ,   0,    ,    0,    0,    0,    0, 
EP, 72, 2013061118, 03, BAMD,  72, 168N, 1164W,   0,    0,   ,   0,    ,    0,    0,    0,    0, 
EP, 72, 2013061118, 03, BAMD,  84, 175N, 1171W,   0,    0,   ,   0,    ,    0,    0,    0,    0, 
EP, 72, 2013061118, 03, BAMD,  96, 183N, 1178W,   0,    0,   ,   0,    ,    0,    0,    0,    0, 
EP, 72, 2013061118, 03, BAMD, 108, 192N, 1186W,   0,    0,   ,   0,    ,    0,    0,    0,    0, 
EP, 72, 2013061118, 03, BAMD, 120, 202N, 1195W,   0,    0,   ,   0,    ,    0,    0,    0,    0, 
EP, 72, 2013061118, 03, BAMD, 132, 212N, 1205W,   0,    0,   ,   0,    ,    0,    0,    0,    0, 
EP, 72, 2013061118, 03, BAMD, 144, 221N, 1212W,   0,    0,   ,   0,    ,    0,    0,    0,    0, 
EP, 72, 2013061118, 03, BAMD, 156, 230N, 1217W,   0,    0,   ,   0,    ,    0,    0,    0,    0, 
EP, 72, 2013061118, 03, BAMD, 168, 239N, 1218W,   0,    0,   ,   0,    ,    0,    0,    0,    0, 
EP, 72, 2013061118, 03, BAMM,  12, 115N, 1101W,   0,    0,   ,   0,    ,    0,    0,    0,    0, 
EP, 72, 2013061118, 03, BAMM,  24, 124N, 1122W,   0,    0,   ,   0,    ,    0,    0,    0,    0, 
EP, 72, 2013061118, 03, BAMM,  36, 134N, 1140W,   0,    0,   ,   0,    ,    0,    0,    0,    0, 
EP, 72, 2013061118, 03, BAMM,  48, 142N, 1156W,   0,    0,   ,   0,    ,    0,    0,    0,    0, 
EP, 72, 2013061118, 03, BAMM,  60, 149N, 1171W,   0,    0,   ,   0,    ,    0,    0,    0,    0, 
EP, 72, 2013061118, 03, BAMM,  72, 153N, 1185W,   0,    0,   ,   0,    ,    0,    0,    0,    0, 
EP, 72, 2013061118, 03, BAMM,  84, 155N, 1197W,   0,    0,   ,   0,    ,    0,    0,    0,    0, 
EP, 72, 2013061118, 03, BAMM,  96, 157N, 1209W,   0,    0,   ,   0,    ,    0,    0,    0,    0, 
EP, 72, 2013061118, 03, BAMM, 108, 159N, 1224W,   0,    0,   ,   0,    ,    0,    0,    0,    0, 
EP, 72, 2013061118, 03, BAMM, 120, 160N, 1244W,   0,    0,   ,   0,    ,    0,    0,    0,    0, 
EP, 72, 2013061118, 03, BAMM, 132, 162N, 1267W,   0,    0,   ,   0,    ,    0,    0,    0,    0, 
EP, 72, 2013061118, 03, BAMM, 144, 164N, 1292W,   0,    0,   ,   0,    ,    0,    0,    0,    0, 
EP, 72, 2013061118, 03, BAMM, 156, 164N, 1318W,   0,    0,   ,   0,    ,    0,    0,    0,    0, 
EP, 72, 2013061118, 03, BAMM, 168, 162N, 1344W,   0,    0,   ,   0,    ,    0,    0,    0,    0, 
EP, 72, 2013061118, 03, BAMS,  12, 115N, 1097W,   0,    0,   ,   0,    ,    0,    0,    0,    0, 
EP, 72, 2013061118, 03, BAMS,  24, 119N, 1116W,   0,    0,   ,   0,    ,    0,    0,    0,    0, 
EP, 72, 2013061118, 03, BAMS,  36, 126N, 1138W,   0,    0,   ,   0,    ,    0,    0,    0,    0, 
EP, 72, 2013061118, 03, BAMS,  48, 132N, 1159W,   0,    0,   ,   0,    ,    0,    0,    0,    0, 
EP, 72, 2013061118, 03, BAMS,  60, 135N, 1178W,   0,    0,   ,   0,    ,    0,    0,    0,    0, 
EP, 72, 2013061118, 03, BAMS,  72, 135N, 1197W,   0,    0,   ,   0,    ,    0,    0,    0,    0, 
EP, 72, 2013061118, 03, BAMS,  84, 135N, 1215W,   0,    0,   ,   0,    ,    0,    0,    0,    0, 
EP, 72, 2013061118, 03, BAMS,  96, 133N, 1236W,   0,    0,   ,   0,    ,    0,    0,    0,    0, 
EP, 72, 2013061118, 03, BAMS, 108, 133N, 1263W,   0,    0,   ,   0,    ,    0,    0,    0,    0, 
EP, 72, 2013061118, 03, BAMS, 120, 133N, 1294W,   0,    0,   ,   0,    ,    0,    0,    0,    0, 
EP, 72, 2013061118, 03, BAMS, 132, 133N, 1328W,   0,    0,   ,   0,    ,    0,    0,    0,    0, 
EP, 72, 2013061118, 03, BAMS, 144, 134N, 1366W,   0,    0,   ,   0,    ,    0,    0,    0,    0, 
EP, 72, 2013061118, 03, BAMS, 156, 134N, 1406W,   0,    0,   ,   0,    ,    0,    0,    0,    0, 
EP, 72, 2013061118, 03, BAMS, 168, 133N, 1447W,   0,    0,   ,   0,    ,    0,    0,    0,    0, 
EP, 72, 2013061118, 03, CLIP,  12, 115N, 1108W,   0,    0,   ,   0,    ,    0,    0,    0,    0, 
EP, 72, 2013061118, 03, CLIP,  24, 121N, 1127W,   0,    0,   ,   0,    ,    0,    0,    0,    0, 
EP, 72, 2013061118, 03, CLIP,  36, 125N, 1143W,   0,    0,   ,   0,    ,    0,    0,    0,    0, 
EP, 72, 2013061118, 03, CLIP,  48, 127N, 1162W,   0,    0,   ,   0,    ,    0,    0,    0,    0, 
EP, 72, 2013061118, 03, CLIP,  60, 127N, 1181W,   0,    0,   ,   0,    ,    0,    0,    0,    0, 
EP, 72, 2013061118, 03, CLIP,  72, 124N, 1197W,   0,    0,   ,   0,    ,    0,    0,    0,    0, 
EP, 72, 2013061118, 03, CLP5,  12, 115N, 1108W,   0,    0,   ,   0,    ,    0,    0,    0,    0, 
EP, 72, 2013061118, 03, CLP5,  24, 121N, 1133W,   0,    0,   ,   0,    ,    0,    0,    0,    0, 
EP, 72, 2013061118, 03, CLP5,  36, 127N, 1157W,   0,    0,   ,   0,    ,    0,    0,    0,    0, 
EP, 72, 2013061118, 03, CLP5,  48, 133N, 1180W,   0,    0,   ,   0,    ,    0,    0,    0,    0, 
EP, 72, 2013061118, 03, CLP5,  60, 139N, 1203W,   0,    0,   ,   0,    ,    0,    0,    0,    0, 
EP, 72, 2013061118, 03, CLP5,  72, 144N, 1225W,   0,    0,   ,   0,    ,    0,    0,    0,    0, 
EP, 72, 2013061118, 03, CLP5,  84, 148N, 1247W,   0,    0,   ,   0,    ,    0,    0,    0,    0, 
EP, 72, 2013061118, 03, CLP5,  96, 154N, 1269W,   0,    0,   ,   0,    ,    0,    0,    0,    0, 
EP, 72, 2013061118, 03, CLP5, 108, 159N, 1294W,   0,    0,   ,   0,    ,    0,    0,    0,    0, 
EP, 72, 2013061118, 03, CLP5, 120, 164N, 1317W,   0,    0,   ,   0,    ,    0,    0,    0,    0, 
EP, 72, 2013061118, 03, DSHP,   0, 110N, 1082W,  20,    0, TD,   0,    ,    0,    0,    0,    0, 
EP, 72, 2013061118, 03, DSHP,  12, 115N, 1101W,  27,    0, TD,   0,    ,    0,    0,    0,    0, 
EP, 72, 2013061118, 03, DSHP,  24, 124N, 1122W,  33,    0, TD,   0,    ,    0,    0,    0,    0, 
EP, 72, 2013061118, 03, DSHP,  36, 134N, 1140W,  38,    0, TS,   0,    ,    0,    0,    0,    0, 
EP, 72, 2013061118, 03, DSHP,  48, 142N, 1156W,  40,    0, TS,   0,    ,    0,    0,    0,    0, 
EP, 72, 2013061118, 03, DSHP,  60, 149N, 1171W,  41,    0, TS,   0,    ,    0,    0,    0,    0, 
EP, 72, 2013061118, 03, DSHP,  72, 153N, 1185W,  39,    0, TS,   0,    ,    0,    0,    0,    0, 
EP, 72, 2013061118, 03, DSHP,  84, 155N, 1197W,  37,    0, TS,   0,    ,    0,    0,    0,    0, 
EP, 72, 2013061118, 03, DSHP,  96, 157N, 1209W,  34,    0, TS,   0,    ,    0,    0,    0,    0, 
EP, 72, 2013061118, 03, DSHP, 108, 159N, 1224W,  32,    0, TD,   0,    ,    0,    0,    0,    0, 
EP, 72, 2013061118, 03, DSHP, 120, 160N, 1244W,  29,    0, TD,   0,    ,    0,    0,    0,    0, 
EP, 72, 2013061118, 03, LBAR,   0, 110N, 1082W,  20,    0,   ,   0,    ,    0,    0,    0,    0, 
EP, 72, 2013061118, 03, LBAR,  12, 120N, 1106W,   0,    0,   ,   0,    ,    0,    0,    0,    0, 
EP, 72, 2013061118, 03, LBAR,  24, 134N, 1131W,   0,    0,   ,   0,    ,    0,    0,    0,    0, 
EP, 72, 2013061118, 03, LBAR,  36, 149N, 1155W,   0,    0,   ,   0,    ,    0,    0,    0,    0, 
EP, 72, 2013061118, 03, LBAR,  48, 165N, 1175W,   0,    0,   ,   0,    ,    0,    0,    0,    0, 
EP, 72, 2013061118, 03, LBAR,  60, 179N, 1188W,   0,    0,   ,   0,    ,    0,    0,    0,    0, 
EP, 72, 2013061118, 03, LBAR,  72, 191N, 1196W,   0,    0,   ,   0,    ,    0,    0,    0,    0, 
EP, 72, 2013061118, 03, LBAR,  84, 205N, 1195W,   0,    0,   ,   0,    ,    0,    0,    0,    0, 
EP, 72, 2013061118, 03, LBAR,  96, 217N, 1195W,   0,    0,   ,   0,    ,    0,    0,    0,    0, 
EP, 72, 2013061118, 03, LBAR, 108, 219N, 1191W,   0,    0,   ,   0,    ,    0,    0,    0,    0, 
EP, 72, 2013061118, 03, LBAR, 120, 244N, 1179W,   0,    0,   ,   0,    ,    0,    0,    0,    0, 
EP, 72, 2013061118, 03, LGEM,   0, 110N, 1082W,  20,    0, TD,   0,    ,    0,    0,    0,    0, 
EP, 72, 2013061118, 03, LGEM,  12, 115N, 1101W,  22,    0, TD,   0,    ,    0,    0,    0,    0, 
EP, 72, 2013061118, 03, LGEM,  24, 124N, 1122W,  25,    0, TD,   0,    ,    0,    0,    0,    0, 
EP, 72, 2013061118, 03, LGEM,  36, 134N, 1140W,  28,    0, TD,   0,    ,    0,    0,    0,    0, 
EP, 72, 2013061118, 03, LGEM,  48, 142N, 1156W,  30,    0, TD,   0,    ,    0,    0,    0,    0, 
EP, 72, 2013061118, 03, LGEM,  60, 149N, 1171W,  30,    0, TD,   0,    ,    0,    0,    0,    0, 
EP, 72, 2013061118, 03, LGEM,  72, 153N, 1185W,  29,    0, TD,   0,    ,    0,    0,    0,    0, 
EP, 72, 2013061118, 03, LGEM,  84, 155N, 1197W,  28,    0, TD,   0,    ,    0,    0,    0,    0, 
EP, 72, 2013061118, 03, LGEM,  96, 157N, 1209W,  27,    0, TD,   0,    ,    0,    0,    0,    0, 
EP, 72, 2013061118, 03, LGEM, 108, 159N, 1224W,  26,    0, TD,   0,    ,    0,    0,    0,    0, 
EP, 72, 2013061118, 03, LGEM, 120, 160N, 1244W,  24,    0, TD,   0,    ,    0,    0,    0,    0, 
EP, 72, 2013061118, 03, SHF5,   0,   0N,    0W,  20,    0,   ,   0,    ,    0,    0,    0,    0, 
EP, 72, 2013061118, 03, SHF5,  12,   0N,    0W,  26,    0,   ,   0,    ,    0,    0,    0,    0, 
EP, 72, 2013061118, 03, SHF5,  24,   0N,    0W,  31,    0,   ,   0,    ,    0,    0,    0,    0, 
EP, 72, 2013061118, 03, SHF5,  36,   0N,    0W,  37,    0,   ,   0,    ,    0,    0,    0,    0, 
EP, 72, 2013061118, 03, SHF5,  48,   0N,    0W,  44,    0,   ,   0,    ,    0,    0,    0,    0, 
EP, 72, 2013061118, 03, SHF5,  60,   0N,    0W,  47,    0,   ,   0,    ,    0,    0,    0,    0, 
EP, 72, 2013061118, 03, SHF5,  72,   0N,    0W,  49,    0,   ,   0,    ,    0,    0,    0,    0, 
EP, 72, 2013061118, 03, SHF5,  84,   0N,    0W,  49,    0,   ,   0,    ,    0,    0,    0,    0, 
EP, 72, 2013061118, 03, SHF5,  96,   0N,    0W,  51,    0,   ,   0,    ,    0,    0,    0,    0, 
EP, 72, 2013061118, 03, SHF5, 108,   0N,    0W,  49,    0,   ,   0,    ,    0,    0,    0,    0, 
EP, 72, 2013061118, 03, SHF5, 120,   0N,    0W,  54,    0,   ,   0,    ,    0,    0,    0,    0, 
EP, 72, 2013061118, 03, SHFR,  12,   0N,    0W,  23,    0,   ,   0,    ,    0,    0,    0,    0, 
EP, 72, 2013061118, 03, SHFR,  24,   0N,    0W,  28,    0,   ,   0,    ,    0,    0,    0,    0, 
EP, 72, 2013061118, 03, SHFR,  36,   0N,    0W,  34,    0,   ,   0,    ,    0,    0,    0,    0, 
EP, 72, 2013061118, 03, SHFR,  48,   0N,    0W,  39,    0,   ,   0,    ,    0,    0,    0,    0, 
EP, 72, 2013061118, 03, SHFR,  60,   0N,    0W,  45,    0,   ,   0,    ,    0,    0,    0,    0, 
EP, 72, 2013061118, 03, SHFR,  72,   0N,    0W,  49,    0,   ,   0,    ,    0,    0,    0,    0, 
EP, 72, 2013061118, 03, SHIP,   0, 110N, 1082W,  20,    0, TD,   0,    ,    0,    0,    0,    0, 
EP, 72, 2013061118, 03, SHIP,  12, 115N, 1101W,  27,    0, TD,   0,    ,    0,    0,    0,    0, 
EP, 72, 2013061118, 03, SHIP,  24, 124N, 1122W,  33,    0, TD,   0,    ,    0,    0,    0,    0, 
EP, 72, 2013061118, 03, SHIP,  36, 134N, 1140W,  38,    0, TS,   0,    ,    0,    0,    0,    0, 
EP, 72, 2013061118, 03, SHIP,  48, 142N, 1156W,  40,    0, TS,   0,    ,    0,    0,    0,    0, 
EP, 72, 2013061118, 03, SHIP,  60, 149N, 1171W,  41,    0, TS,   0,    ,    0,    0,    0,    0, 
EP, 72, 2013061118, 03, SHIP,  72, 153N, 1185W,  39,    0, TS,   0,    ,    0,    0,    0,    0, 
EP, 72, 2013061118, 03, SHIP,  84, 155N, 1197W,  37,    0, TS,   0,    ,    0,    0,    0,    0, 
EP, 72, 2013061118, 03, SHIP,  96, 157N, 1209W,  34,    0, TS,   0,    ,    0,    0,    0,    0, 
EP, 72, 2013061118, 03, SHIP, 108, 159N, 1224W,  32,    0, TD,   0,    ,    0,    0,    0,    0, 
EP, 72, 2013061118, 03, SHIP, 120, 160N, 1244W,  29,    0, TD,   0,    ,    0,    0,    0,    0, 
EP, 72, 2013061118, 03, XTRP,   0, 110N, 1082W,   0,    0,   ,   0,    ,    0,    0,    0,    0, 
EP, 72, 2013061118, 03, XTRP,  12, 115N, 1108W,   0,    0,   ,   0,    ,    0,    0,    0,    0, 
EP, 72, 2013061118, 03, XTRP,  24, 120N, 1135W,   0,    0,   ,   0,    ,    0,    0,    0,    0, 
EP, 72, 2013061118, 03, XTRP,  36, 125N, 1162W,   0,    0,   ,   0,    ,    0,    0,    0,    0, 
EP, 72, 2013061118, 03, XTRP,  48, 131N, 1189W,   0,    0,   ,   0,    ,    0,    0,    0,    0, 
EP, 72, 2013061118, 03, XTRP,  60, 136N, 1217W,   0,    0,   ,   0,    ,    0,    0,    0,    0, 
EP, 72, 2013061118, 03, XTRP,  72, 141N, 1244W,   0,    0,   ,   0,    ,    0,    0,    0,    0, 
EP, 72, 2013061118, 03, XTRP,  84, 146N, 1271W,   0,    0,   ,   0,    ,    0,    0,    0,    0, 
EP, 72, 2013061118, 03, XTRP,  96, 151N, 1299W,   0,    0,   ,   0,    ,    0,    0,    0,    0, 
EP, 72, 2013061118, 03, XTRP, 108, 156N, 1326W,   0,    0,   ,   0,    ,    0,    0,    0,    0, 
EP, 72, 2013061118, 03, XTRP, 120, 162N, 1354W,   0,    0,   ,   0,    ,    0,    0,    0,    0, 
EP, 72, 2013061118, 03, XTRP, 132, 167N, 1381W,   0,    0,   ,   0,    ,    0,    0,    0,    0, 
EP, 72, 2013061118, 03, XTRP, 144, 172N, 1409W,   0,    0,   ,   0,    ,    0,    0,    0,    0, 
EP, 72, 2013061118, 03, XTRP, 156, 177N, 1437W,   0,    0,   ,   0,    ,    0,    0,    0,    0, 
EP, 72, 2013061118, 03, XTRP, 168, 182N, 1465W,   0,    0,   ,   0,    ,    0,    0,    0,    0, 
EP, 72, 2013061212, 01, CARQ, -24, 106N, 1067W,  20,    0, DB,  34, AAA,    0,    0,    0,    0,    0,    0,   0,   0,   0,   E,   0,   X,   0,   0,       TEST,  , 
EP, 72, 2013061212, 01, CARQ, -18, 110N, 1082W,  20,    0, DB,  34, AAA,    0,    0,    0,    0,    0,    0,   0,   0,   0,   E,   0,   X,   0,   0,       TEST,  , 
EP, 72, 2013061212, 01, CARQ, -12, 114N, 1093W,  20,    0, DB,  34, AAA,    0,    0,    0,    0,    0,    0,   0,   0,   0,   E,   0,   X, 288,  11,       TEST,  , 
EP, 72, 2013061212, 01, CARQ,  -6, 117N, 1104W,  20,    0, DB,  34, AAA,    0,    0,    0,    0,    0,    0,   0,   0,   0,   E,   0,   X,   0,   0,       TEST,  , 
EP, 72, 2013061212, 01, CARQ,   0, 125N, 1113W,  20, 1009, DB,  34, NEQ,    0,    0,    0,    0, 1010,  150,   0,   0,   0,   E,   0,   X, 295,  11,       TEST, S , 
EP, 72, 2013061212, 01, CARQ,   0, 125N, 1113W,  20, 1009, DB,  50, NEQ,    0,    0,    0,    0, 1010,  150,   0,   0,   0,   E,   0,   X, 295,  11,       TEST, S , 
EP, 72, 2013061212, 01, CARQ,   0, 125N, 1113W,  20, 1009, DB,  64, NEQ,    0,    0,    0,    0, 1010,  150,   0,   0,   0,   E,   0,   X, 295,  11,       TEST, S , 
EP, 72, 2013061212, 03, BAMD,  12, 137N, 1130W,   0,    0,   ,   0,    ,    0,    0,    0,    0, 
EP, 72, 2013061212, 03, BAMD,  24, 149N, 1146W,   0,    0,   ,   0,    ,    0,    0,    0,    0, 
EP, 72, 2013061212, 03, BAMD,  36, 161N, 1158W,   0,    0,   ,   0,    ,    0,    0,    0,    0, 
EP, 72, 2013061212, 03, BAMD,  48, 170N, 1169W,   0,    0,   ,   0,    ,    0,    0,    0,    0, 
EP, 72, 2013061212, 03, BAMD,  60, 179N, 1177W,   0,    0,   ,   0,    ,    0,    0,    0,    0, 
EP, 72, 2013061212, 03, BAMD,  72, 187N, 1183W,   0,    0,   ,   0,    ,    0,    0,    0,    0, 
EP, 72, 2013061212, 03, BAMD,  84, 197N, 1189W,   0,    0,   ,   0,    ,    0,    0,    0,    0, 
EP, 72, 2013061212, 03, BAMD,  96, 207N, 1197W,   0,    0,   ,   0,    ,    0,    0,    0,    0, 
EP, 72, 2013061212, 03, BAMD, 108, 219N, 1203W,   0,    0,   ,   0,    ,    0,    0,    0,    0, 
EP, 72, 2013061212, 03, BAMD, 120, 230N, 1205W,   0,    0,   ,   0,    ,    0,    0,    0,    0, 
EP, 72, 2013061212, 03, BAMD, 132, 238N, 1202W,   0,    0,   ,   0,    ,    0,    0,    0,    0, 
EP, 72, 2013061212, 03, BAMD, 144, 245N, 1196W,   0,    0,   ,   0,    ,    0,    0,    0,    0, 
EP, 72, 2013061212, 03, BAMD, 156, 254N, 1187W,   0,    0,   ,   0,    ,    0,    0,    0,    0, 
EP, 72, 2013061212, 03, BAMD, 168, 265N, 1173W,   0,    0,   ,   0,    ,    0,    0,    0,    0, 
EP, 72, 2013061212, 03, BAMM,  12, 136N, 1133W,   0,    0,   ,   0,    ,    0,    0,    0,    0, 
EP, 72, 2013061212, 03, BAMM,  24, 144N, 1151W,   0,    0,   ,   0,    ,    0,    0,    0,    0, 
EP, 72, 2013061212, 03, BAMM,  36, 152N, 1168W,   0,    0,   ,   0,    ,    0,    0,    0,    0, 
EP, 72, 2013061212, 03, BAMM,  48, 157N, 1184W,   0,    0,   ,   0,    ,    0,    0,    0,    0, 
EP, 72, 2013061212, 03, BAMM,  60, 161N, 1198W,   0,    0,   ,   0,    ,    0,    0,    0,    0, 
EP, 72, 2013061212, 03, BAMM,  72, 164N, 1211W,   0,    0,   ,   0,    ,    0,    0,    0,    0, 
EP, 72, 2013061212, 03, BAMM,  84, 168N, 1224W,   0,    0,   ,   0,    ,    0,    0,    0,    0, 
EP, 72, 2013061212, 03, BAMM,  96, 171N, 1241W,   0,    0,   ,   0,    ,    0,    0,    0,    0, 
EP, 72, 2013061212, 03, BAMM, 108, 174N, 1262W,   0,    0,   ,   0,    ,    0,    0,    0,    0, 
EP, 72, 2013061212, 03, BAMM, 120, 176N, 1285W,   0,    0,   ,   0,    ,    0,    0,    0,    0, 
EP, 72, 2013061212, 03, BAMM, 132, 177N, 1309W,   0,    0,   ,   0,    ,    0,    0,    0,    0, 
EP, 72, 2013061212, 03, BAMM, 144, 175N, 1336W,   0,    0,   ,   0,    ,    0,    0,    0,    0, 
EP, 72, 2013061212, 03, BAMM, 156, 173N, 1363W,   0,    0,   ,   0,    ,    0,    0,    0,    0, 
EP, 72, 2013061212, 03, BAMM, 168, 168N, 1391W,   0,    0,   ,   0,    ,    0,    0,    0,    0, 
EP, 72, 2013061212, 03, BAMS,  12, 134N, 1131W,   0,    0,   ,   0,    ,    0,    0,    0,    0, 
EP, 72, 2013061212, 03, BAMS,  24, 142N, 1148W,   0,    0,   ,   0,    ,    0,    0,    0,    0, 
EP, 72, 2013061212, 03, BAMS,  36, 148N, 1165W,   0,    0,   ,   0,    ,    0,    0,    0,    0, 
EP, 72, 2013061212, 03, BAMS,  48, 154N, 1181W,   0,    0,   ,   0,    ,    0,    0,    0,    0, 
EP, 72, 2013061212, 03, BAMS,  60, 159N, 1198W,   0,    0,   ,   0,    ,    0,    0,    0,    0, 
EP, 72, 2013061212, 03, BAMS,  72, 164N, 1213W,   0,    0,   ,   0,    ,    0,    0,    0,    0, 
EP, 72, 2013061212, 03, BAMS,  84, 170N, 1230W,   0,    0,   ,   0,    ,    0,    0,    0,    0, 
EP, 72, 2013061212, 03, BAMS,  96, 176N, 1247W,   0,    0,   ,   0,    ,    0,    0,    0,    0, 
EP, 72, 2013061212, 03, BAMS, 108, 182N, 1266W,   0,    0,   ,   0,    ,    0,    0,    0,    0, 
EP, 72, 2013061212, 03, BAMS, 120, 188N, 1284W,   0,    0,   ,   0,    ,    0,    0,    0,    0, 
EP, 72, 2013061212, 03, BAMS, 132, 192N, 1303W,   0,    0,   ,   0,    ,    0,    0,    0,    0, 
EP, 72, 2013061212, 03, BAMS, 144, 195N, 1322W,   0,    0,   ,   0,    ,    0,    0,    0,    0, 
EP, 72, 2013061212, 03, BAMS, 156, 198N, 1340W,   0,    0,   ,   0,    ,    0,    0,    0,    0, 
EP, 72, 2013061212, 03, BAMS, 168, 198N, 1360W,   0,    0,   ,   0,    ,    0,    0,    0,    0, 
EP, 72, 2013061212, 03, CLIP,  12, 133N, 1132W,   0,    0,   ,   0,    ,    0,    0,    0,    0, 
EP, 72, 2013061212, 03, CLIP,  24, 139N, 1147W,   0,    0,   ,   0,    ,    0,    0,    0,    0, 
EP, 72, 2013061212, 03, CLIP,  36, 145N, 1160W,   0,    0,   ,   0,    ,    0,    0,    0,    0, 
EP, 72, 2013061212, 03, CLIP,  48, 149N, 1170W,   0,    0,   ,   0,    ,    0,    0,    0,    0, 
EP, 72, 2013061212, 03, CLIP,  60, 146N, 1181W,   0,    0,   ,   0,    ,    0,    0,    0,    0, 
EP, 72, 2013061212, 03, CLIP,  72, 141N, 1191W,   0,    0,   ,   0,    ,    0,    0,    0,    0, 
EP, 72, 2013061212, 03, CLP5,  12, 133N, 1133W,   0,    0,   ,   0,    ,    0,    0,    0,    0, 
EP, 72, 2013061212, 03, CLP5,  24, 140N, 1153W,   0,    0,   ,   0,    ,    0,    0,    0,    0, 
EP, 72, 2013061212, 03, CLP5,  36, 147N, 1173W,   0,    0,   ,   0,    ,    0,    0,    0,    0, 
EP, 72, 2013061212, 03, CLP5,  48, 152N, 1191W,   0,    0,   ,   0,    ,    0,    0,    0,    0, 
EP, 72, 2013061212, 03, CLP5,  60, 157N, 1209W,   0,    0,   ,   0,    ,    0,    0,    0,    0, 
EP, 72, 2013061212, 03, CLP5,  72, 162N, 1228W,   0,    0,   ,   0,    ,    0,    0,    0,    0, 
EP, 72, 2013061212, 03, CLP5,  84, 166N, 1246W,   0,    0,   ,   0,    ,    0,    0,    0,    0, 
EP, 72, 2013061212, 03, CLP5,  96, 171N, 1265W,   0,    0,   ,   0,    ,    0,    0,    0,    0, 
EP, 72, 2013061212, 03, CLP5, 108, 176N, 1285W,   0,    0,   ,   0,    ,    0,    0,    0,    0, 
EP, 72, 2013061212, 03, CLP5, 120, 180N, 1306W,   0,    0,   ,   0,    ,    0,    0,    0,    0, 
EP, 72, 2013061212, 03, DSHP,   0, 125N, 1113W,  20,    0, TD,   0,    ,    0,    0,    0,    0, 
EP, 72, 2013061212, 03, DSHP,  12, 136N, 1133W,  20,    0, TD,   0,    ,    0,    0,    0,    0, 
EP, 72, 2013061212, 03, DSHP,  24, 144N, 1151W,  21,    0, TD,   0,    ,    0,    0,    0,    0, 
EP, 72, 2013061212, 03, DSHP,  36, 152N, 1168W,  21,    0, TD,   0,    ,    0,    0,    0,    0, 
EP, 72, 2013061212, 03, DSHP,  48, 157N, 1184W,  19,    0, TD,   0,    ,    0,    0,    0,    0, 
EP, 72, 2013061212, 03, DSHP,  60, 161N, 1198W,  16,    0, TD,   0,    ,    0,    0,    0,    0, 
EP, 72, 2013061212, 03, IVCN,   0,   0N,    0W,  20,    0,   ,   0,    ,    0,    0,    0,    0, 
EP, 72, 2013061212, 03, IVCN,  12,   0N,    0W,  20,    0,   ,   0,    ,    0,    0,    0,    0, 
EP, 72, 2013061212, 03, IVCN,  24,   0N,    0W,  20,    0,   ,   0,    ,    0,    0,    0,    0, 
EP, 72, 2013061212, 03, IVCN,  36,   0N,    0W,  20,    0,   ,   0,    ,    0,    0,    0,    0, 
EP, 72, 2013061212, 03, IVCN,  48,   0N,    0W,  18,    0,   ,   0,    ,    0,    0,    0,    0, 
EP, 72, 2013061212, 03, IVCR,   0,   0N,    0W,  20,    0,   ,   0,    ,    0,    0,    0,    0, 
EP, 72, 2013061212, 03, IVCR,  12,   0N,    0W,  20,    0,   ,   0,    ,    0,    0,    0,    0, 
EP, 72, 2013061212, 03, IVCR,  24,   0N,    0W,  20,    0,   ,   0,    ,    0,    0,    0,    0, 
EP, 72, 2013061212, 03, IVCR,  36,   0N,    0W,  20,    0,   ,   0,    ,    0,    0,    0,    0, 
EP, 72, 2013061212, 03, IVCR,  48,   0N,    0W,  18,    0,   ,   0,    ,    0,    0,    0,    0, 
EP, 72, 2013061212, 03, LBAR,   0, 125N, 1113W,  20,    0,   ,   0,    ,    0,    0,    0,    0, 
EP, 72, 2013061212, 03, LBAR,  12, 137N, 1133W,   0,    0,   ,   0,    ,    0,    0,    0,    0, 
EP, 72, 2013061212, 03, LBAR,  24, 153N, 1150W,   0,    0,   ,   0,    ,    0,    0,    0,    0, 
EP, 72, 2013061212, 03, LBAR,  36, 169N, 1166W,   0,    0,   ,   0,    ,    0,    0,    0,    0, 
EP, 72, 2013061212, 03, LBAR,  48, 180N, 1178W,   0,    0,   ,   0,    ,    0,    0,    0,    0, 
EP, 72, 2013061212, 03, LBAR,  60, 190N, 1188W,   0,    0,   ,   0,    ,    0,    0,    0,    0, 
EP, 72, 2013061212, 03, LBAR,  72, 203N, 1194W,   0,    0,   ,   0,    ,    0,    0,    0,    0, 
EP, 72, 2013061212, 03, LBAR,  84, 217N, 1198W,   0,    0,   ,   0,    ,    0,    0,    0,    0, 
EP, 72, 2013061212, 03, LBAR,  96, 231N, 1199W,   0,    0,   ,   0,    ,    0,    0,    0,    0, 
EP, 72, 2013061212, 03, LBAR, 108, 252N, 1197W,   0,    0,   ,   0,    ,    0,    0,    0,    0, 
EP, 72, 2013061212, 03, LBAR, 120, 256N, 1188W,   0,    0,   ,   0,    ,    0,    0,    0,    0, 
EP, 72, 2013061212, 03, LGEM,   0, 125N, 1113W,  20,    0, TD,   0,    ,    0,    0,    0,    0, 
EP, 72, 2013061212, 03, LGEM,  12, 136N, 1133W,  20,    0, TD,   0,    ,    0,    0,    0,    0, 
EP, 72, 2013061212, 03, LGEM,  24, 144N, 1151W,  20,    0, TD,   0,    ,    0,    0,    0,    0, 
EP, 72, 2013061212, 03, LGEM,  36, 152N, 1168W,  20,    0, TD,   0,    ,    0,    0,    0,    0, 
EP, 72, 2013061212, 03, LGEM,  48, 157N, 1184W,  19,    0, TD,   0,    ,    0,    0,    0,    0, 
EP, 72, 2013061212, 03, LGEM,  60, 161N, 1198W,  17,    0, TD,   0,    ,    0,    0,    0,    0, 
EP, 72, 2013061212, 03, SHF5,   0,   0N,    0W,  20,    0,   ,   0,    ,    0,    0,    0,    0, 
EP, 72, 2013061212, 03, SHF5,  12,   0N,    0W,  24,    0,   ,   0,    ,    0,    0,    0,    0, 
EP, 72, 2013061212, 03, SHF5,  24,   0N,    0W,  27,    0,   ,   0,    ,    0,    0,    0,    0, 
EP, 72, 2013061212, 03, SHF5,  36,   0N,    0W,  30,    0,   ,   0,    ,    0,    0,    0,    0, 
EP, 72, 2013061212, 03, SHF5,  48,   0N,    0W,  32,    0,   ,   0,    ,    0,    0,    0,    0, 
EP, 72, 2013061212, 03, SHF5,  60,   0N,    0W,  37,    0,   ,   0,    ,    0,    0,    0,    0, 
EP, 72, 2013061212, 03, SHF5,  72,   0N,    0W,  38,    0,   ,   0,    ,    0,    0,    0,    0, 
EP, 72, 2013061212, 03, SHF5,  84,   0N,    0W,  39,    0,   ,   0,    ,    0,    0,    0,    0, 
EP, 72, 2013061212, 03, SHF5,  96,   0N,    0W,  40,    0,   ,   0,    ,    0,    0,    0,    0, 
EP, 72, 2013061212, 03, SHF5, 108,   0N,    0W,  38,    0,   ,   0,    ,    0,    0,    0,    0, 
EP, 72, 2013061212, 03, SHF5, 120,   0N,    0W,  44,    0,   ,   0,    ,    0,    0,    0,    0, 
EP, 72, 2013061212, 03, SHFR,  12,   0N,    0W,  23,    0,   ,   0,    ,    0,    0,    0,    0, 
EP, 72, 2013061212, 03, SHFR,  24,   0N,    0W,  27,    0,   ,   0,    ,    0,    0,    0,    0, 
EP, 72, 2013061212, 03, SHFR,  36,   0N,    0W,  32,    0,   ,   0,    ,    0,    0,    0,    0, 
EP, 72, 2013061212, 03, SHFR,  48,   0N,    0W,  37,    0,   ,   0,    ,    0,    0,    0,    0, 
EP, 72, 2013061212, 03, SHFR,  60,   0N,    0W,  41,    0,   ,   0,    ,    0,    0,    0,    0, 
EP, 72, 2013061212, 03, SHFR,  72,   0N,    0W,  45,    0,   ,   0,    ,    0,    0,    0,    0, 
EP, 72, 2013061212, 03, SHIP,   0, 125N, 1113W,  20,    0, TD,   0,    ,    0,    0,    0,    0, 
EP, 72, 2013061212, 03, SHIP,  12, 136N, 1133W,  20,    0, TD,   0,    ,    0,    0,    0,    0, 
EP, 72, 2013061212, 03, SHIP,  24, 144N, 1151W,  21,    0, TD,   0,    ,    0,    0,    0,    0, 
EP, 72, 2013061212, 03, SHIP,  36, 152N, 1168W,  21,    0, TD,   0,    ,    0,    0,    0,    0, 
EP, 72, 2013061212, 03, SHIP,  48, 157N, 1184W,  19,    0, TD,   0,    ,    0,    0,    0,    0, 
EP, 72, 2013061212, 03, SHIP,  60, 161N, 1198W,  16,    0, TD,   0,    ,    0,    0,    0,    0, 
EP, 72, 2013061212, 03, XTRP,   0, 125N, 1113W,   0,    0,   ,   0,    ,    0,    0,    0,    0, 
EP, 72, 2013061212, 03, XTRP,  12, 136N, 1132W,   0,    0,   ,   0,    ,    0,    0,    0,    0, 
EP, 72, 2013061212, 03, XTRP,  24, 147N, 1152W,   0,    0,   ,   0,    ,    0,    0,    0,    0, 
EP, 72, 2013061212, 03, XTRP,  36, 158N, 1173W,   0,    0,   ,   0,    ,    0,    0,    0,    0, 
EP, 72, 2013061212, 03, XTRP,  48, 169N, 1193W,   0,    0,   ,   0,    ,    0,    0,    0,    0, 
EP, 72, 2013061212, 03, XTRP,  60, 179N, 1214W,   0,    0,   ,   0,    ,    0,    0,    0,    0, 
EP, 72, 2013061212, 03, XTRP,  72, 190N, 1234W,   0,    0,   ,   0,    ,    0,    0,    0,    0, 
EP, 72, 2013061212, 03, XTRP,  84, 201N, 1255W,   0,    0,   ,   0,    ,    0,    0,    0,    0, 
EP, 72, 2013061212, 03, XTRP,  96, 212N, 1276W,   0,    0,   ,   0,    ,    0,    0,    0,    0, 
EP, 72, 2013061212, 03, XTRP, 108, 223N, 1297W,   0,    0,   ,   0,    ,    0,    0,    0,    0, 
EP, 72, 2013061212, 03, XTRP, 120, 234N, 1319W,   0,    0,   ,   0,    ,    0,    0,    0,    0, 
EP, 72, 2013061212, 03, XTRP, 132, 245N, 1340W,   0,    0,   ,   0,    ,    0,    0,    0,    0, 
EP, 72, 2013061212, 03, XTRP, 144, 256N, 1362W,   0,    0,   ,   0,    ,    0,    0,    0,    0, 
EP, 72, 2013061212, 03, XTRP, 156, 266N, 1384W,   0,    0,   ,   0,    ,    0,    0,    0,    0, 
EP, 72, 2013061212, 03, XTRP, 168, 277N, 1406W,   0,    0,   ,   0,    ,    0,    0,    0,    0, 
EP, 72, 2013061218, 01, CARQ, -24, 110N, 1082W,  20,    0, TD,  34, AAA,    0,    0,    0,    0,    0,    0,   0,   0,   0,   E,   0,   X,   0,   0,       TEST,  , 
EP, 72, 2013061218, 01, CARQ, -18, 114N, 1093W,  20,    0, TD,  34, AAA,    0,    0,    0,    0,    0,    0,   0,   0,   0,   E,   0,   X,   0,   0,       TEST,  , 
EP, 72, 2013061218, 01, CARQ, -12, 117N, 1104W,  20,    0, TD,  34, AAA,    0,    0,    0,    0,    0,    0,   0,   0,   0,   E,   0,   X, 300,  11,       TEST,  , 
EP, 72, 2013061218, 01, CARQ,  -6, 125N, 1113W,  20,    0, TD,  34, AAA,    0,    0,    0,    0,    0,    0,   0,   0,   0,   E,   0,   X,   0,   0,       TEST,  , 
EP, 72, 2013061218, 01, CARQ,   0, 131N, 1126W,  30, 1007, TD,  34, NEQ,    0,    0,    0,    0, 1010,  180,  30,   0,   0,   E,   0,   X, 300,  12,       TEST, S , 
EP, 72, 2013061218, 01, CARQ,   0, 131N, 1126W,  30, 1007, TD,  50, NEQ,    0,    0,    0,    0, 1010,  180,  30,   0,   0,   E,   0,   X, 300,  12,       TEST, S , 
EP, 72, 2013061218, 01, CARQ,   0, 131N, 1126W,  30, 1007, TD,  64, NEQ,    0,    0,    0,    0, 1010,  180,  30,   0,   0,   E,   0,   X, 300,  12,       TEST, S , 
EP, 72, 2013061218, 03, BAMD,  12, 142N, 1143W,   0,    0,   ,   0,    ,    0,    0,    0,    0, 
EP, 72, 2013061218, 03, BAMD,  24, 153N, 1159W,   0,    0,   ,   0,    ,    0,    0,    0,    0, 
EP, 72, 2013061218, 03, BAMD,  36, 163N, 1173W,   0,    0,   ,   0,    ,    0,    0,    0,    0, 
EP, 72, 2013061218, 03, BAMD,  48, 171N, 1184W,   0,    0,   ,   0,    ,    0,    0,    0,    0, 
EP, 72, 2013061218, 03, BAMD,  60, 179N, 1194W,   0,    0,   ,   0,    ,    0,    0,    0,    0, 
EP, 72, 2013061218, 03, BAMD,  72, 188N, 1203W,   0,    0,   ,   0,    ,    0,    0,    0,    0, 
EP, 72, 2013061218, 03, BAMD,  84, 199N, 1211W,   0,    0,   ,   0,    ,    0,    0,    0,    0, 
EP, 72, 2013061218, 03, BAMD,  96, 211N, 1221W,   0,    0,   ,   0,    ,    0,    0,    0,    0, 
EP, 72, 2013061218, 03, BAMD, 108, 224N, 1227W,   0,    0,   ,   0,    ,    0,    0,    0,    0, 
EP, 72, 2013061218, 03, BAMD, 120, 239N, 1226W,   0,    0,   ,   0,    ,    0,    0,    0,    0, 
EP, 72, 2013061218, 03, BAMD, 132, 253N, 1213W,   0,    0,   ,   0,    ,    0,    0,    0,    0, 
EP, 72, 2013061218, 03, BAMD, 144, 265N, 1192W,   0,    0,   ,   0,    ,    0,    0,    0,    0, 
EP, 72, 2013061218, 03, BAMD, 156, 281N, 1169W,   0,    0,   ,   0,    ,    0,    0,    0,    0, 
EP, 72, 2013061218, 03, BAMD, 168, 305N, 1143W,   0,    0,   ,   0,    ,    0,    0,    0,    0, 
EP, 72, 2013061218, 03, BAMM,  12, 141N, 1143W,   0,    0,   ,   0,    ,    0,    0,    0,    0, 
EP, 72, 2013061218, 03, BAMM,  24, 150N, 1158W,   0,    0,   ,   0,    ,    0,    0,    0,    0, 
EP, 72, 2013061218, 03, BAMM,  36, 159N, 1171W,   0,    0,   ,   0,    ,    0,    0,    0,    0, 
EP, 72, 2013061218, 03, BAMM,  48, 165N, 1182W,   0,    0,   ,   0,    ,    0,    0,    0,    0, 
EP, 72, 2013061218, 03, BAMM,  60, 171N, 1191W,   0,    0,   ,   0,    ,    0,    0,    0,    0, 
EP, 72, 2013061218, 03, BAMM,  72, 177N, 1201W,   0,    0,   ,   0,    ,    0,    0,    0,    0, 
EP, 72, 2013061218, 03, BAMM,  84, 182N, 1211W,   0,    0,   ,   0,    ,    0,    0,    0,    0, 
EP, 72, 2013061218, 03, BAMM,  96, 187N, 1225W,   0,    0,   ,   0,    ,    0,    0,    0,    0, 
EP, 72, 2013061218, 03, BAMM, 108, 192N, 1240W,   0,    0,   ,   0,    ,    0,    0,    0,    0, 
EP, 72, 2013061218, 03, BAMM, 120, 195N, 1256W,   0,    0,   ,   0,    ,    0,    0,    0,    0, 
EP, 72, 2013061218, 03, BAMM, 132, 197N, 1271W,   0,    0,   ,   0,    ,    0,    0,    0,    0, 
EP, 72, 2013061218, 03, BAMM, 144, 196N, 1287W,   0,    0,   ,   0,    ,    0,    0,    0,    0, 
EP, 72, 2013061218, 03, BAMM, 156, 196N, 1302W,   0,    0,   ,   0,    ,    0,    0,    0,    0, 
EP, 72, 2013061218, 03, BAMM, 168, 194N, 1315W,   0,    0,   ,   0,    ,    0,    0,    0,    0, 
EP, 72, 2013061218, 03, BAMS,  12, 139N, 1143W,   0,    0,   ,   0,    ,    0,    0,    0,    0, 
EP, 72, 2013061218, 03, BAMS,  24, 146N, 1158W,   0,    0,   ,   0,    ,    0,    0,    0,    0, 
EP, 72, 2013061218, 03, BAMS,  36, 152N, 1173W,   0,    0,   ,   0,    ,    0,    0,    0,    0, 
EP, 72, 2013061218, 03, BAMS,  48, 157N, 1187W,   0,    0,   ,   0,    ,    0,    0,    0,    0, 
EP, 72, 2013061218, 03, BAMS,  60, 162N, 1201W,   0,    0,   ,   0,    ,    0,    0,    0,    0, 
EP, 72, 2013061218, 03, BAMS,  72, 168N, 1215W,   0,    0,   ,   0,    ,    0,    0,    0,    0, 
EP, 72, 2013061218, 03, BAMS,  84, 175N, 1231W,   0,    0,   ,   0,    ,    0,    0,    0,    0, 
EP, 72, 2013061218, 03, BAMS,  96, 182N, 1246W,   0,    0,   ,   0,    ,    0,    0,    0,    0, 
EP, 72, 2013061218, 03, BAMS, 108, 188N, 1262W,   0,    0,   ,   0,    ,    0,    0,    0,    0, 
EP, 72, 2013061218, 03, BAMS, 120, 193N, 1277W,   0,    0,   ,   0,    ,    0,    0,    0,    0, 
EP, 72, 2013061218, 03, BAMS, 132, 196N, 1293W,   0,    0,   ,   0,    ,    0,    0,    0,    0, 
EP, 72, 2013061218, 03, BAMS, 144, 199N, 1309W,   0,    0,   ,   0,    ,    0,    0,    0,    0, 
EP, 72, 2013061218, 03, BAMS, 156, 201N, 1325W,   0,    0,   ,   0,    ,    0,    0,    0,    0, 
EP, 72, 2013061218, 03, BAMS, 168, 202N, 1341W,   0,    0,   ,   0,    ,    0,    0,    0,    0, 
EP, 72, 2013061218, 03, CLIP,  12, 142N, 1146W,   0,    0,   ,   0,    ,    0,    0,    0,    0, 
EP, 72, 2013061218, 03, CLIP,  24, 149N, 1163W,   0,    0,   ,   0,    ,    0,    0,    0,    0, 
EP, 72, 2013061218, 03, CLIP,  36, 155N, 1177W,   0,    0,   ,   0,    ,    0,    0,    0,    0, 
EP, 72, 2013061218, 03, CLIP,  48, 159N, 1187W,   0,    0,   ,   0,    ,    0,    0,    0,    0, 
EP, 72, 2013061218, 03, CLIP,  60, 157N, 1197W,   0,    0,   ,   0,    ,    0,    0,    0,    0, 
EP, 72, 2013061218, 03, CLIP,  72, 153N, 1207W,   0,    0,   ,   0,    ,    0,    0,    0,    0, 
EP, 72, 2013061218, 03, CLP5,  12, 141N, 1147W,   0,    0,   ,   0,    ,    0,    0,    0,    0, 
EP, 72, 2013061218, 03, CLP5,  24, 149N, 1167W,   0,    0,   ,   0,    ,    0,    0,    0,    0, 
EP, 72, 2013061218, 03, CLP5,  36, 156N, 1188W,   0,    0,   ,   0,    ,    0,    0,    0,    0, 
EP, 72, 2013061218, 03, CLP5,  48, 162N, 1207W,   0,    0,   ,   0,    ,    0,    0,    0,    0, 
EP, 72, 2013061218, 03, CLP5,  60, 166N, 1225W,   0,    0,   ,   0,    ,    0,    0,    0,    0, 
EP, 72, 2013061218, 03, CLP5,  72, 171N, 1244W,   0,    0,   ,   0,    ,    0,    0,    0,    0, 
EP, 72, 2013061218, 03, CLP5,  84, 174N, 1262W,   0,    0,   ,   0,    ,    0,    0,    0,    0, 
EP, 72, 2013061218, 03, CLP5,  96, 179N, 1281W,   0,    0,   ,   0,    ,    0,    0,    0,    0, 
EP, 72, 2013061218, 03, CLP5, 108, 184N, 1302W,   0,    0,   ,   0,    ,    0,    0,    0,    0, 
EP, 72, 2013061218, 03, CLP5, 120, 189N, 1323W,   0,    0,   ,   0,    ,    0,    0,    0,    0, 
EP, 72, 2013061218, 03, DRCL,   0, 131N, 1126W,  30,    0, TD,  34, NEQ,    0,    0,    0,    0, 
EP, 72, 2013061218, 03, DRCL,  12, 143N, 1145W,  40,    0, TS,  34, NEQ,   45,   28,    0,   34, 
EP, 72, 2013061218, 03, DRCL,  24, 155N, 1163W,  50,    0, TS,  34, NEQ,   73,   50,   41,   58, 
EP, 72, 2013061218, 03, DRCL,  24, 155N, 1163W,  50,    0, TS,  50, NEQ,   31,    0,    0,    0, 
EP, 72, 2013061218, 03, DRCL,  36, 167N, 1182W,  50,    0, TS,  34, NEQ,   73,   51,   42,   59, 
EP, 72, 2013061218, 03, DRCL,  36, 167N, 1182W,  50,    0, TS,  50, NEQ,   32,    0,    0,    0, 
EP, 72, 2013061218, 03, DRCL,  48, 179N, 1200W,  40,    0, TS,  34, NEQ,   46,   31,    0,   37, 
EP, 72, 2013061218, 03, DRCL,  72, 203N, 1238W,  30,    0, TD,  34, NEQ,    0,    0,    0,    0, 
EP, 72, 2013061218, 03, DRCL,  96, 227N, 1275W,  25,    0, TD,  34, NEQ,    0,    0,    0,    0, 
EP, 72, 2013061218, 03, DRCL, 120, 251N, 1312W,  20,    0, LO,  34, NEQ,    0,    0,    0,    0, 
EP, 72, 2013061218, 03, DSHP,   0, 131N, 1126W,  30,    0, TD,   0,    ,    0,    0,    0,    0, 
EP, 72, 2013061218, 03, DSHP,  12,   0N,    0E,  32,    0, TD,   0,    ,    0,    0,    0,    0, 
EP, 72, 2013061218, 03, DSHP,  24,   0N,    0E,  33,    0, TD,   0,    ,    0,    0,    0,    0, 
EP, 72, 2013061218, 03, DSHP,  36,   0N,    0E,  30,    0, TD,   0,    ,    0,    0,    0,    0, 
EP, 72, 2013061218, 03, DSHP,  48,   0N,    0E,  23,    0, TD,   0,    ,    0,    0,    0,    0, 
EP, 72, 2013061218, 03, IVCN,   0,   0N,    0W,  30,    0,   ,   0,    ,    0,    0,    0,    0, 
EP, 72, 2013061218, 03, IVCN,  12,   0N,    0W,  34,    0,   ,   0,    ,    0,    0,    0,    0, 
EP, 72, 2013061218, 03, IVCN,  24,   0N,    0W,  35,    0,   ,   0,    ,    0,    0,    0,    0, 
EP, 72, 2013061218, 03, IVCN,  36,   0N,    0W,  33,    0,   ,   0,    ,    0,    0,    0,    0, 
EP, 72, 2013061218, 03, IVCN,  48,   0N,    0W,  27,    0,   ,   0,    ,    0,    0,    0,    0, 
EP, 72, 2013061218, 03, IVCR,   0,   0N,    0W,  30,    0,   ,   0,    ,    0,    0,    0,    0, 
EP, 72, 2013061218, 03, IVCR,  12,   0N,    0W,  34,    0,   ,   0,    ,    0,    0,    0,    0, 
EP, 72, 2013061218, 03, IVCR,  24,   0N,    0W,  35,    0,   ,   0,    ,    0,    0,    0,    0, 
EP, 72, 2013061218, 03, IVCR,  36,   0N,    0W,  33,    0,   ,   0,    ,    0,    0,    0,    0, 
EP, 72, 2013061218, 03, IVCR,  48,   0N,    0W,  27,    0,   ,   0,    ,    0,    0,    0,    0, 
EP, 72, 2013061218, 03, LBAR,   0, 131N, 1126W,  30,    0,   ,   0,    ,    0,    0,    0,    0, 
EP, 72, 2013061218, 03, LBAR,  12, 145N, 1144W,   0,    0,   ,   0,    ,    0,    0,    0,    0, 
EP, 72, 2013061218, 03, LBAR,  24, 161N, 1162W,   0,    0,   ,   0,    ,    0,    0,    0,    0, 
EP, 72, 2013061218, 03, LBAR,  36, 174N, 1177W,   0,    0,   ,   0,    ,    0,    0,    0,    0, 
EP, 72, 2013061218, 03, LBAR,  48, 185N, 1188W,   0,    0,   ,   0,    ,    0,    0,    0,    0, 
EP, 72, 2013061218, 03, LBAR,  60, 195N, 1196W,   0,    0,   ,   0,    ,    0,    0,    0,    0, 
EP, 72, 2013061218, 03, LBAR,  72, 209N, 1202W,   0,    0,   ,   0,    ,    0,    0,    0,    0, 
EP, 72, 2013061218, 03, LBAR,  84, 226N, 1207W,   0,    0,   ,   0,    ,    0,    0,    0,    0, 
EP, 72, 2013061218, 03, LBAR,  96, 241N, 1205W,   0,    0,   ,   0,    ,    0,    0,    0,    0, 
EP, 72, 2013061218, 03, LBAR, 108, 266N, 1198W,   0,    0,   ,   0,    ,    0,    0,    0,    0, 
EP, 72, 2013061218, 03, LBAR, 120, 273N, 1186W,   0,    0,   ,   0,    ,    0,    0,    0,    0, 
EP, 72, 2013061218, 03, LGEM,   0, 131N, 1126W,  30,    0, TD,   0,    ,    0,    0,    0,    0, 
EP, 72, 2013061218, 03, LGEM,  12,   0N,    0E,  35,    0, TS,   0,    ,    0,    0,    0,    0, 
EP, 72, 2013061218, 03, LGEM,  24,   0N,    0E,  37,    0, TS,   0,    ,    0,    0,    0,    0, 
EP, 72, 2013061218, 03, LGEM,  36,   0N,    0E,  35,    0, TS,   0,    ,    0,    0,    0,    0, 
EP, 72, 2013061218, 03, LGEM,  48,   0N,    0E,  31,    0, TD,   0,    ,    0,    0,    0,    0, 
EP, 72, 2013061218, 03, LGEM,  60,   0N,    0E,  26,    0, TD,   0,    ,    0,    0,    0,    0, 
EP, 72, 2013061218, 03, LGEM,  72,   0N,    0E,  21,    0, TD,   0,    ,    0,    0,    0,    0, 
EP, 72, 2013061218, 03, LGEM,  84,   0N,    0E,  16,    0, TD,   0,    ,    0,    0,    0,    0, 
EP, 72, 2013061218, 03, SHF5,   0,   0N,    0W,  30,    0,   ,   0,    ,    0,    0,    0,    0, 
EP, 72, 2013061218, 03, SHF5,  12,   0N,    0W,  38,    0,   ,   0,    ,    0,    0,    0,    0, 
EP, 72, 2013061218, 03, SHF5,  24,   0N,    0W,  43,    0,   ,   0,    ,    0,    0,    0,    0, 
EP, 72, 2013061218, 03, SHF5,  36,   0N,    0W,  44,    0,   ,   0,    ,    0,    0,    0,    0, 
EP, 72, 2013061218, 03, SHF5,  48,   0N,    0W,  45,    0,   ,   0,    ,    0,    0,    0,    0, 
EP, 72, 2013061218, 03, SHF5,  60,   0N,    0W,  47,    0,   ,   0,    ,    0,    0,    0,    0, 
EP, 72, 2013061218, 03, SHF5,  72,   0N,    0W,  46,    0,   ,   0,    ,    0,    0,    0,    0, 
EP, 72, 2013061218, 03, SHF5,  84,   0N,    0W,  41,    0,   ,   0,    ,    0,    0,    0,    0, 
EP, 72, 2013061218, 03, SHF5,  96,   0N,    0W,  39,    0,   ,   0,    ,    0,    0,    0,    0, 
EP, 72, 2013061218, 03, SHF5, 108,   0N,    0W,  37,    0,   ,   0,    ,    0,    0,    0,    0, 
EP, 72, 2013061218, 03, SHF5, 120,   0N,    0W,  40,    0,   ,   0,    ,    0,    0,    0,    0, 
EP, 72, 2013061218, 03, SHFR,  12,   0N,    0W,  35,    0,   ,   0,    ,    0,    0,    0,    0, 
EP, 72, 2013061218, 03, SHFR,  24,   0N,    0W,  42,    0,   ,   0,    ,    0,    0,    0,    0, 
EP, 72, 2013061218, 03, SHFR,  36,   0N,    0W,  48,    0,   ,   0,    ,    0,    0,    0,    0, 
EP, 72, 2013061218, 03, SHFR,  48,   0N,    0W,  53,    0,   ,   0,    ,    0,    0,    0,    0, 
EP, 72, 2013061218, 03, SHFR,  60,   0N,    0W,  56,    0,   ,   0,    ,    0,    0,    0,    0, 
EP, 72, 2013061218, 03, SHFR,  72,   0N,    0W,  58,    0,   ,   0,    ,    0,    0,    0,    0, 
EP, 72, 2013061218, 03, SHIP,   0, 131N, 1126W,  30,    0, TD,   0,    ,    0,    0,    0,    0, 
EP, 72, 2013061218, 03, SHIP,  12,   0N,    0E,  32,    0, TD,   0,    ,    0,    0,    0,    0, 
EP, 72, 2013061218, 03, SHIP,  24,   0N,    0E,  33,    0, TD,   0,    ,    0,    0,    0,    0, 
EP, 72, 2013061218, 03, SHIP,  36,   0N,    0E,  30,    0, TD,   0,    ,    0,    0,    0,    0, 
EP, 72, 2013061218, 03, SHIP,  48,   0N,    0E,  23,    0, TD,   0,    ,    0,    0,    0,    0, 
EP, 72, 2013061218, 03, XTRP,   0, 131N, 1126W,   0,    0,   ,   0,    ,    0,    0,    0,    0, 
EP, 72, 2013061218, 03, XTRP,  12, 145N, 1147W,   0,    0,   ,   0,    ,    0,    0,    0,    0, 
EP, 72, 2013061218, 03, XTRP,  24, 159N, 1169W,   0,    0,   ,   0,    ,    0,    0,    0,    0, 
EP, 72, 2013061218, 03, XTRP,  36, 173N, 1192W,   0,    0,   ,   0,    ,    0,    0,    0,    0, 
EP, 72, 2013061218, 03, XTRP,  48, 187N, 1215W,   0,    0,   ,   0,    ,    0,    0,    0,    0, 
EP, 72, 2013061218, 03, XTRP,  60, 201N, 1237W,   0,    0,   ,   0,    ,    0,    0,    0,    0, 
EP, 72, 2013061218, 03, XTRP,  72, 215N, 1260W,   0,    0,   ,   0,    ,    0,    0,    0,    0, 
EP, 72, 2013061218, 03, XTRP,  84, 229N, 1284W,   0,    0,   ,   0,    ,    0,    0,    0,    0, 
EP, 72, 2013061218, 03, XTRP,  96, 243N, 1307W,   0,    0,   ,   0,    ,    0,    0,    0,    0, 
EP, 72, 2013061218, 03, XTRP, 108, 257N, 1331W,   0,    0,   ,   0,    ,    0,    0,    0,    0, 
EP, 72, 2013061218, 03, XTRP, 120, 271N, 1355W,   0,    0,   ,   0,    ,    0,    0,    0,    0, 
EP, 72, 2013061218, 03, XTRP, 132, 285N, 1379W,   0,    0,   ,   0,    ,    0,    0,    0,    0, 
EP, 72, 2013061218, 03, XTRP, 144, 299N, 1404W,   0,    0,   ,   0,    ,    0,    0,    0,    0, 
EP, 72, 2013061218, 03, XTRP, 156, 313N, 1429W,   0,    0,   ,   0,    ,    0,    0,    0,    0, 
EP, 72, 2013061218, 03, XTRP, 168, 327N, 1454W,   0,    0,   ,   0,    ,    0,    0,    0,    0, 
