AL, 84, 2014042806, 01, CARQ, -24, 196N,  383W,  30,    0, TD,  34, AAA,    0,    0,    0,    0,    0,    0,   0,   0,   0,   L,   0,   X,   0,   0,       TEST,  , 
AL, 84, 2014042806, 01, CARQ, -18, 197N,  388W,  30,    0, TD,  34, AAA,    0,    0,    0,    0,    0,    0,   0,   0,   0,   L,   0,   X,   0,   0,       TEST,  , 
AL, 84, 2014042806, 01, CARQ, -12, 198N,  392W,  30,    0, TD,  34, AAA,    0,    0,    0,    0,    0,    0,   0,   0,   0,   L,   0,   X, 285,   4,       TEST,  , 
AL, 84, 2014042806, 01, CARQ,  -6, 199N,  396W,  30,    0, TD,  34, AAA,    0,    0,    0,    0,    0,    0,   0,   0,   0,   L,   0,   X,   0,   0,       TEST,  , 
AL, 84, 2014042806, 01, CARQ,   0, 200N,  400W,  30, 1009, TD,  34, NEQ,    0,    0,    0,    0, 1010,  150,   0,   0,   0,   L,   0,   X, 285,   4,       TEST, S, 
AL, 84, 2014042806, 01, CARQ,   0, 200N,  400W,  30, 1009, TD,  50, NEQ,    0,    0,    0,    0, 1010,  150,   0,   0,   0,   L,   0,   X, 285,   4,       TEST, S, 
AL, 84, 2014042806, 01, CARQ,   0, 200N,  400W,  30, 1009, TD,  64, NEQ,    0,    0,    0,    0, 1010,  150,   0,   0,   0,   L,   0,   X, 285,   4,       TEST, S, 
AL, 84, 2014042806, 03, BAMD,  12, 209N,  333W,   0,    0,   ,   0,    ,    0,    0,    0,    0, 
AL, 84, 2014042806, 03, BAMD,  24, 209N,  261W,   0,    0,   ,   0,    ,    0,    0,    0,    0, 
AL, 84, 2014042806, 03, BAMD,  36, 210N,  192W,   0,    0,   ,   0,    ,    0,    0,    0,    0, 
AL, 84, 2014042806, 03, BAMD,  48, 221N,  130W,   0,    0,   ,   0,    ,    0,    0,    0,    0, 
AL, 84, 2014042806, 03, BAMD,  60, 234N,   74W,   0,    0,   ,   0,    ,    0,    0,    0,    0, 
AL, 84, 2014042806, 03, BAMD,  72, 238N,   19W,   0,    0,   ,   0,    ,    0,    0,    0,    0, 
AL, 84, 2014042806, 03, BAMD,  84, 242N,   32E,   0,    0,   ,   0,    ,    0,    0,    0,    0, 
AL, 84, 2014042806, 03, BAMD,  96, 255N,   89E,   0,    0,   ,   0,    ,    0,    0,    0,    0, 
AL, 84, 2014042806, 03, BAMD, 108, 271N,  165E,   0,    0,   ,   0,    ,    0,    0,    0,    0, 
AL, 84, 2014042806, 03, BAMD, 120, 279N,  276E,   0,    0,   ,   0,    ,    0,    0,    0,    0, 
AL, 84, 2014042806, 03, BAMD, 132, 281N,  378E,   0,    0,   ,   0,    ,    0,    0,    0,    0, 
AL, 84, 2014042806, 03, BAMD, 144, 274N,  449E,   0,    0,   ,   0,    ,    0,    0,    0,    0, 
AL, 84, 2014042806, 03, BAMD, 156, 262N,  508E,   0,    0,   ,   0,    ,    0,    0,    0,    0, 
AL, 84, 2014042806, 03, BAMD, 168, 250N,  558E,   0,    0,   ,   0,    ,    0,    0,    0,    0, 
AL, 84, 2014042806, 03, BAMM,  12, 211N,  369W,   0,    0,   ,   0,    ,    0,    0,    0,    0, 
AL, 84, 2014042806, 03, BAMM,  24, 213N,  330W,   0,    0,   ,   0,    ,    0,    0,    0,    0, 
AL, 84, 2014042806, 03, BAMM,  36, 207N,  293W,   0,    0,   ,   0,    ,    0,    0,    0,    0, 
AL, 84, 2014042806, 03, BAMM,  48, 201N,  258W,   0,    0,   ,   0,    ,    0,    0,    0,    0, 
AL, 84, 2014042806, 03, BAMM,  60, 205N,  219W,   0,    0,   ,   0,    ,    0,    0,    0,    0, 
AL, 84, 2014042806, 03, BAMM,  72, 217N,  178W,   0,    0,   ,   0,    ,    0,    0,    0,    0, 
AL, 84, 2014042806, 03, BAMM,  84, 233N,  139W,   0,    0,   ,   0,    ,    0,    0,    0,    0, 
AL, 84, 2014042806, 03, BAMM,  96, 252N,  107W,   0,    0,   ,   0,    ,    0,    0,    0,    0, 
AL, 84, 2014042806, 03, BAMM, 108, 278N,   86W,   0,    0,   ,   0,    ,    0,    0,    0,    0, 
AL, 84, 2014042806, 03, BAMM, 120, 306N,   77W,   0,    0,   ,   0,    ,    0,    0,    0,    0, 
AL, 84, 2014042806, 03, BAMM, 132, 332N,   72W,   0,    0,   ,   0,    ,    0,    0,    0,    0, 
AL, 84, 2014042806, 03, BAMM, 144, 350N,   68W,   0,    0,   ,   0,    ,    0,    0,    0,    0, 
AL, 84, 2014042806, 03, BAMM, 156, 363N,   64W,   0,    0,   ,   0,    ,    0,    0,    0,    0, 
AL, 84, 2014042806, 03, BAMM, 168, 374N,   55W,   0,    0,   ,   0,    ,    0,    0,    0,    0, 
AL, 84, 2014042806, 03, BAMS,  12, 208N,  396W,   0,    0,   ,   0,    ,    0,    0,    0,    0, 
AL, 84, 2014042806, 03, BAMS,  24, 208N,  385W,   0,    0,   ,   0,    ,    0,    0,    0,    0, 
AL, 84, 2014042806, 03, BAMS,  36, 205N,  383W,   0,    0,   ,   0,    ,    0,    0,    0,    0, 
AL, 84, 2014042806, 03, BAMS,  48, 202N,  383W,   0,    0,   ,   0,    ,    0,    0,    0,    0, 
AL, 84, 2014042806, 03, BAMS,  60, 201N,  383W,   0,    0,   ,   0,    ,    0,    0,    0,    0, 
AL, 84, 2014042806, 03, BAMS,  72, 200N,  374W,   0,    0,   ,   0,    ,    0,    0,    0,    0, 
AL, 84, 2014042806, 03, BAMS,  84, 198N,  363W,   0,    0,   ,   0,    ,    0,    0,    0,    0, 
AL, 84, 2014042806, 03, BAMS,  96, 191N,  355W,   0,    0,   ,   0,    ,    0,    0,    0,    0, 
AL, 84, 2014042806, 03, BAMS, 108, 183N,  356W,   0,    0,   ,   0,    ,    0,    0,    0,    0, 
AL, 84, 2014042806, 03, BAMS, 120, 172N,  363W,   0,    0,   ,   0,    ,    0,    0,    0,    0, 
AL, 84, 2014042806, 03, BAMS, 132, 162N,  375W,   0,    0,   ,   0,    ,    0,    0,    0,    0, 
AL, 84, 2014042806, 03, BAMS, 144, 153N,  389W,   0,    0,   ,   0,    ,    0,    0,    0,    0, 
AL, 84, 2014042806, 03, BAMS, 156, 147N,  404W,   0,    0,   ,   0,    ,    0,    0,    0,    0, 
AL, 84, 2014042806, 03, BAMS, 168, 146N,  416W,   0,    0,   ,   0,    ,    0,    0,    0,    0, 
AL, 84, 2014042806, 03, CLIP,  12, 203N,  409W,   0,    0,   ,   0,    ,    0,    0,    0,    0, 
AL, 84, 2014042806, 03, CLIP,  24, 207N,  421W,   0,    0,   ,   0,    ,    0,    0,    0,    0, 
AL, 84, 2014042806, 03, CLIP,  36, 212N,  433W,   0,    0,   ,   0,    ,    0,    0,    0,    0, 
AL, 84, 2014042806, 03, CLIP,  48, 219N,  446W,   0,    0,   ,   0,    ,    0,    0,    0,    0, 
AL, 84, 2014042806, 03, CLIP,  72, 233N,  468W,   0,    0,   ,   0,    ,    0,    0,    0,    0, 
AL, 84, 2014042806, 03, CLP5,  12, 204N,  410W,   0,    0,   ,   0,    ,    0,    0,    0,    0, 
AL, 84, 2014042806, 03, CLP5,  24, 210N,  421W,   0,    0,   ,   0,    ,    0,    0,    0,    0, 
AL, 84, 2014042806, 03, CLP5,  36, 219N,  434W,   0,    0,   ,   0,    ,    0,    0,    0,    0, 
AL, 84, 2014042806, 03, CLP5,  48, 227N,  450W,   0,    0,   ,   0,    ,    0,    0,    0,    0, 
AL, 84, 2014042806, 03, CLP5,  60, 239N,  464W,   0,    0,   ,   0,    ,    0,    0,    0,    0, 
AL, 84, 2014042806, 03, CLP5,  72, 253N,  477W,   0,    0,   ,   0,    ,    0,    0,    0,    0, 
AL, 84, 2014042806, 03, CLP5,  84, 268N,  488W,   0,    0,   ,   0,    ,    0,    0,    0,    0, 
AL, 84, 2014042806, 03, CLP5,  96, 280N,  495W,   0,    0,   ,   0,    ,    0,    0,    0,    0, 
AL, 84, 2014042806, 03, CLP5, 108, 293N,  499W,   0,    0,   ,   0,    ,    0,    0,    0,    0, 
AL, 84, 2014042806, 03, CLP5, 120, 309N,  501W,   0,    0,   ,   0,    ,    0,    0,    0,    0, 
AL, 84, 2014042806, 03, LBAR,   0, 200N,  400W,  30,    0,   ,   0,    ,    0,    0,    0,    0, 
AL, 84, 2014042806, 03, LBAR,  12, 208N,  384W,   0,    0,   ,   0,    ,    0,    0,    0,    0, 
AL, 84, 2014042806, 03, LBAR,  24, 217N,  368W,   0,    0,   ,   0,    ,    0,    0,    0,    0, 
AL, 84, 2014042806, 03, LBAR,  36, 224N,  353W,   0,    0,   ,   0,    ,    0,    0,    0,    0, 
AL, 84, 2014042806, 03, LBAR,  48, 230N,  337W,   0,    0,   ,   0,    ,    0,    0,    0,    0, 
AL, 84, 2014042806, 03, LBAR,  60, 239N,  319W,   0,    0,   ,   0,    ,    0,    0,    0,    0, 
AL, 84, 2014042806, 03, LBAR,  72, 247N,  301W,   0,    0,   ,   0,    ,    0,    0,    0,    0, 
AL, 84, 2014042806, 03, LBAR,  84, 264N,  294W,   0,    0,   ,   0,    ,    0,    0,    0,    0, 
AL, 84, 2014042806, 03, LBAR,  96, 263N,  278W,   0,    0,   ,   0,    ,    0,    0,    0,    0, 
AL, 84, 2014042806, 03, LBAR, 108, 244N,  252W,   0,    0,   ,   0,    ,    0,    0,    0,    0, 
AL, 84, 2014042806, 03, LBAR, 120, 221N,  228W,   0,    0,   ,   0,    ,    0,    0,    0,    0, 
AL, 84, 2014042806, 03, OCD5,   0, 200N,  400W,  30,    0,   ,   0,    ,    0,    0,    0,    0, 
AL, 84, 2014042806, 03, OCD5,  12, 204N,  410W,  26,    0,   ,   0,    ,    0,    0,    0,    0, 
AL, 84, 2014042806, 03, OCD5,  24, 210N,  421W,  20,    0,   ,   0,    ,    0,    0,    0,    0, 
AL, 84, 2014042806, 03, OCD5,  36, 219N,  434W,  13,    0,   ,   0,    ,    0,    0,    0,    0, 
AL, 84, 2014042806, 03, OCD5,  48, 227N,  450W,   9,    0,   ,   0,    ,    0,    0,    0,    0, 
AL, 84, 2014042806, 03, OCD5,  60, 239N,  464W,   6,    0,   ,   0,    ,    0,    0,    0,    0, 
AL, 84, 2014042806, 03, OCD5,  72, 253N,  477W,   6,    0,   ,   0,    ,    0,    0,    0,    0, 
AL, 84, 2014042806, 03, OCD5,  84, 268N,  488W,  17,    0,   ,   0,    ,    0,    0,    0,    0, 
AL, 84, 2014042806, 03, OCD5,  96, 280N,  495W,  13,    0,   ,   0,    ,    0,    0,    0,    0, 
AL, 84, 2014042806, 03, OCD5, 108, 293N,  499W,   9,    0,   ,   0,    ,    0,    0,    0,    0, 
AL, 84, 2014042806, 03, OCD5, 120, 309N,  501W,   5,    0,   ,   0,    ,    0,    0,    0,    0, 
AL, 84, 2014042806, 03, SHF5,   0,   0N,    0W,  30,    0,   ,   0,    ,    0,    0,    0,    0, 
AL, 84, 2014042806, 03, SHF5,  12,   0N,    0W,  26,    0,   ,   0,    ,    0,    0,    0,    0, 
AL, 84, 2014042806, 03, SHF5,  24,   0N,    0W,  20,    0,   ,   0,    ,    0,    0,    0,    0, 
AL, 84, 2014042806, 03, SHF5,  36,   0N,    0W,  13,    0,   ,   0,    ,    0,    0,    0,    0, 
AL, 84, 2014042806, 03, SHF5,  48,   0N,    0W,   9,    0,   ,   0,    ,    0,    0,    0,    0, 
AL, 84, 2014042806, 03, SHF5,  60,   0N,    0W,   6,    0,   ,   0,    ,    0,    0,    0,    0, 
AL, 84, 2014042806, 03, SHF5,  72,   0N,    0W,   6,    0,   ,   0,    ,    0,    0,    0,    0, 
AL, 84, 2014042806, 03, SHF5,  84,   0N,    0W,  17,    0,   ,   0,    ,    0,    0,    0,    0, 
AL, 84, 2014042806, 03, SHF5,  96,   0N,    0W,  13,    0,   ,   0,    ,    0,    0,    0,    0, 
AL, 84, 2014042806, 03, SHF5, 108,   0N,    0W,   9,    0,   ,   0,    ,    0,    0,    0,    0, 
AL, 84, 2014042806, 03, SHF5, 120,   0N,    0W,   5,    0,   ,   0,    ,    0,    0,    0,    0, 
AL, 84, 2014042806, 03, SHFR,  12,   0N,    0W,  31,    0,   ,   0,    ,    0,    0,    0,    0, 
AL, 84, 2014042806, 03, SHFR,  24,   0N,    0W,  32,    0,   ,   0,    ,    0,    0,    0,    0, 
AL, 84, 2014042806, 03, SHFR,  36,   0N,    0W,  33,    0,   ,   0,    ,    0,    0,    0,    0, 
AL, 84, 2014042806, 03, SHFR,  48,   0N,    0W,  36,    0,   ,   0,    ,    0,    0,    0,    0, 
AL, 84, 2014042806, 03, SHFR,  60,   0N,    0W,  38,    0,   ,   0,    ,    0,    0,    0,    0, 
AL, 84, 2014042806, 03, SHFR,  72,   0N,    0W,  40,    0,   ,   0,    ,    0,    0,    0,    0, 
AL, 84, 2014042806, 03, XTRP,   0, 200N,  400W,   0,    0,   ,   0,    ,    0,    0,    0,    0, 
AL, 84, 2014042806, 03, XTRP,  12, 202N,  407W,   0,    0,   ,   0,    ,    0,    0,    0,    0, 
AL, 84, 2014042806, 03, XTRP,  24, 204N,  415W,   0,    0,   ,   0,    ,    0,    0,    0,    0, 
AL, 84, 2014042806, 03, XTRP,  36, 206N,  423W,   0,    0,   ,   0,    ,    0,    0,    0,    0, 
AL, 84, 2014042806, 03, XTRP,  48, 208N,  431W,   0,    0,   ,   0,    ,    0,    0,    0,    0, 
AL, 84, 2014042806, 03, XTRP,  60, 210N,  439W,   0,    0,   ,   0,    ,    0,    0,    0,    0, 
AL, 84, 2014042806, 03, XTRP,  72, 212N,  447W,   0,    0,   ,   0,    ,    0,    0,    0,    0, 
AL, 84, 2014042806, 03, XTRP,  84, 214N,  455W,   0,    0,   ,   0,    ,    0,    0,    0,    0, 
AL, 84, 2014042806, 03, XTRP,  96, 216N,  463W,   0,    0,   ,   0,    ,    0,    0,    0,    0, 
AL, 84, 2014042806, 03, XTRP, 108, 218N,  471W,   0,    0,   ,   0,    ,    0,    0,    0,    0, 
AL, 84, 2014042806, 03, XTRP, 120, 220N,  480W,   0,    0,   ,   0,    ,    0,    0,    0,    0, 
AL, 84, 2014042806, 03, XTRP, 132, 222N,  488W,   0,    0,   ,   0,    ,    0,    0,    0,    0, 
AL, 84, 2014042806, 03, XTRP, 144, 224N,  496W,   0,    0,   ,   0,    ,    0,    0,    0,    0, 
AL, 84, 2014042806, 03, XTRP, 156, 226N,  504W,   0,    0,   ,   0,    ,    0,    0,    0,    0, 
AL, 84, 2014042806, 03, XTRP, 168, 228N,  512W,   0,    0,   ,   0,    ,    0,    0,    0,    0, 
AL, 84, 2014050712, 01, CARQ, -24, 231N,  903W, 125,    0, HU,  34, AAA,    0,    0,    0,    0,    0,    0,   0,   0,   0,   L,   0,   X,   0,   0,       TEST,  , 
AL, 84, 2014050712, 01, CARQ, -18, 239N,  900W, 125,    0, HU,  34, AAA,    0,    0,    0,    0,    0,    0,   0,   0,   0,   L,   0,   X,   0,   0,       TEST,  , 
AL, 84, 2014050712, 01, CARQ, -12, 243N,  900W, 125,    0, HU,  34, AAA,    0,    0,    0,    0,    0,    0,   0,   0,   0,   L,   0,   X,   6,   4,       TEST,  , 
AL, 84, 2014050712, 01, CARQ,  -6, 247N,  899W, 120,    0, HU,  34, AAA,    0,    0,    0,    0,    0,    0,   0,   0,   0,   L,   0,   X,   0,   0,       TEST,  , 
AL, 84, 2014050712, 01, CARQ,   0, 251N,  897W, 120,  953, HU,  34, NEQ,  180,  180,  120,  160, 1012,  240,   0,   0,   0,   L,   0,   X,  15,   5,       TEST, D, 
AL, 84, 2014050712, 01, CARQ,   0, 251N,  897W, 120,  953, HU,  50, NEQ,  110,  110,   80,   90, 1012,  240,   0,   0,   0,   L,   0,   X,  15,   5,       TEST, D, 
AL, 84, 2014050712, 01, CARQ,   0, 251N,  897W, 120,  953, HU,  64, NEQ,   50,   50,   40,   50, 1012,  240,   0,   0,   0,   L,   0,   X,  15,   5,       TEST, D, 
AL, 84, 2014050712, 03, BAMD,  12, 234N,  857W,   0,    0,   ,   0,    ,    0,    0,    0,    0, 
AL, 84, 2014050712, 03, BAMD,  24, 212N,  837W,   0,    0,   ,   0,    ,    0,    0,    0,    0, 
AL, 84, 2014050712, 03, BAMD,  36, 191N,  832W,   0,    0,   ,   0,    ,    0,    0,    0,    0, 
AL, 84, 2014050712, 03, BAMD,  48, 172N,  835W,   0,    0,   ,   0,    ,    0,    0,    0,    0, 
AL, 84, 2014050712, 03, BAMD,  60, 155N,  844W,   0,    0,   ,   0,    ,    0,    0,    0,    0, 
AL, 84, 2014050712, 03, BAMD,  72, 143N,  855W,   0,    0,   ,   0,    ,    0,    0,    0,    0, 
AL, 84, 2014050712, 03, BAMD,  84, 136N,  864W,   0,    0,   ,   0,    ,    0,    0,    0,    0, 
AL, 84, 2014050712, 03, BAMD,  96, 131N,  872W,   0,    0,   ,   0,    ,    0,    0,    0,    0, 
AL, 84, 2014050712, 03, BAMD, 108, 126N,  881W,   0,    0,   ,   0,    ,    0,    0,    0,    0, 
AL, 84, 2014050712, 03, BAMD, 120, 121N,  890W,   0,    0,   ,   0,    ,    0,    0,    0,    0, 
AL, 84, 2014050712, 03, BAMD, 132, 116N,  899W,   0,    0,   ,   0,    ,    0,    0,    0,    0, 
AL, 84, 2014050712, 03, BAMD, 144, 112N,  911W,   0,    0,   ,   0,    ,    0,    0,    0,    0, 
AL, 84, 2014050712, 03, BAMD, 156, 112N,  928W,   0,    0,   ,   0,    ,    0,    0,    0,    0, 
AL, 84, 2014050712, 03, BAMD, 168, 112N,  948W,   0,    0,   ,   0,    ,    0,    0,    0,    0, 
AL, 84, 2014050712, 03, BAMM,  12, 251N,  895W,   0,    0,   ,   0,    ,    0,    0,    0,    0, 
AL, 84, 2014050712, 03, BAMM,  24, 261N,  905W,   0,    0,   ,   0,    ,    0,    0,    0,    0, 
AL, 84, 2014050712, 03, BAMM,  36, 290N,  912W,   0,    0,   ,   0,    ,    0,    0,    0,    0, 
AL, 84, 2014050712, 03, BAMM,  48, 328N,  891W,   0,    0,   ,   0,    ,    0,    0,    0,    0, 
AL, 84, 2014050712, 03, BAMM,  60, 369N,  854W,   0,    0,   ,   0,    ,    0,    0,    0,    0, 
AL, 84, 2014050712, 03, BAMM,  72, 408N,  803W,   0,    0,   ,   0,    ,    0,    0,    0,    0, 
AL, 84, 2014050712, 03, BAMM,  84, 440N,  735W,   0,    0,   ,   0,    ,    0,    0,    0,    0, 
AL, 84, 2014050712, 03, BAMM,  96, 463N,  657W,   0,    0,   ,   0,    ,    0,    0,    0,    0, 
AL, 84, 2014050712, 03, BAMM, 108, 478N,  583W,   0,    0,   ,   0,    ,    0,    0,    0,    0, 
AL, 84, 2014050712, 03, BAMM, 120, 487N,  529W,   0,    0,   ,   0,    ,    0,    0,    0,    0, 
AL, 84, 2014050712, 03, BAMM, 132, 492N,  495W,   0,    0,   ,   0,    ,    0,    0,    0,    0, 
AL, 84, 2014050712, 03, BAMM, 144, 492N,  474W,   0,    0,   ,   0,    ,    0,    0,    0,    0, 
AL, 84, 2014050712, 03, BAMM, 156, 488N,  460W,   0,    0,   ,   0,    ,    0,    0,    0,    0, 
AL, 84, 2014050712, 03, BAMM, 168, 477N,  459W,   0,    0,   ,   0,    ,    0,    0,    0,    0, 
AL, 84, 2014050712, 03, BAMS,  12, 264N,  909W,   0,    0,   ,   0,    ,    0,    0,    0,    0, 
AL, 84, 2014050712, 03, BAMS,  24, 292N,  923W,   0,    0,   ,   0,    ,    0,    0,    0,    0, 
AL, 84, 2014050712, 03, BAMS,  36, 330N,  922W,   0,    0,   ,   0,    ,    0,    0,    0,    0, 
AL, 84, 2014050712, 03, BAMS,  48, 371N,  893W,   0,    0,   ,   0,    ,    0,    0,    0,    0, 
AL, 84, 2014050712, 03, BAMS,  60, 406N,  847W,   0,    0,   ,   0,    ,    0,    0,    0,    0, 
AL, 84, 2014050712, 03, BAMS,  72, 434N,  793W,   0,    0,   ,   0,    ,    0,    0,    0,    0, 
AL, 84, 2014050712, 03, BAMS,  84, 452N,  732W,   0,    0,   ,   0,    ,    0,    0,    0,    0, 
AL, 84, 2014050712, 03, BAMS,  96, 462N,  671W,   0,    0,   ,   0,    ,    0,    0,    0,    0, 
AL, 84, 2014050712, 03, BAMS, 108, 468N,  618W,   0,    0,   ,   0,    ,    0,    0,    0,    0, 
AL, 84, 2014050712, 03, BAMS, 120, 470N,  578W,   0,    0,   ,   0,    ,    0,    0,    0,    0, 
AL, 84, 2014050712, 03, BAMS, 132, 467N,  548W,   0,    0,   ,   0,    ,    0,    0,    0,    0, 
AL, 84, 2014050712, 03, BAMS, 144, 456N,  523W,   0,    0,   ,   0,    ,    0,    0,    0,    0, 
AL, 84, 2014050712, 03, BAMS, 156, 438N,  501W,   0,    0,   ,   0,    ,    0,    0,    0,    0, 
AL, 84, 2014050712, 03, BAMS, 168, 409N,  474W,   0,    0,   ,   0,    ,    0,    0,    0,    0, 
AL, 84, 2014050712, 03, CLIP,  12, 261N,  893W,   0,    0,   ,   0,    ,    0,    0,    0,    0, 
AL, 84, 2014050712, 03, CLIP,  24, 274N,  886W,   0,    0,   ,   0,    ,    0,    0,    0,    0, 
AL, 84, 2014050712, 03, CLIP,  36, 289N,  877W,   0,    0,   ,   0,    ,    0,    0,    0,    0, 
AL, 84, 2014050712, 03, CLIP,  48, 304N,  863W,   0,    0,   ,   0,    ,    0,    0,    0,    0, 
AL, 84, 2014050712, 03, CLIP,  72, 328N,  827W,   0,    0,   ,   0,    ,    0,    0,    0,    0, 
AL, 84, 2014050712, 03, CLP5,  12, 262N,  900W,   0,    0,   ,   0,    ,    0,    0,    0,    0, 
AL, 84, 2014050712, 03, CLP5,  24, 275N,  905W,   0,    0,   ,   0,    ,    0,    0,    0,    0, 
AL, 84, 2014050712, 03, CLP5,  36, 288N,  911W,   0,    0,   ,   0,    ,    0,    0,    0,    0, 
AL, 84, 2014050712, 03, CLP5,  48, 303N,  926W,   0,    0,   ,   0,    ,    0,    0,    0,    0, 
AL, 84, 2014050712, 03, CLP5,  60, 316N,  947W,   0,    0,   ,   0,    ,    0,    0,    0,    0, 
AL, 84, 2014050712, 03, CLP5,  72, 329N,  960W,   0,    0,   ,   0,    ,    0,    0,    0,    0, 
AL, 84, 2014050712, 03, CLP5,  84, 343N,  974W,   0,    0,   ,   0,    ,    0,    0,    0,    0, 
AL, 84, 2014050712, 03, CLP5,  96, 355N,  953W,   0,    0,   ,   0,    ,    0,    0,    0,    0, 
AL, 84, 2014050712, 03, CLP5, 108, 366N,  943W,   0,    0,   ,   0,    ,    0,    0,    0,    0, 
AL, 84, 2014050712, 03, CLP5, 120, 380N,  929W,   0,    0,   ,   0,    ,    0,    0,    0,    0, 
AL, 84, 2014050712, 03, DSHP,   0, 251N,  897W, 120,    0, HU,   0,    ,    0,    0,    0,    0, 
AL, 84, 2014050712, 03, DSHP,  12, 251N,  895W,  60,    0, TS,   0,    ,    0,    0,    0,    0, 
AL, 84, 2014050712, 03, LBAR,   0, 251N,  897W, 120,    0,   ,   0,    ,    0,    0,    0,    0, 
AL, 84, 2014050712, 03, LBAR,  12, 255N,  879W,   0,    0,   ,   0,    ,    0,    0,    0,    0, 
AL, 84, 2014050712, 03, LBAR,  24, 250N,  870W,   0,    0,   ,   0,    ,    0,    0,    0,    0, 
AL, 84, 2014050712, 03, LBAR,  36, 239N,  866W,   0,    0,   ,   0,    ,    0,    0,    0,    0, 
AL, 84, 2014050712, 03, LBAR,  48, 227N,  867W,   0,    0,   ,   0,    ,    0,    0,    0,    0, 
AL, 84, 2014050712, 03, LBAR,  60, 211N,  869W,   0,    0,   ,   0,    ,    0,    0,    0,    0, 
AL, 84, 2014050712, 03, LBAR,  72, 195N,  869W,   0,    0,   ,   0,    ,    0,    0,    0,    0, 
AL, 84, 2014050712, 03, LBAR,  84, 186N,  863W,   0,    0,   ,   0,    ,    0,    0,    0,    0, 
AL, 84, 2014050712, 03, LBAR,  96, 180N,  858W,   0,    0,   ,   0,    ,    0,    0,    0,    0, 
AL, 84, 2014050712, 03, LBAR, 108, 177N,  854W,   0,    0,   ,   0,    ,    0,    0,    0,    0, 
AL, 84, 2014050712, 03, LBAR, 120, 183N,  851W,   0,    0,   ,   0,    ,    0,    0,    0,    0, 
AL, 84, 2014050712, 03, LGEM,   0, 251N,  897W, 120,    0, HU,   0,    ,    0,    0,    0,    0, 
AL, 84, 2014050712, 03, LGEM,  12, 251N,  895W,  85,    0, HU,   0,    ,    0,    0,    0,    0, 
AL, 84, 2014050712, 03, LGEM,  24, 261N,  905W,  60,    0, TS,   0,    ,    0,    0,    0,    0, 
AL, 84, 2014050712, 03, LGEM,  36, 290N,  912W,  44,    0, TS,   0,    ,    0,    0,    0,    0, 
AL, 84, 2014050712, 03, LGEM,  48, 328N,  891W,  31,    0, EX,   0,    ,    0,    0,    0,    0, 
AL, 84, 2014050712, 03, LGEM,  60, 369N,  854W,  28,    0, EX,   0,    ,    0,    0,    0,    0, 
AL, 84, 2014050712, 03, LGEM,  72, 408N,  803W,  29,    0, EX,   0,    ,    0,    0,    0,    0, 
AL, 84, 2014050712, 03, LGEM,  84, 440N,  735W,  30,    0, EX,   0,    ,    0,    0,    0,    0, 
AL, 84, 2014050712, 03, LGEM,  96, 463N,  657W,  30,    0, EX,   0,    ,    0,    0,    0,    0, 
AL, 84, 2014050712, 03, LGEM, 108, 478N,  583W,  35,    0, EX,   0,    ,    0,    0,    0,    0, 
AL, 84, 2014050712, 03, LGEM, 120, 487N,  529W,  36,    0, EX,   0,    ,    0,    0,    0,    0, 
AL, 84, 2014050712, 03, OCD5,   0, 251N,  897W, 120,    0,   ,   0,    ,    0,    0,    0,    0, 
AL, 84, 2014050712, 03, OCD5,  12, 262N,  900W, 109,    0,   ,   0,    ,    0,    0,    0,    0, 
AL, 84, 2014050712, 03, OCD5,  24, 275N,  905W,  97,    0,   ,   0,    ,    0,    0,    0,    0, 
AL, 84, 2014050712, 03, OCD5,  36, 288N,  911W,  84,    0,   ,   0,    ,    0,    0,    0,    0, 
AL, 84, 2014050712, 03, OCD5,  48, 303N,  926W,  57,    0,   ,   0,    ,    0,    0,    0,    0, 
AL, 84, 2014050712, 03, OCD5,  60, 316N,  947W,  37,    0,   ,   0,    ,    0,    0,    0,    0, 
AL, 84, 2014050712, 03, OCD5,  72, 329N,  960W,  30,    0,   ,   0,    ,    0,    0,    0,    0, 
AL, 84, 2014050712, 03, OCD5,  84, 343N,  974W,  28,    0,   ,   0,    ,    0,    0,    0,    0, 
AL, 84, 2014050712, 03, OCD5,  96, 355N,  953W,  27,    0,   ,   0,    ,    0,    0,    0,    0, 
AL, 84, 2014050712, 03, OCD5, 108, 366N,  943W,  27,    0,   ,   0,    ,    0,    0,    0,    0, 
AL, 84, 2014050712, 03, SHF5,   0,   0N,    0W, 120,    0,   ,   0,    ,    0,    0,    0,    0, 
AL, 84, 2014050712, 03, SHF5,  12,   0N,    0W, 109,    0,   ,   0,    ,    0,    0,    0,    0, 
AL, 84, 2014050712, 03, SHF5,  24,   0N,    0W,  97,    0,   ,   0,    ,    0,    0,    0,    0, 
AL, 84, 2014050712, 03, SHF5,  36,   0N,    0W,  84,    0,   ,   0,    ,    0,    0,    0,    0, 
AL, 84, 2014050712, 03, SHF5,  48,   0N,    0W,  70,    0,   ,   0,    ,    0,    0,    0,    0, 
AL, 84, 2014050712, 03, SHF5,  60,   0N,    0W,  57,    0,   ,   0,    ,    0,    0,    0,    0, 
AL, 84, 2014050712, 03, SHF5,  72,   0N,    0W,  47,    0,   ,   0,    ,    0,    0,    0,    0, 
AL, 84, 2014050712, 03, SHF5,  84,   0N,    0W,  38,    0,   ,   0,    ,    0,    0,    0,    0, 
AL, 84, 2014050712, 03, SHF5,  96,   0N,    0W,  31,    0,   ,   0,    ,    0,    0,    0,    0, 
AL, 84, 2014050712, 03, SHF5, 108,   0N,    0W,  15,    0,   ,   0,    ,    0,    0,    0,    0, 
AL, 84, 2014050712, 03, SHFR,  12,   0N,    0W, 114,    0,   ,   0,    ,    0,    0,    0,    0, 
AL, 84, 2014050712, 03, SHFR,  24,   0N,    0W, 112,    0,   ,   0,    ,    0,    0,    0,    0, 
AL, 84, 2014050712, 03, SHFR,  36,   0N,    0W, 110,    0,   ,   0,    ,    0,    0,    0,    0, 
AL, 84, 2014050712, 03, SHFR,  48,   0N,    0W, 111,    0,   ,   0,    ,    0,    0,    0,    0, 
AL, 84, 2014050712, 03, SHFR,  60,   0N,    0W, 107,    0,   ,   0,    ,    0,    0,    0,    0, 
AL, 84, 2014050712, 03, SHFR,  72,   0N,    0W, 102,    0,   ,   0,    ,    0,    0,    0,    0, 
AL, 84, 2014050712, 03, SHIP,   0, 251N,  897W, 120,    0, HU,   0,    ,    0,    0,    0,    0, 
AL, 84, 2014050712, 03, SHIP,  12, 251N,  895W,  60,    0, TS,   0,    ,    0,    0,    0,    0, 
AL, 84, 2014050712, 03, XTRP,   0, 251N,  897W,   0,    0,   ,   0,    ,    0,    0,    0,    0, 
AL, 84, 2014050712, 03, XTRP,  12, 259N,  893W,   0,    0,   ,   0,    ,    0,    0,    0,    0, 
AL, 84, 2014050712, 03, XTRP,  24, 267N,  890W,   0,    0,   ,   0,    ,    0,    0,    0,    0, 
AL, 84, 2014050712, 03, XTRP,  36, 275N,  887W,   0,    0,   ,   0,    ,    0,    0,    0,    0, 
AL, 84, 2014050712, 03, XTRP,  48, 283N,  884W,   0,    0,   ,   0,    ,    0,    0,    0,    0, 
AL, 84, 2014050712, 03, XTRP,  60, 291N,  881W,   0,    0,   ,   0,    ,    0,    0,    0,    0, 
AL, 84, 2014050712, 03, XTRP,  72, 299N,  877W,   0,    0,   ,   0,    ,    0,    0,    0,    0, 
AL, 84, 2014050712, 03, XTRP,  84, 307N,  874W,   0,    0,   ,   0,    ,    0,    0,    0,    0, 
AL, 84, 2014050712, 03, XTRP,  96, 315N,  871W,   0,    0,   ,   0,    ,    0,    0,    0,    0, 
AL, 84, 2014050712, 03, XTRP, 108, 323N,  868W,   0,    0,   ,   0,    ,    0,    0,    0,    0, 
AL, 84, 2014050712, 03, XTRP, 120, 331N,  864W,   0,    0,   ,   0,    ,    0,    0,    0,    0, 
AL, 84, 2014050712, 03, XTRP, 132, 339N,  861W,   0,    0,   ,   0,    ,    0,    0,    0,    0, 
AL, 84, 2014050712, 03, XTRP, 144, 347N,  858W,   0,    0,   ,   0,    ,    0,    0,    0,    0, 
AL, 84, 2014050712, 03, XTRP, 156, 355N,  854W,   0,    0,   ,   0,    ,    0,    0,    0,    0, 
AL, 84, 2014050712, 03, XTRP, 168, 363N,  851W,   0,    0,   ,   0,    ,    0,    0,    0,    0, 
AL, 84, 2014051312, 01, CARQ, -24, 150N,  570W,  25,    0, TD,  34, AAA,    0,    0,    0,    0,    0,    0,   0,   0,   0,   L,   0,   X,   0,   0,    TESTTWO,  , 
AL, 84, 2014051312, 01, CARQ, -18, 150N,  578W,  25,    0, TD,  34, AAA,    0,    0,    0,    0,    0,    0,   0,   0,   0,   L,   0,   X,   0,   0,    TESTTWO,  , 
AL, 84, 2014051312, 01, CARQ, -12, 150N,  585W,  25,    0, TD,  34, AAA,    0,    0,    0,    0,    0,    0,   0,   0,   0,   L,   0,   X, 270,   7,    TESTTWO,  , 
AL, 84, 2014051312, 01, CARQ,  -6, 150N,  593W,  25,    0, TD,  34, AAA,    0,    0,    0,    0,    0,    0,   0,   0,   0,   L,   0,   X,   0,   0,    TESTTWO,  , 
AL, 84, 2014051312, 01, CARQ,   0, 150N,  600W,  25, 1009, TD,  34, NEQ,    0,    0,    0,    0, 1010,  150,   0,   0,   0,   L,   0,   X, 270,   7,    TESTTWO, S, 
AL, 84, 2014051312, 01, CARQ,   0, 150N,  600W,  25, 1009, TD,  50, NEQ,    0,    0,    0,    0, 1010,  150,   0,   0,   0,   L,   0,   X, 270,   7,    TESTTWO, S, 
AL, 84, 2014051312, 01, CARQ,   0, 150N,  600W,  25, 1009, TD,  64, NEQ,    0,    0,    0,    0, 1010,  150,   0,   0,   0,   L,   0,   X, 270,   7,    TESTTWO, S, 
AL, 84, 2014051312, 03, BAMD,  12, 171N,  589W,   0,    0,   ,   0,    ,    0,    0,    0,    0, 
AL, 84, 2014051312, 03, BAMD,  24, 186N,  563W,   0,    0,   ,   0,    ,    0,    0,    0,    0, 
AL, 84, 2014051312, 03, BAMD,  36, 198N,  523W,   0,    0,   ,   0,    ,    0,    0,    0,    0, 
AL, 84, 2014051312, 03, BAMD,  48, 210N,  463W,   0,    0,   ,   0,    ,    0,    0,    0,    0, 
AL, 84, 2014051312, 03, BAMD,  60, 235N,  380W,   0,    0,   ,   0,    ,    0,    0,    0,    0, 
AL, 84, 2014051312, 03, BAMD,  72, 263N,  306W,   0,    0,   ,   0,    ,    0,    0,    0,    0, 
AL, 84, 2014051312, 03, BAMD,  84, 261N,  257W,   0,    0,   ,   0,    ,    0,    0,    0,    0, 
AL, 84, 2014051312, 03, BAMD,  96, 238N,  229W,   0,    0,   ,   0,    ,    0,    0,    0,    0, 
AL, 84, 2014051312, 03, BAMD, 108, 212N,  209W,   0,    0,   ,   0,    ,    0,    0,    0,    0, 
AL, 84, 2014051312, 03, BAMD, 120, 194N,  185W,   0,    0,   ,   0,    ,    0,    0,    0,    0, 
AL, 84, 2014051312, 03, BAMD, 132, 193N,  149W,   0,    0,   ,   0,    ,    0,    0,    0,    0, 
AL, 84, 2014051312, 03, BAMD, 144, 211N,  101W,   0,    0,   ,   0,    ,    0,    0,    0,    0, 
AL, 84, 2014051312, 03, BAMD, 156, 239N,   37W,   0,    0,   ,   0,    ,    0,    0,    0,    0, 
AL, 84, 2014051312, 03, BAMD, 168, 269N,   40E,   0,    0,   ,   0,    ,    0,    0,    0,    0, 
AL, 84, 2014051312, 03, BAMM,  12, 158N,  615W,   0,    0,   ,   0,    ,    0,    0,    0,    0, 
AL, 84, 2014051312, 03, BAMM,  24, 164N,  627W,   0,    0,   ,   0,    ,    0,    0,    0,    0, 
AL, 84, 2014051312, 03, BAMM,  36, 169N,  638W,   0,    0,   ,   0,    ,    0,    0,    0,    0, 
AL, 84, 2014051312, 03, BAMM,  48, 173N,  647W,   0,    0,   ,   0,    ,    0,    0,    0,    0, 
AL, 84, 2014051312, 03, BAMM,  60, 174N,  655W,   0,    0,   ,   0,    ,    0,    0,    0,    0, 
AL, 84, 2014051312, 03, BAMM,  72, 173N,  662W,   0,    0,   ,   0,    ,    0,    0,    0,    0, 
AL, 84, 2014051312, 03, BAMM,  84, 171N,  668W,   0,    0,   ,   0,    ,    0,    0,    0,    0, 
AL, 84, 2014051312, 03, BAMM,  96, 168N,  674W,   0,    0,   ,   0,    ,    0,    0,    0,    0, 
AL, 84, 2014051312, 03, BAMM, 108, 166N,  681W,   0,    0,   ,   0,    ,    0,    0,    0,    0, 
AL, 84, 2014051312, 03, BAMM, 120, 168N,  687W,   0,    0,   ,   0,    ,    0,    0,    0,    0, 
AL, 84, 2014051312, 03, BAMM, 132, 173N,  694W,   0,    0,   ,   0,    ,    0,    0,    0,    0, 
AL, 84, 2014051312, 03, BAMM, 144, 182N,  699W,   0,    0,   ,   0,    ,    0,    0,    0,    0, 
AL, 84, 2014051312, 03, BAMM, 156, 194N,  699W,   0,    0,   ,   0,    ,    0,    0,    0,    0, 
AL, 84, 2014051312, 03, BAMM, 168, 210N,  689W,   0,    0,   ,   0,    ,    0,    0,    0,    0, 
AL, 84, 2014051312, 03, BAMS,  12, 151N,  631W,   0,    0,   ,   0,    ,    0,    0,    0,    0, 
AL, 84, 2014051312, 03, BAMS,  24, 157N,  663W,   0,    0,   ,   0,    ,    0,    0,    0,    0, 
AL, 84, 2014051312, 03, BAMS,  36, 166N,  692W,   0,    0,   ,   0,    ,    0,    0,    0,    0, 
AL, 84, 2014051312, 03, BAMS,  48, 173N,  720W,   0,    0,   ,   0,    ,    0,    0,    0,    0, 
AL, 84, 2014051312, 03, BAMS,  60, 181N,  743W,   0,    0,   ,   0,    ,    0,    0,    0,    0, 
AL, 84, 2014051312, 03, BAMS,  72, 185N,  762W,   0,    0,   ,   0,    ,    0,    0,    0,    0, 
AL, 84, 2014051312, 03, BAMS,  84, 188N,  777W,   0,    0,   ,   0,    ,    0,    0,    0,    0, 
AL, 84, 2014051312, 03, BAMS,  96, 188N,  790W,   0,    0,   ,   0,    ,    0,    0,    0,    0, 
AL, 84, 2014051312, 03, BAMS, 108, 188N,  800W,   0,    0,   ,   0,    ,    0,    0,    0,    0, 
AL, 84, 2014051312, 03, BAMS, 120, 186N,  812W,   0,    0,   ,   0,    ,    0,    0,    0,    0, 
AL, 84, 2014051312, 03, BAMS, 132, 184N,  824W,   0,    0,   ,   0,    ,    0,    0,    0,    0, 
AL, 84, 2014051312, 03, BAMS, 144, 183N,  837W,   0,    0,   ,   0,    ,    0,    0,    0,    0, 
AL, 84, 2014051312, 03, BAMS, 156, 182N,  853W,   0,    0,   ,   0,    ,    0,    0,    0,    0, 
AL, 84, 2014051312, 03, BAMS, 168, 184N,  873W,   0,    0,   ,   0,    ,    0,    0,    0,    0, 
AL, 84, 2014051312, 03, CLIP,  12, 151N,  615W,   0,    0,   ,   0,    ,    0,    0,    0,    0, 
AL, 84, 2014051312, 03, CLIP,  24, 155N,  633W,   0,    0,   ,   0,    ,    0,    0,    0,    0, 
AL, 84, 2014051312, 03, CLIP,  36, 161N,  652W,   0,    0,   ,   0,    ,    0,    0,    0,    0, 
AL, 84, 2014051312, 03, CLIP,  48, 169N,  671W,   0,    0,   ,   0,    ,    0,    0,    0,    0, 
AL, 84, 2014051312, 03, CLIP,  72, 189N,  706W,   0,    0,   ,   0,    ,    0,    0,    0,    0, 
AL, 84, 2014051312, 03, CLP5,  12, 152N,  617W,   0,    0,   ,   0,    ,    0,    0,    0,    0, 
AL, 84, 2014051312, 03, CLP5,  24, 156N,  633W,   0,    0,   ,   0,    ,    0,    0,    0,    0, 
AL, 84, 2014051312, 03, CLP5,  36, 162N,  652W,   0,    0,   ,   0,    ,    0,    0,    0,    0, 
AL, 84, 2014051312, 03, CLP5,  48, 169N,  676W,   0,    0,   ,   0,    ,    0,    0,    0,    0, 
AL, 84, 2014051312, 03, CLP5,  60, 178N,  698W,   0,    0,   ,   0,    ,    0,    0,    0,    0, 
AL, 84, 2014051312, 03, CLP5,  72, 187N,  719W,   0,    0,   ,   0,    ,    0,    0,    0,    0, 
AL, 84, 2014051312, 03, CLP5,  84, 198N,  739W,   0,    0,   ,   0,    ,    0,    0,    0,    0, 
AL, 84, 2014051312, 03, CLP5,  96, 209N,  755W,   0,    0,   ,   0,    ,    0,    0,    0,    0, 
AL, 84, 2014051312, 03, CLP5, 108, 221N,  768W,   0,    0,   ,   0,    ,    0,    0,    0,    0, 
AL, 84, 2014051312, 03, CLP5, 120, 235N,  778W,   0,    0,   ,   0,    ,    0,    0,    0,    0, 
AL, 84, 2014051312, 03, DSHP,   0, 150N,  600W,  25,    0, TD,   0,    ,    0,    0,    0,    0, 
AL, 84, 2014051312, 03, DSHP,  12, 158N,  615W,  21,    0, TD,   0,    ,    0,    0,    0,    0, 
AL, 84, 2014051312, 03, LBAR,   0, 150N,  600W,  25,    0,   ,   0,    ,    0,    0,    0,    0, 
AL, 84, 2014051312, 03, LBAR,  12, 160N,  605W,   0,    0,   ,   0,    ,    0,    0,    0,    0, 
AL, 84, 2014051312, 03, LBAR,  24, 172N,  606W,   0,    0,   ,   0,    ,    0,    0,    0,    0, 
AL, 84, 2014051312, 03, LBAR,  36, 184N,  598W,   0,    0,   ,   0,    ,    0,    0,    0,    0, 
AL, 84, 2014051312, 03, LBAR,  48, 189N,  586W,   0,    0,   ,   0,    ,    0,    0,    0,    0, 
AL, 84, 2014051312, 03, LBAR,  60, 193N,  560W,   0,    0,   ,   0,    ,    0,    0,    0,    0, 
AL, 84, 2014051312, 03, LBAR,  72, 199N,  522W,   0,    0,   ,   0,    ,    0,    0,    0,    0, 
AL, 84, 2014051312, 03, LBAR,  84, 219N,  465W,   0,    0,   ,   0,    ,    0,    0,    0,    0, 
AL, 84, 2014051312, 03, LBAR,  96, 259N,  397W,   0,    0,   ,   0,    ,    0,    0,    0,    0, 
AL, 84, 2014051312, 03, LBAR, 108, 285N,  355W,   0,    0,   ,   0,    ,    0,    0,    0,    0, 
AL, 84, 2014051312, 03, LBAR, 120, 300N,  375W,   0,    0,   ,   0,    ,    0,    0,    0,    0, 
AL, 84, 2014051312, 03, LGEM,   0, 150N,  600W,  25,    0, TD,   0,    ,    0,    0,    0,    0, 
AL, 84, 2014051312, 03, LGEM,  12, 158N,  615W,  21,    0, TD,   0,    ,    0,    0,    0,    0, 
AL, 84, 2014051312, 03, OCD5,   0, 150N,  600W,  25,    0,   ,   0,    ,    0,    0,    0,    0, 
AL, 84, 2014051312, 03, OCD5,  12, 152N,  617W,  24,    0,   ,   0,    ,    0,    0,    0,    0, 
AL, 84, 2014051312, 03, OCD5,  24, 156N,  633W,  22,    0,   ,   0,    ,    0,    0,    0,    0, 
AL, 84, 2014051312, 03, OCD5,  36, 162N,  652W,  18,    0,   ,   0,    ,    0,    0,    0,    0, 
AL, 84, 2014051312, 03, OCD5,  48, 169N,  676W,  16,    0,   ,   0,    ,    0,    0,    0,    0, 
AL, 84, 2014051312, 03, OCD5,  60, 178N,  698W,  15,    0,   ,   0,    ,    0,    0,    0,    0, 
AL, 84, 2014051312, 03, OCD5,  72, 187N,  719W,  18,    0,   ,   0,    ,    0,    0,    0,    0, 
AL, 84, 2014051312, 03, OCD5,  84, 198N,  739W,  26,    0,   ,   0,    ,    0,    0,    0,    0, 
AL, 84, 2014051312, 03, OCD5,  96, 209N,  755W,  26,    0,   ,   0,    ,    0,    0,    0,    0, 
AL, 84, 2014051312, 03, OCD5, 108, 221N,  768W,  23,    0,   ,   0,    ,    0,    0,    0,    0, 
AL, 84, 2014051312, 03, OCD5, 120, 235N,  778W,  34,    0,   ,   0,    ,    0,    0,    0,    0, 
AL, 84, 2014051312, 03, SHF5,   0,   0N,    0W,  25,    0,   ,   0,    ,    0,    0,    0,    0, 
AL, 84, 2014051312, 03, SHF5,  12,   0N,    0W,  24,    0,   ,   0,    ,    0,    0,    0,    0, 
AL, 84, 2014051312, 03, SHF5,  24,   0N,    0W,  22,    0,   ,   0,    ,    0,    0,    0,    0, 
AL, 84, 2014051312, 03, SHF5,  36,   0N,    0W,  18,    0,   ,   0,    ,    0,    0,    0,    0, 
AL, 84, 2014051312, 03, SHF5,  48,   0N,    0W,  16,    0,   ,   0,    ,    0,    0,    0,    0, 
AL, 84, 2014051312, 03, SHF5,  60,   0N,    0W,  15,    0,   ,   0,    ,    0,    0,    0,    0, 
AL, 84, 2014051312, 03, SHF5,  72,   0N,    0W,  15,    0,   ,   0,    ,    0,    0,    0,    0, 
AL, 84, 2014051312, 03, SHF5,  84,   0N,    0W,  21,    0,   ,   0,    ,    0,    0,    0,    0, 
AL, 84, 2014051312, 03, SHF5,  96,   0N,    0W,  20,    0,   ,   0,    ,    0,    0,    0,    0, 
AL, 84, 2014051312, 03, SHF5, 108,   0N,    0W,  16,    0,   ,   0,    ,    0,    0,    0,    0, 
AL, 84, 2014051312, 03, SHF5, 120,   0N,    0W,  27,    0,   ,   0,    ,    0,    0,    0,    0, 
AL, 84, 2014051312, 03, SHFR,  12,   0N,    0W,  26,    0,   ,   0,    ,    0,    0,    0,    0, 
AL, 84, 2014051312, 03, SHFR,  24,   0N,    0W,  27,    0,   ,   0,    ,    0,    0,    0,    0, 
AL, 84, 2014051312, 03, SHFR,  36,   0N,    0W,  30,    0,   ,   0,    ,    0,    0,    0,    0, 
AL, 84, 2014051312, 03, SHFR,  48,   0N,    0W,  32,    0,   ,   0,    ,    0,    0,    0,    0, 
AL, 84, 2014051312, 03, SHFR,  60,   0N,    0W,  34,    0,   ,   0,    ,    0,    0,    0,    0, 
AL, 84, 2014051312, 03, SHFR,  72,   0N,    0W,  35,    0,   ,   0,    ,    0,    0,    0,    0, 
AL, 84, 2014051312, 03, SHIP,   0, 150N,  600W,  25,    0, TD,   0,    ,    0,    0,    0,    0, 
AL, 84, 2014051312, 03, SHIP,  12, 158N,  615W,  21,    0, TD,   0,    ,    0,    0,    0,    0, 
AL, 84, 2014051312, 03, XTRP,   0, 150N,  600W,   0,    0,   ,   0,    ,    0,    0,    0,    0, 
AL, 84, 2014051312, 03, XTRP,  12, 150N,  614W,   0,    0,   ,   0,    ,    0,    0,    0,    0, 
AL, 84, 2014051312, 03, XTRP,  24, 150N,  629W,   0,    0,   ,   0,    ,    0,    0,    0,    0, 
AL, 84, 2014051312, 03, XTRP,  36, 150N,  644W,   0,    0,   ,   0,    ,    0,    0,    0,    0, 
AL, 84, 2014051312, 03, XTRP,  48, 150N,  659W,   0,    0,   ,   0,    ,    0,    0,    0,    0, 
AL, 84, 2014051312, 03, XTRP,  60, 150N,  674W,   0,    0,   ,   0,    ,    0,    0,    0,    0, 
AL, 84, 2014051312, 03, XTRP,  72, 150N,  689W,   0,    0,   ,   0,    ,    0,    0,    0,    0, 
AL, 84, 2014051312, 03, XTRP,  84, 150N,  704W,   0,    0,   ,   0,    ,    0,    0,    0,    0, 
AL, 84, 2014051312, 03, XTRP,  96, 150N,  719W,   0,    0,   ,   0,    ,    0,    0,    0,    0, 
AL, 84, 2014051312, 03, XTRP, 108, 150N,  734W,   0,    0,   ,   0,    ,    0,    0,    0,    0, 
AL, 84, 2014051312, 03, XTRP, 120, 150N,  749W,   0,    0,   ,   0,    ,    0,    0,    0,    0, 
AL, 84, 2014051312, 03, XTRP, 132, 150N,  764W,   0,    0,   ,   0,    ,    0,    0,    0,    0, 
AL, 84, 2014051312, 03, XTRP, 144, 150N,  779W,   0,    0,   ,   0,    ,    0,    0,    0,    0, 
AL, 84, 2014051312, 03, XTRP, 156, 150N,  794W,   0,    0,   ,   0,    ,    0,    0,    0,    0, 
AL, 84, 2014051312, 03, XTRP, 168, 150N,  809W,   0,    0,   ,   0,    ,    0,    0,    0,    0, 
AL, 84, 2014052812, 01, CARQ, -24, 207N,  862W,  90,    0, HU,  34, AAA,    0,    0,    0,    0,    0,    0,   0,   0,   0,   L,   0,   X,   0,   0,       TEST,  , 
AL, 84, 2014052812, 01, CARQ, -18, 220N,  861W,  90,    0, HU,  34, AAA,    0,    0,    0,    0,    0,    0,   0,   0,   0,   L,   0,   X,   0,   0,       TEST,  , 
AL, 84, 2014052812, 01, CARQ, -12, 227N,  861W,  95,    0, HU,  34, AAA,    0,    0,    0,    0,    0,    0,   0,   0,   0,   L,   0,   X, 360,   7,       TEST,  , 
AL, 84, 2014052812, 01, CARQ,  -6, 234N,  861W, 100,    0, HU,  34, AAA,    0,    0,    0,    0,    0,    0,   0,   0,   0,   L,   0,   X,   0,   0,       TEST,  , 
AL, 84, 2014052812, 01, CARQ,   0, 240N,  860W, 100,  960, HU,  34, NEQ,  150,  150,  130,  130, 1010,  210,  20,   0,   0,   L,   0,   X,   5,   7,       TEST, D, 
AL, 84, 2014052812, 01, CARQ,   0, 240N,  860W, 100,  960, HU,  50, NEQ,  100,   90,   70,   80, 1010,  210,  20,   0,   0,   L,   0,   X,   5,   7,       TEST, D, 
AL, 84, 2014052812, 01, CARQ,   0, 240N,  860W, 100,  960, HU,  64, NEQ,   50,   50,   30,   40, 1010,  210,  20,   0,   0,   L,   0,   X,   5,   7,       TEST, D, 
AL, 84, 2014052812, 03, BAMD,  12, 236N,  838W,   0,    0,   ,   0,    ,    0,    0,    0,    0, 
AL, 84, 2014052812, 03, BAMD,  24, 236N,  820W,   0,    0,   ,   0,    ,    0,    0,    0,    0, 
AL, 84, 2014052812, 03, BAMD,  36, 241N,  806W,   0,    0,   ,   0,    ,    0,    0,    0,    0, 
AL, 84, 2014052812, 03, BAMD,  48, 249N,  799W,   0,    0,   ,   0,    ,    0,    0,    0,    0, 
AL, 84, 2014052812, 03, BAMD,  60, 256N,  799W,   0,    0,   ,   0,    ,    0,    0,    0,    0, 
AL, 84, 2014052812, 03, BAMD,  72, 260N,  801W,   0,    0,   ,   0,    ,    0,    0,    0,    0, 
AL, 84, 2014052812, 03, BAMD,  84, 260N,  804W,   0,    0,   ,   0,    ,    0,    0,    0,    0, 
AL, 84, 2014052812, 03, BAMD,  96, 259N,  806W,   0,    0,   ,   0,    ,    0,    0,    0,    0, 
AL, 84, 2014052812, 03, BAMD, 108, 259N,  809W,   0,    0,   ,   0,    ,    0,    0,    0,    0, 
AL, 84, 2014052812, 03, BAMD, 120, 262N,  805W,   0,    0,   ,   0,    ,    0,    0,    0,    0, 
AL, 84, 2014052812, 03, BAMD, 132, 264N,  793W,   0,    0,   ,   0,    ,    0,    0,    0,    0, 
AL, 84, 2014052812, 03, BAMD, 144, 261N,  777W,   0,    0,   ,   0,    ,    0,    0,    0,    0, 
AL, 84, 2014052812, 03, BAMD, 156, 256N,  763W,   0,    0,   ,   0,    ,    0,    0,    0,    0, 
AL, 84, 2014052812, 03, BAMD, 168, 249N,  757W,   0,    0,   ,   0,    ,    0,    0,    0,    0, 
AL, 84, 2014052812, 03, BAMM,  12, 253N,  857W,   0,    0,   ,   0,    ,    0,    0,    0,    0, 
AL, 84, 2014052812, 03, BAMM,  24, 269N,  853W,   0,    0,   ,   0,    ,    0,    0,    0,    0, 
AL, 84, 2014052812, 03, BAMM,  36, 284N,  851W,   0,    0,   ,   0,    ,    0,    0,    0,    0, 
AL, 84, 2014052812, 03, BAMM,  48, 295N,  856W,   0,    0,   ,   0,    ,    0,    0,    0,    0, 
AL, 84, 2014052812, 03, BAMM,  60, 302N,  866W,   0,    0,   ,   0,    ,    0,    0,    0,    0, 
AL, 84, 2014052812, 03, BAMM,  72, 308N,  880W,   0,    0,   ,   0,    ,    0,    0,    0,    0, 
AL, 84, 2014052812, 03, BAMM,  84, 315N,  894W,   0,    0,   ,   0,    ,    0,    0,    0,    0, 
AL, 84, 2014052812, 03, BAMM,  96, 324N,  906W,   0,    0,   ,   0,    ,    0,    0,    0,    0, 
AL, 84, 2014052812, 03, BAMM, 108, 334N,  914W,   0,    0,   ,   0,    ,    0,    0,    0,    0, 
AL, 84, 2014052812, 03, BAMM, 120, 342N,  911W,   0,    0,   ,   0,    ,    0,    0,    0,    0, 
AL, 84, 2014052812, 03, BAMM, 132, 349N,  895W,   0,    0,   ,   0,    ,    0,    0,    0,    0, 
AL, 84, 2014052812, 03, BAMM, 144, 359N,  872W,   0,    0,   ,   0,    ,    0,    0,    0,    0, 
AL, 84, 2014052812, 03, BAMM, 156, 367N,  840W,   0,    0,   ,   0,    ,    0,    0,    0,    0, 
AL, 84, 2014052812, 03, BAMM, 168, 375N,  808W,   0,    0,   ,   0,    ,    0,    0,    0,    0, 
AL, 84, 2014052812, 03, BAMS,  12, 259N,  866W,   0,    0,   ,   0,    ,    0,    0,    0,    0, 
AL, 84, 2014052812, 03, BAMS,  24, 281N,  868W,   0,    0,   ,   0,    ,    0,    0,    0,    0, 
AL, 84, 2014052812, 03, BAMS,  36, 301N,  868W,   0,    0,   ,   0,    ,    0,    0,    0,    0, 
AL, 84, 2014052812, 03, BAMS,  48, 318N,  871W,   0,    0,   ,   0,    ,    0,    0,    0,    0, 
AL, 84, 2014052812, 03, BAMS,  60, 327N,  880W,   0,    0,   ,   0,    ,    0,    0,    0,    0, 
AL, 84, 2014052812, 03, BAMS,  72, 338N,  891W,   0,    0,   ,   0,    ,    0,    0,    0,    0, 
AL, 84, 2014052812, 03, BAMS,  84, 347N,  900W,   0,    0,   ,   0,    ,    0,    0,    0,    0, 
AL, 84, 2014052812, 03, BAMS,  96, 362N,  903W,   0,    0,   ,   0,    ,    0,    0,    0,    0, 
AL, 84, 2014052812, 03, BAMS, 108, 379N,  896W,   0,    0,   ,   0,    ,    0,    0,    0,    0, 
AL, 84, 2014052812, 03, BAMS, 120, 398N,  875W,   0,    0,   ,   0,    ,    0,    0,    0,    0, 
AL, 84, 2014052812, 03, BAMS, 132, 414N,  847W,   0,    0,   ,   0,    ,    0,    0,    0,    0, 
AL, 84, 2014052812, 03, BAMS, 144, 432N,  822W,   0,    0,   ,   0,    ,    0,    0,    0,    0, 
AL, 84, 2014052812, 03, BAMS, 156, 452N,  798W,   0,    0,   ,   0,    ,    0,    0,    0,    0, 
AL, 84, 2014052812, 03, BAMS, 168, 471N,  779W,   0,    0,   ,   0,    ,    0,    0,    0,    0, 
AL, 84, 2014052812, 03, CLIP,  12, 254N,  858W,   0,    0,   ,   0,    ,    0,    0,    0,    0, 
AL, 84, 2014052812, 03, CLIP,  24, 266N,  853W,   0,    0,   ,   0,    ,    0,    0,    0,    0, 
AL, 84, 2014052812, 03, CLIP,  36, 276N,  846W,   0,    0,   ,   0,    ,    0,    0,    0,    0, 
AL, 84, 2014052812, 03, CLIP,  48, 286N,  837W,   0,    0,   ,   0,    ,    0,    0,    0,    0, 
AL, 84, 2014052812, 03, CLIP,  72, 301N,  810W,   0,    0,   ,   0,    ,    0,    0,    0,    0, 
AL, 84, 2014052812, 03, CLP5,  12, 255N,  858W,   0,    0,   ,   0,    ,    0,    0,    0,    0, 
AL, 84, 2014052812, 03, CLP5,  24, 271N,  857W,   0,    0,   ,   0,    ,    0,    0,    0,    0, 
AL, 84, 2014052812, 03, CLP5,  36, 290N,  855W,   0,    0,   ,   0,    ,    0,    0,    0,    0, 
AL, 84, 2014052812, 03, CLP5,  48, 306N,  851W,   0,    0,   ,   0,    ,    0,    0,    0,    0, 
AL, 84, 2014052812, 03, CLP5,  60, 320N,  845W,   0,    0,   ,   0,    ,    0,    0,    0,    0, 
AL, 84, 2014052812, 03, CLP5,  72, 332N,  837W,   0,    0,   ,   0,    ,    0,    0,    0,    0, 
AL, 84, 2014052812, 03, CLP5,  84, 349N,  826W,   0,    0,   ,   0,    ,    0,    0,    0,    0, 
AL, 84, 2014052812, 03, CLP5,  96, 363N,  820W,   0,    0,   ,   0,    ,    0,    0,    0,    0, 
AL, 84, 2014052812, 03, CLP5, 108, 376N,  812W,   0,    0,   ,   0,    ,    0,    0,    0,    0, 
AL, 84, 2014052812, 03, CLP5, 120, 392N,  803W,   0,    0,   ,   0,    ,    0,    0,    0,    0, 
AL, 84, 2014052812, 03, DRCL,   0, 240N,  860W, 100,    0, HU,  34, NEQ,  150,  150,  130,  130, 
AL, 84, 2014052812, 03, DRCL,   0, 240N,  860W, 100,    0, HU,  50, NEQ,  100,   90,   70,   80, 
AL, 84, 2014052812, 03, DRCL,   0, 240N,  860W, 100,    0, HU,  64, NEQ,   50,   50,   30,   40, 
AL, 84, 2014052812, 03, DRCL,  12, 256N,  856W, 105,    0, HU,  34, NEQ,  147,  151,  134,  131, 
AL, 84, 2014052812, 03, DRCL,  12, 256N,  856W, 105,    0, HU,  50, NEQ,   96,   91,   76,   81, 
AL, 84, 2014052812, 03, DRCL,  12, 256N,  856W, 105,    0, HU,  64, NEQ,   51,   52,   38,   44, 
AL, 84, 2014052812, 03, DRCL,  24, 265N,  848W, 105,    0, HU,  34, NEQ,  143,  153,  139,  130, 
AL, 84, 2014052812, 03, DRCL,  24, 265N,  848W, 105,    0, HU,  50, NEQ,   92,   91,   79,   80, 
AL, 84, 2014052812, 03, DRCL,  24, 265N,  848W, 105,    0, HU,  64, NEQ,   52,   54,   44,   47, 
AL, 84, 2014052812, 03, DRCL,  36, 274N,  838W, 110,    0, HU,  34, NEQ,  145,  156,  142,  133, 
AL, 84, 2014052812, 03, DRCL,  36, 274N,  838W, 110,    0, HU,  50, NEQ,   91,   92,   83,   82, 
AL, 84, 2014052812, 03, DRCL,  36, 274N,  838W, 110,    0, HU,  64, NEQ,   55,   57,   49,   50, 
AL, 84, 2014052812, 03, DRCL,  48, 282N,  828W, 115,    0, HU,  34, NEQ,  149,  160,  144,  135, 
AL, 84, 2014052812, 03, DRCL,  48, 282N,  828W, 115,    0, HU,  50, NEQ,   92,   94,   85,   84, 
AL, 84, 2014052812, 03, DRCL,  48, 282N,  828W, 115,    0, HU,  64, NEQ,   57,   59,   53,   53, 
AL, 84, 2014052812, 03, DRCL,  72, 305N,  805W,  90,    0, HU,  34, NEQ,  142,  159,  138,  125, 
AL, 84, 2014052812, 03, DRCL,  72, 305N,  805W,  90,    0, HU,  50, NEQ,   82,   87,   78,   74, 
AL, 84, 2014052812, 03, DRCL,  72, 305N,  805W,  90,    0, HU,  64, NEQ,   51,   54,   49,   47, 
AL, 84, 2014052812, 03, DRCL,  96, 330N,  770W,  85,    0, HU,  34, NEQ,  141,  164,  144,  125, 
AL, 84, 2014052812, 03, DRCL,  96, 330N,  770W,  85,    0, HU,  50, NEQ,   79,   86,   79,   72, 
AL, 84, 2014052812, 03, DRCL,  96, 330N,  770W,  85,    0, HU,  64, NEQ,   50,   54,   49,   46, 
AL, 84, 2014052812, 03, DRCL, 120, 350N,  725W,  85,    0, HU,  34, NEQ,  144,  169,  151,  130, 
AL, 84, 2014052812, 03, DRCL, 120, 350N,  725W,  85,    0, HU,  50, NEQ,   80,   89,   82,   75, 
AL, 84, 2014052812, 03, DRCL, 120, 350N,  725W,  85,    0, HU,  64, NEQ,   51,   56,   52,   48, 
AL, 84, 2014052812, 03, DSHP,   0, 240N,  860W, 100,    0, HU,   0,    ,    0,    0,    0,    0, 
AL, 84, 2014052812, 03, DSHP,  12, 253N,  857W,  67,    0, HU,   0,    ,    0,    0,    0,    0, 
AL, 84, 2014052812, 03, DSHP,  24, 269N,  853W,  37,    0, TS,   0,    ,    0,    0,    0,    0, 
AL, 84, 2014052812, 03, DSHP,  36, 284N,  851W,  26,    0, TD,   0,    ,    0,    0,    0,    0, 
AL, 84, 2014052812, 03, DSHP,  48, 295N,  856W,  23,    0, TD,   0,    ,    0,    0,    0,    0, 
AL, 84, 2014052812, 03, DSHP,  60, 302N,  866W,  23,    0, TD,   0,    ,    0,    0,    0,    0, 
AL, 84, 2014052812, 03, DSHP,  72, 308N,  880W,  22,    0, TD,   0,    ,    0,    0,    0,    0, 
AL, 84, 2014052812, 03, DSHP,  84, 315N,  894W,  25,    0, TD,   0,    ,    0,    0,    0,    0, 
AL, 84, 2014052812, 03, DSHP,  96, 324N,  906W,  26,    0, TD,   0,    ,    0,    0,    0,    0, 
AL, 84, 2014052812, 03, DSHP, 108, 334N,  914W,  27,    0, SD,   0,    ,    0,    0,    0,    0, 
AL, 84, 2014052812, 03, DSHP, 120, 342N,  911W,  27,    0, EX,   0,    ,    0,    0,    0,    0, 
AL, 84, 2014052812, 03, IVCN,   0,   0N,    0W, 100,    0,   ,   0,    ,    0,    0,    0,    0, 
AL, 84, 2014052812, 03, IVCN,  12,   0N,    0W,  74,    0,   ,   0,    ,    0,    0,    0,    0, 
AL, 84, 2014052812, 03, IVCN,  24,   0N,    0W,  50,    0,   ,   0,    ,    0,    0,    0,    0, 
AL, 84, 2014052812, 03, IVCN,  36,   0N,    0W,  39,    0,   ,   0,    ,    0,    0,    0,    0, 
AL, 84, 2014052812, 03, IVCN,  48,   0N,    0W,  35,    0,   ,   0,    ,    0,    0,    0,    0, 
AL, 84, 2014052812, 03, IVCN,  60,   0N,    0W,  34,    0,   ,   0,    ,    0,    0,    0,    0, 
AL, 84, 2014052812, 03, IVCN,  72,   0N,    0W,  29,    0,   ,   0,    ,    0,    0,    0,    0, 
AL, 84, 2014052812, 03, IVCN,  84,   0N,    0W,  28,    0,   ,   0,    ,    0,    0,    0,    0, 
AL, 84, 2014052812, 03, IVCN,  96,   0N,    0W,  27,    0,   ,   0,    ,    0,    0,    0,    0, 
AL, 84, 2014052812, 03, IVCN, 108,   0N,    0W,  27,    0,   ,   0,    ,    0,    0,    0,    0, 
AL, 84, 2014052812, 03, IVCN, 120,   0N,    0W,  27,    0,   ,   0,    ,    0,    0,    0,    0, 
AL, 84, 2014052812, 03, LBAR,   0, 240N,  860W, 100,    0,   ,   0,    ,    0,    0,    0,    0, 
AL, 84, 2014052812, 03, LBAR,  12, 251N,  850W,   0,    0,   ,   0,    ,    0,    0,    0,    0, 
AL, 84, 2014052812, 03, LBAR,  24, 269N,  841W,   0,    0,   ,   0,    ,    0,    0,    0,    0, 
AL, 84, 2014052812, 03, LBAR,  36, 290N,  836W,   0,    0,   ,   0,    ,    0,    0,    0,    0, 
AL, 84, 2014052812, 03, LBAR,  48, 307N,  834W,   0,    0,   ,   0,    ,    0,    0,    0,    0, 
AL, 84, 2014052812, 03, LBAR,  60, 318N,  829W,   0,    0,   ,   0,    ,    0,    0,    0,    0, 
AL, 84, 2014052812, 03, LBAR,  72, 326N,  820W,   0,    0,   ,   0,    ,    0,    0,    0,    0, 
AL, 84, 2014052812, 03, LBAR,  84, 323N,  813W,   0,    0,   ,   0,    ,    0,    0,    0,    0, 
AL, 84, 2014052812, 03, LBAR,  96, 317N,  795W,   0,    0,   ,   0,    ,    0,    0,    0,    0, 
AL, 84, 2014052812, 03, LBAR, 108, 310N,  765W,   0,    0,   ,   0,    ,    0,    0,    0,    0, 
AL, 84, 2014052812, 03, LBAR, 120, 306N,  720W,   0,    0,   ,   0,    ,    0,    0,    0,    0, 
AL, 84, 2014052812, 03, LGEM,   0, 240N,  860W, 100,    0, HU,   0,    ,    0,    0,    0,    0, 
AL, 84, 2014052812, 03, LGEM,  12, 253N,  857W,  81,    0, HU,   0,    ,    0,    0,    0,    0, 
AL, 84, 2014052812, 03, LGEM,  24, 269N,  853W,  63,    0, TS,   0,    ,    0,    0,    0,    0, 
AL, 84, 2014052812, 03, LGEM,  36, 284N,  851W,  51,    0, TS,   0,    ,    0,    0,    0,    0, 
AL, 84, 2014052812, 03, LGEM,  48, 295N,  856W,  46,    0, TS,   0,    ,    0,    0,    0,    0, 
AL, 84, 2014052812, 03, LGEM,  60, 302N,  866W,  45,    0, TS,   0,    ,    0,    0,    0,    0, 
AL, 84, 2014052812, 03, LGEM,  72, 308N,  880W,  36,    0, TS,   0,    ,    0,    0,    0,    0, 
AL, 84, 2014052812, 03, LGEM,  84, 315N,  894W,  30,    0, TD,   0,    ,    0,    0,    0,    0, 
AL, 84, 2014052812, 03, LGEM,  96, 324N,  906W,  28,    0, TD,   0,    ,    0,    0,    0,    0, 
AL, 84, 2014052812, 03, LGEM, 108, 334N,  914W,  27,    0, SD,   0,    ,    0,    0,    0,    0, 
AL, 84, 2014052812, 03, LGEM, 120, 342N,  911W,  27,    0, EX,   0,    ,    0,    0,    0,    0, 
AL, 84, 2014052812, 03, MRCL,   0, 240N,  860W, 100,    0, HU,  34, NEQ,  150,  150,  130,  130, 
AL, 84, 2014052812, 03, MRCL,   0, 240N,  860W, 100,    0, HU,  50, NEQ,  100,   90,   70,   80, 
AL, 84, 2014052812, 03, MRCL,   0, 240N,  860W, 100,    0, HU,  64, NEQ,   50,   50,   30,   40, 
AL, 84, 2014052812, 03, MRCL,  12, 256N,  856W, 105,    0, HU,  34, NEQ,  165,  155,  105,  130, 
AL, 84, 2014052812, 03, MRCL,  12, 256N,  856W, 105,    0, HU,  50, NEQ,   90,   75,   70,   85, 
AL, 84, 2014052812, 03, MRCL,  12, 256N,  856W, 105,    0, HU,  64, NEQ,   60,   55,   40,   50, 
AL, 84, 2014052812, 03, MRCL,  24, 265N,  848W, 105,    0, HU,  34, NEQ,  180,  145,  115,  145, 
AL, 84, 2014052812, 03, MRCL,  24, 265N,  848W, 105,    0, HU,  50, NEQ,  115,   95,   85,   95, 
AL, 84, 2014052812, 03, MRCL,  24, 265N,  848W, 105,    0, HU,  64, NEQ,   65,   70,   25,   35, 
AL, 84, 2014052812, 03, MRCL,  36, 274N,  838W, 110,    0, HU,  34, NEQ,  160,  165,  165,  135, 
AL, 84, 2014052812, 03, MRCL,  36, 274N,  838W, 110,    0, HU,  50, NEQ,   75,  100,  105,   85, 
AL, 84, 2014052812, 03, MRCL,  36, 274N,  838W, 110,    0, HU,  64, NEQ,   50,   70,   70,   30, 
AL, 84, 2014052812, 03, MRCL,  48, 282N,  828W, 115,    0, HU,  34, NEQ,  155,  160,  170,  165, 
AL, 84, 2014052812, 03, MRCL,  48, 282N,  828W, 115,    0, HU,  50, NEQ,   90,  100,  100,   90, 
AL, 84, 2014052812, 03, MRCL,  48, 282N,  828W, 115,    0, HU,  64, NEQ,   55,   65,   70,   45, 
AL, 84, 2014052812, 03, MRCL,  72, 305N,  805W,  90,    0, HU,  34, NEQ,  170,  175,  120,  140, 
AL, 84, 2014052812, 03, MRCL,  72, 305N,  805W,  90,    0, HU,  50, NEQ,  115,  110,   85,   75, 
AL, 84, 2014052812, 03, MRCL,  72, 305N,  805W,  90,    0, HU,  64, NEQ,   85,   95,   35,   45, 
AL, 84, 2014052812, 03, OCD5,   0, 240N,  860W, 100,    0,   ,   0,    ,    0,    0,    0,    0, 
AL, 84, 2014052812, 03, OCD5,  12, 255N,  858W,  96,    0,   ,   0,    ,    0,    0,    0,    0, 
AL, 84, 2014052812, 03, OCD5,  24, 271N,  857W,  88,    0,   ,   0,    ,    0,    0,    0,    0, 
AL, 84, 2014052812, 03, OCD5,  36, 290N,  855W,  79,    0,   ,   0,    ,    0,    0,    0,    0, 
AL, 84, 2014052812, 03, OCD5,  48, 306N,  851W,  55,    0,   ,   0,    ,    0,    0,    0,    0, 
AL, 84, 2014052812, 03, OCD5,  60, 320N,  845W,  36,    0,   ,   0,    ,    0,    0,    0,    0, 
AL, 84, 2014052812, 03, OCD5,  72, 332N,  837W,  30,    0,   ,   0,    ,    0,    0,    0,    0, 
AL, 84, 2014052812, 03, OCD5,  84, 349N,  826W,  28,    0,   ,   0,    ,    0,    0,    0,    0, 
AL, 84, 2014052812, 03, OCD5,  96, 363N,  820W,  27,    0,   ,   0,    ,    0,    0,    0,    0, 
AL, 84, 2014052812, 03, OCD5, 108, 376N,  812W,  27,    0,   ,   0,    ,    0,    0,    0,    0, 
AL, 84, 2014052812, 03, OFCL,   0, 240N,  860W, 100,    0, HU,  34, NEQ,  150,  150,  130,  130,    0,    0,   0, 120,  20,    ,   0, MJB,  10,   6, 
AL, 84, 2014052812, 03, OFCL,   0, 240N,  860W, 100,    0, HU,  50, NEQ,  100,   90,   70,   80,    0,    0,   0, 120,  20,    ,   0, MJB,  10,   6, 
AL, 84, 2014052812, 03, OFCL,   0, 240N,  860W, 100,    0, HU,  64, NEQ,   50,   50,   30,   40,    0,    0,   0, 120,  20,    ,   0, MJB,  10,   6, 
AL, 84, 2014052812, 03, OFCL,   3, 244N,  859W, 100,  960, HU,  34, NEQ,  150,  150,  130,  130,    0,    0,   0, 120,  20,    ,   0, MJB,  15,   8,           ,  , 12, NEQ,  150,  150,  110,  120, 
AL, 84, 2014052812, 03, OFCL,   3, 244N,  859W, 100,  960, HU,  50, NEQ,  100,   90,   70,   80,    0,    0,   0, 120,  20,    ,   0, MJB,  15,   8,           ,  , 12, NEQ,  150,  150,  110,  120, 
AL, 84, 2014052812, 03, OFCL,   3, 244N,  859W, 100,  960, HU,  64, NEQ,   50,   50,   30,   40,    0,    0,   0, 120,  20,    ,   0, MJB,  15,   8,           ,  , 12, NEQ,  150,  150,  110,  120, 
AL, 84, 2014052812, 03, OFCL,  12, 256N,  856W, 105,    0, HU,  34, NEQ,  145,  150,  135,  130,    0,    0,   0, 130,  20,    ,   0, MJB,  15,   8, 
AL, 84, 2014052812, 03, OFCL,  12, 256N,  856W, 105,    0, HU,  50, NEQ,   95,   90,   75,   80,    0,    0,   0, 130,  20,    ,   0, MJB,  15,   8, 
AL, 84, 2014052812, 03, OFCL,  12, 256N,  856W, 105,    0, HU,  64, NEQ,   50,   50,   40,   45,    0,    0,   0, 130,  20,    ,   0, MJB,  15,   8, 
AL, 84, 2014052812, 03, OFCL,  24, 265N,  848W, 105,    0, HU,  34, NEQ,  145,  155,  140,  130,    0,    0,   0, 130,  20,    ,   0, MJB,  40,   6, 
AL, 84, 2014052812, 03, OFCL,  24, 265N,  848W, 105,    0, HU,  50, NEQ,   90,   90,   80,   80,    0,    0,   0, 130,  20,    ,   0, MJB,  40,   6, 
AL, 84, 2014052812, 03, OFCL,  24, 265N,  848W, 105,    0, HU,  64, NEQ,   50,   55,   45,   45,    0,    0,   0, 130,  20,    ,   0, MJB,  40,   6, 
AL, 84, 2014052812, 03, OFCL,  36, 274N,  838W, 110,    0, HU,  34, NEQ,  145,  155,  140,  135,    0,    0,   0, 135,  20,    ,   0, MJB,  45,   6, 
AL, 84, 2014052812, 03, OFCL,  36, 274N,  838W, 110,    0, HU,  50, NEQ,   90,   90,   85,   80,    0,    0,   0, 135,  20,    ,   0, MJB,  45,   6, 
AL, 84, 2014052812, 03, OFCL,  36, 274N,  838W, 110,    0, HU,  64, NEQ,   55,   55,   50,   50,    0,    0,   0, 135,  20,    ,   0, MJB,  45,   6, 
AL, 84, 2014052812, 03, OFCL,  48, 282N,  828W, 115,    0, HU,  34, NEQ,  150,  160,  145,  135,    0,    0,   0, 140,  20,    ,   0, MJB,  50,   6, 
AL, 84, 2014052812, 03, OFCL,  48, 282N,  828W, 115,    0, HU,  50, NEQ,   90,   95,   85,   85,    0,    0,   0, 140,  20,    ,   0, MJB,  50,   6, 
AL, 84, 2014052812, 03, OFCL,  48, 282N,  828W, 115,    0, HU,  64, NEQ,   55,   60,   55,   55,    0,    0,   0, 140,  20,    ,   0, MJB,  50,   6, 
AL, 84, 2014052812, 03, OFCL,  72, 305N,  805W,  90,    0, HU,  34, NEQ,  140,  160,  140,  125,    0,    0,   0, 110,  20,    ,   0, MJB,  40,   8, 
AL, 84, 2014052812, 03, OFCL,  72, 305N,  805W,  90,    0, HU,  50, NEQ,   80,   85,   80,   75,    0,    0,   0, 110,  20,    ,   0, MJB,  40,   8, 
AL, 84, 2014052812, 03, OFCL,  72, 305N,  805W,  90,    0, HU,  64, NEQ,   50,   55,   50,   45,    0,    0,   0, 110,  20,    ,   0, MJB,  40,   8, 
AL, 84, 2014052812, 03, OFCL,  96, 330N,  770W,  85,    0, HU,  34, NEQ,    0,    0,    0,    0,    0,    0,   0, 105,  20,    ,   0, MJB,  50,  10, 
AL, 84, 2014052812, 03, OFCL, 120, 350N,  725W,  85,    0, HU,  34, NEQ,    0,    0,    0,    0,    0,    0,   0, 105,  20,    ,   0, MJB,  60,  11, 
AL, 84, 2014052812, 03, SHF5,   0,   0N,    0W, 100,    0,   ,   0,    ,    0,    0,    0,    0, 
AL, 84, 2014052812, 03, SHF5,  12,   0N,    0W,  96,    0,   ,   0,    ,    0,    0,    0,    0, 
AL, 84, 2014052812, 03, SHF5,  24,   0N,    0W,  88,    0,   ,   0,    ,    0,    0,    0,    0, 
AL, 84, 2014052812, 03, SHF5,  36,   0N,    0W,  79,    0,   ,   0,    ,    0,    0,    0,    0, 
AL, 84, 2014052812, 03, SHF5,  48,   0N,    0W,  70,    0,   ,   0,    ,    0,    0,    0,    0, 
AL, 84, 2014052812, 03, SHF5,  60,   0N,    0W,  61,    0,   ,   0,    ,    0,    0,    0,    0, 
AL, 84, 2014052812, 03, SHF5,  72,   0N,    0W,  54,    0,   ,   0,    ,    0,    0,    0,    0, 
AL, 84, 2014052812, 03, SHF5,  84,   0N,    0W,  49,    0,   ,   0,    ,    0,    0,    0,    0, 
AL, 84, 2014052812, 03, SHF5,  96,   0N,    0W,  42,    0,   ,   0,    ,    0,    0,    0,    0, 
AL, 84, 2014052812, 03, SHF5, 108,   0N,    0W,  33,    0,   ,   0,    ,    0,    0,    0,    0, 
AL, 84, 2014052812, 03, SHFR,  12,   0N,    0W,  98,    0,   ,   0,    ,    0,    0,    0,    0, 
AL, 84, 2014052812, 03, SHFR,  24,   0N,    0W,  94,    0,   ,   0,    ,    0,    0,    0,    0, 
AL, 84, 2014052812, 03, SHFR,  36,   0N,    0W,  91,    0,   ,   0,    ,    0,    0,    0,    0, 
AL, 84, 2014052812, 03, SHFR,  48,   0N,    0W,  90,    0,   ,   0,    ,    0,    0,    0,    0, 
AL, 84, 2014052812, 03, SHFR,  60,   0N,    0W,  87,    0,   ,   0,    ,    0,    0,    0,    0, 
AL, 84, 2014052812, 03, SHFR,  72,   0N,    0W,  83,    0,   ,   0,    ,    0,    0,    0,    0, 
AL, 84, 2014052812, 03, SHIP,   0, 240N,  860W, 100,    0, HU,   0,    ,    0,    0,    0,    0, 
AL, 84, 2014052812, 03, SHIP,  12, 253N,  857W,  67,    0, HU,   0,    ,    0,    0,    0,    0, 
AL, 84, 2014052812, 03, SHIP,  24, 269N,  853W,  37,    0, TS,   0,    ,    0,    0,    0,    0, 
AL, 84, 2014052812, 03, SHIP,  36, 284N,  851W,  26,    0, TD,   0,    ,    0,    0,    0,    0, 
AL, 84, 2014052812, 03, SHIP,  48, 295N,  856W,  23,    0, TD,   0,    ,    0,    0,    0,    0, 
AL, 84, 2014052812, 03, SHIP,  60, 302N,  866W,  23,    0, TD,   0,    ,    0,    0,    0,    0, 
AL, 84, 2014052812, 03, SHIP,  72, 308N,  880W,  20,    0, TD,   0,    ,    0,    0,    0,    0, 
AL, 84, 2014052812, 03, SHIP,  84, 315N,  894W,  21,    0, TD,   0,    ,    0,    0,    0,    0, 
AL, 84, 2014052812, 03, SHIP,  96, 324N,  906W,  19,    0, TD,   0,    ,    0,    0,    0,    0, 
AL, 84, 2014052812, 03, SHIP, 108, 334N,  914W,  20,    0, SD,   0,    ,    0,    0,    0,    0, 
AL, 84, 2014052812, 03, SHIP, 120, 342N,  911W,  17,    0, EX,   0,    ,    0,    0,    0,    0, 
AL, 84, 2014052812, 03, XTRP,   0, 240N,  860W,   0,    0,   ,   0,    ,    0,    0,    0,    0, 
AL, 84, 2014052812, 03, XTRP,  12, 253N,  858W,   0,    0,   ,   0,    ,    0,    0,    0,    0, 
AL, 84, 2014052812, 03, XTRP,  24, 266N,  857W,   0,    0,   ,   0,    ,    0,    0,    0,    0, 
AL, 84, 2014052812, 03, XTRP,  36, 279N,  856W,   0,    0,   ,   0,    ,    0,    0,    0,    0, 
AL, 84, 2014052812, 03, XTRP,  48, 292N,  855W,   0,    0,   ,   0,    ,    0,    0,    0,    0, 
AL, 84, 2014052812, 03, XTRP,  60, 305N,  854W,   0,    0,   ,   0,    ,    0,    0,    0,    0, 
AL, 84, 2014052812, 03, XTRP,  72, 318N,  853W,   0,    0,   ,   0,    ,    0,    0,    0,    0, 
AL, 84, 2014052812, 03, XTRP,  84, 331N,  852W,   0,    0,   ,   0,    ,    0,    0,    0,    0, 
AL, 84, 2014052812, 03, XTRP,  96, 344N,  851W,   0,    0,   ,   0,    ,    0,    0,    0,    0, 
AL, 84, 2014052812, 03, XTRP, 108, 357N,  850W,   0,    0,   ,   0,    ,    0,    0,    0,    0, 
AL, 84, 2014052812, 03, XTRP, 120, 370N,  848W,   0,    0,   ,   0,    ,    0,    0,    0,    0, 
AL, 84, 2014052812, 03, XTRP, 132, 383N,  847W,   0,    0,   ,   0,    ,    0,    0,    0,    0, 
AL, 84, 2014052812, 03, XTRP, 144, 396N,  846W,   0,    0,   ,   0,    ,    0,    0,    0,    0, 
AL, 84, 2014052812, 03, XTRP, 156, 409N,  845W,   0,    0,   ,   0,    ,    0,    0,    0,    0, 
AL, 84, 2014052812, 03, XTRP, 168, 422N,  844W,   0,    0,   ,   0,    ,    0,    0,    0,    0, 
AL, 84, 2014062306, 01, CARQ, -24, 207N,  862W,  90,    0, HU,  34, AAA,    0,    0,    0,    0,    0,    0,   0,   0,   0,   L,   0,   X,   0,   0,       TEST,  , 
AL, 84, 2014062306, 01, CARQ, -18, 220N,  861W,  90,    0, HU,  34, AAA,    0,    0,    0,    0,    0,    0,   0,   0,   0,   L,   0,   X,   0,   0,       TEST,  , 
AL, 84, 2014062306, 01, CARQ, -12, 227N,  861W,  95,    0, HU,  34, AAA,    0,    0,    0,    0,    0,    0,   0,   0,   0,   L,   0,   X, 360,   7,       TEST,  , 
AL, 84, 2014062306, 01, CARQ,  -6, 234N,  861W, 100,    0, HU,  34, AAA,    0,    0,    0,    0,    0,    0,   0,   0,   0,   L,   0,   X,   0,   0,       TEST,  , 
AL, 84, 2014062306, 01, CARQ,   0, 240N,  860W, 100,  960, HU,  34, NEQ,  150,  150,  130,  130, 1010,  210,  20,   0,   0,   L,   0,   X,   5,   7,       TEST, D, 
AL, 84, 2014062306, 01, CARQ,   0, 240N,  860W, 100,  960, HU,  50, NEQ,  100,   90,   70,   80, 1010,  210,  20,   0,   0,   L,   0,   X,   5,   7,       TEST, D, 
AL, 84, 2014062306, 01, CARQ,   0, 240N,  860W, 100,  960, HU,  64, NEQ,   50,   50,   30,   40, 1010,  210,  20,   0,   0,   L,   0,   X,   5,   7,       TEST, D, 
AL, 84, 2014062306, 03, BAMD,  12, 239N,  873W,   0,    0,   ,   0,    ,    0,    0,    0,    0, 
AL, 84, 2014062306, 03, BAMD,  24, 233N,  886W,   0,    0,   ,   0,    ,    0,    0,    0,    0, 
AL, 84, 2014062306, 03, BAMD,  36, 226N,  901W,   0,    0,   ,   0,    ,    0,    0,    0,    0, 
AL, 84, 2014062306, 03, BAMD,  48, 218N,  914W,   0,    0,   ,   0,    ,    0,    0,    0,    0, 
AL, 84, 2014062306, 03, BAMD,  60, 209N,  928W,   0,    0,   ,   0,    ,    0,    0,    0,    0, 
AL, 84, 2014062306, 03, BAMD,  72, 199N,  941W,   0,    0,   ,   0,    ,    0,    0,    0,    0, 
AL, 84, 2014062306, 03, BAMD,  84, 190N,  955W,   0,    0,   ,   0,    ,    0,    0,    0,    0, 
AL, 84, 2014062306, 03, BAMD,  96, 182N,  971W,   0,    0,   ,   0,    ,    0,    0,    0,    0, 
AL, 84, 2014062306, 03, BAMD, 108, 175N,  989W,   0,    0,   ,   0,    ,    0,    0,    0,    0, 
AL, 84, 2014062306, 03, BAMD, 120, 169N, 1007W,   0,    0,   ,   0,    ,    0,    0,    0,    0, 
AL, 84, 2014062306, 03, BAMD, 132, 165N, 1027W,   0,    0,   ,   0,    ,    0,    0,    0,    0, 
AL, 84, 2014062306, 03, BAMD, 144, 164N, 1049W,   0,    0,   ,   0,    ,    0,    0,    0,    0, 
AL, 84, 2014062306, 03, BAMD, 156, 166N, 1072W,   0,    0,   ,   0,    ,    0,    0,    0,    0, 
AL, 84, 2014062306, 03, BAMD, 168, 170N, 1092W,   0,    0,   ,   0,    ,    0,    0,    0,    0, 
AL, 84, 2014062306, 03, BAMM,  12, 247N,  875W,   0,    0,   ,   0,    ,    0,    0,    0,    0, 
AL, 84, 2014062306, 03, BAMM,  24, 251N,  891W,   0,    0,   ,   0,    ,    0,    0,    0,    0, 
AL, 84, 2014062306, 03, BAMM,  36, 255N,  904W,   0,    0,   ,   0,    ,    0,    0,    0,    0, 
AL, 84, 2014062306, 03, BAMM,  48, 260N,  915W,   0,    0,   ,   0,    ,    0,    0,    0,    0, 
AL, 84, 2014062306, 03, BAMM,  60, 265N,  922W,   0,    0,   ,   0,    ,    0,    0,    0,    0, 
AL, 84, 2014062306, 03, BAMM,  72, 269N,  925W,   0,    0,   ,   0,    ,    0,    0,    0,    0, 
AL, 84, 2014062306, 03, BAMM,  84, 275N,  927W,   0,    0,   ,   0,    ,    0,    0,    0,    0, 
AL, 84, 2014062306, 03, BAMM,  96, 281N,  928W,   0,    0,   ,   0,    ,    0,    0,    0,    0, 
AL, 84, 2014062306, 03, BAMM, 108, 290N,  927W,   0,    0,   ,   0,    ,    0,    0,    0,    0, 
AL, 84, 2014062306, 03, BAMM, 120, 297N,  924W,   0,    0,   ,   0,    ,    0,    0,    0,    0, 
AL, 84, 2014062306, 03, BAMM, 132, 305N,  917W,   0,    0,   ,   0,    ,    0,    0,    0,    0, 
AL, 84, 2014062306, 03, BAMM, 144, 309N,  907W,   0,    0,   ,   0,    ,    0,    0,    0,    0, 
AL, 84, 2014062306, 03, BAMM, 156, 318N,  900W,   0,    0,   ,   0,    ,    0,    0,    0,    0, 
AL, 84, 2014062306, 03, BAMM, 168, 327N,  895W,   0,    0,   ,   0,    ,    0,    0,    0,    0, 
AL, 84, 2014062306, 03, BAMS,  12, 252N,  878W,   0,    0,   ,   0,    ,    0,    0,    0,    0, 
AL, 84, 2014062306, 03, BAMS,  24, 262N,  896W,   0,    0,   ,   0,    ,    0,    0,    0,    0, 
AL, 84, 2014062306, 03, BAMS,  36, 271N,  908W,   0,    0,   ,   0,    ,    0,    0,    0,    0, 
AL, 84, 2014062306, 03, BAMS,  48, 280N,  919W,   0,    0,   ,   0,    ,    0,    0,    0,    0, 
AL, 84, 2014062306, 03, BAMS,  60, 288N,  922W,   0,    0,   ,   0,    ,    0,    0,    0,    0, 
AL, 84, 2014062306, 03, BAMS,  72, 296N,  926W,   0,    0,   ,   0,    ,    0,    0,    0,    0, 
AL, 84, 2014062306, 03, BAMS,  84, 306N,  926W,   0,    0,   ,   0,    ,    0,    0,    0,    0, 
AL, 84, 2014062306, 03, BAMS,  96, 319N,  927W,   0,    0,   ,   0,    ,    0,    0,    0,    0, 
AL, 84, 2014062306, 03, BAMS, 108, 334N,  920W,   0,    0,   ,   0,    ,    0,    0,    0,    0, 
AL, 84, 2014062306, 03, BAMS, 120, 343N,  904W,   0,    0,   ,   0,    ,    0,    0,    0,    0, 
AL, 84, 2014062306, 03, BAMS, 132, 346N,  881W,   0,    0,   ,   0,    ,    0,    0,    0,    0, 
AL, 84, 2014062306, 03, BAMS, 144, 348N,  863W,   0,    0,   ,   0,    ,    0,    0,    0,    0, 
AL, 84, 2014062306, 03, BAMS, 156, 348N,  846W,   0,    0,   ,   0,    ,    0,    0,    0,    0, 
AL, 84, 2014062306, 03, BAMS, 168, 354N,  834W,   0,    0,   ,   0,    ,    0,    0,    0,    0, 
AL, 84, 2014062306, 03, CLIP,  12, 254N,  858W,   0,    0,   ,   0,    ,    0,    0,    0,    0, 
AL, 84, 2014062306, 03, CLIP,  24, 267N,  854W,   0,    0,   ,   0,    ,    0,    0,    0,    0, 
AL, 84, 2014062306, 03, CLIP,  36, 279N,  847W,   0,    0,   ,   0,    ,    0,    0,    0,    0, 
AL, 84, 2014062306, 03, CLIP,  48, 291N,  839W,   0,    0,   ,   0,    ,    0,    0,    0,    0, 
AL, 84, 2014062306, 03, CLIP,  72, 313N,  814W,   0,    0,   ,   0,    ,    0,    0,    0,    0, 
AL, 84, 2014062306, 03, CLP5,  12, 255N,  858W,   0,    0,   ,   0,    ,    0,    0,    0,    0, 
AL, 84, 2014062306, 03, CLP5,  24, 272N,  856W,   0,    0,   ,   0,    ,    0,    0,    0,    0, 
AL, 84, 2014062306, 03, CLP5,  36, 290N,  852W,   0,    0,   ,   0,    ,    0,    0,    0,    0, 
AL, 84, 2014062306, 03, CLP5,  48, 306N,  849W,   0,    0,   ,   0,    ,    0,    0,    0,    0, 
AL, 84, 2014062306, 03, CLP5,  60, 321N,  843W,   0,    0,   ,   0,    ,    0,    0,    0,    0, 
AL, 84, 2014062306, 03, CLP5,  72, 334N,  835W,   0,    0,   ,   0,    ,    0,    0,    0,    0, 
AL, 84, 2014062306, 03, CLP5,  84, 351N,  825W,   0,    0,   ,   0,    ,    0,    0,    0,    0, 
AL, 84, 2014062306, 03, CLP5,  96, 364N,  817W,   0,    0,   ,   0,    ,    0,    0,    0,    0, 
AL, 84, 2014062306, 03, CLP5, 108, 377N,  808W,   0,    0,   ,   0,    ,    0,    0,    0,    0, 
AL, 84, 2014062306, 03, CLP5, 120, 392N,  797W,   0,    0,   ,   0,    ,    0,    0,    0,    0, 
AL, 84, 2014062306, 03, DRCL,   0, 240N,  860W, 100,    0, HU,  34, NEQ,  150,  150,  130,  130, 
AL, 84, 2014062306, 03, DRCL,   0, 240N,  860W, 100,    0, HU,  50, NEQ,  100,   90,   70,   80, 
AL, 84, 2014062306, 03, DRCL,   0, 240N,  860W, 100,    0, HU,  64, NEQ,   50,   50,   30,   40, 
AL, 84, 2014062306, 03, DRCL,  12, 256N,  856W, 105,    0, HU,  34, NEQ,  147,  151,  134,  131, 
AL, 84, 2014062306, 03, DRCL,  12, 256N,  856W, 105,    0, HU,  50, NEQ,   96,   91,   76,   81, 
AL, 84, 2014062306, 03, DRCL,  12, 256N,  856W, 105,    0, HU,  64, NEQ,   51,   52,   38,   44, 
AL, 84, 2014062306, 03, DRCL,  24, 265N,  848W, 105,    0, HU,  34, NEQ,  143,  153,  139,  130, 
AL, 84, 2014062306, 03, DRCL,  24, 265N,  848W, 105,    0, HU,  50, NEQ,   92,   91,   79,   80, 
AL, 84, 2014062306, 03, DRCL,  24, 265N,  848W, 105,    0, HU,  64, NEQ,   52,   54,   44,   47, 
AL, 84, 2014062306, 03, DRCL,  36, 274N,  838W, 110,    0, HU,  34, NEQ,  145,  156,  142,  133, 
AL, 84, 2014062306, 03, DRCL,  36, 274N,  838W, 110,    0, HU,  50, NEQ,   91,   92,   83,   82, 
AL, 84, 2014062306, 03, DRCL,  36, 274N,  838W, 110,    0, HU,  64, NEQ,   55,   57,   49,   50, 
AL, 84, 2014062306, 03, DRCL,  48, 282N,  828W, 115,    0, HU,  34, NEQ,  149,  160,  144,  135, 
AL, 84, 2014062306, 03, DRCL,  48, 282N,  828W, 115,    0, HU,  50, NEQ,   92,   94,   85,   84, 
AL, 84, 2014062306, 03, DRCL,  48, 282N,  828W, 115,    0, HU,  64, NEQ,   57,   59,   53,   53, 
AL, 84, 2014062306, 03, DRCL,  72, 305N,  805W,  90,    0, HU,  34, NEQ,  142,  159,  138,  125, 
AL, 84, 2014062306, 03, DRCL,  72, 305N,  805W,  90,    0, HU,  50, NEQ,   82,   87,   78,   74, 
AL, 84, 2014062306, 03, DRCL,  72, 305N,  805W,  90,    0, HU,  64, NEQ,   51,   54,   49,   47, 
AL, 84, 2014062306, 03, DRCL,  96, 330N,  770W,  85,    0, HU,  34, NEQ,  141,  164,  144,  125, 
AL, 84, 2014062306, 03, DRCL,  96, 330N,  770W,  85,    0, HU,  50, NEQ,   79,   86,   79,   72, 
AL, 84, 2014062306, 03, DRCL,  96, 330N,  770W,  85,    0, HU,  64, NEQ,   50,   54,   49,   46, 
AL, 84, 2014062306, 03, DRCL, 120, 350N,  725W,  85,    0, HU,  34, NEQ,  144,  169,  151,  130, 
AL, 84, 2014062306, 03, DRCL, 120, 350N,  725W,  85,    0, HU,  50, NEQ,   80,   89,   82,   75, 
AL, 84, 2014062306, 03, DRCL, 120, 350N,  725W,  85,    0, HU,  64, NEQ,   51,   56,   52,   48, 
AL, 84, 2014062306, 03, DSHP,   0, 240N,  860W, 100,    0, HU,   0,    ,    0,    0,    0,    0, 
AL, 84, 2014062306, 03, DSHP,  12, 247N,  875W,  86,    0, HU,   0,    ,    0,    0,    0,    0, 
AL, 84, 2014062306, 03, DSHP,  24, 251N,  891W,  67,    0, HU,   0,    ,    0,    0,    0,    0, 
AL, 84, 2014062306, 03, DSHP,  36, 255N,  904W,  55,    0, TS,   0,    ,    0,    0,    0,    0, 
AL, 84, 2014062306, 03, DSHP,  48, 260N,  915W,  44,    0, TS,   0,    ,    0,    0,    0,    0, 
AL, 84, 2014062306, 03, DSHP,  60, 265N,  922W,  39,    0, TS,   0,    ,    0,    0,    0,    0, 
AL, 84, 2014062306, 03, DSHP,  72, 269N,  925W,  33,    0, TD,   0,    ,    0,    0,    0,    0, 
AL, 84, 2014062306, 03, DSHP,  84, 275N,  927W,  29,    0, TD,   0,    ,    0,    0,    0,    0, 
AL, 84, 2014062306, 03, DSHP,  96, 281N,  928W,  25,    0, TD,   0,    ,    0,    0,    0,    0, 
AL, 84, 2014062306, 03, DSHP, 108, 290N,  927W,  27,    0, TD,   0,    ,    0,    0,    0,    0, 
AL, 84, 2014062306, 03, DSHP, 120, 297N,  924W,  25,    0, TD,   0,    ,    0,    0,    0,    0, 
AL, 84, 2014062306, 03, IVCN,   0,   0N,    0W, 100,    0,   ,   0,    ,    0,    0,    0,    0, 
AL, 84, 2014062306, 03, IVCN,  12,   0N,    0W,  88,    0,   ,   0,    ,    0,    0,    0,    0, 
AL, 84, 2014062306, 03, IVCN,  24,   0N,    0W,  73,    0,   ,   0,    ,    0,    0,    0,    0, 
AL, 84, 2014062306, 03, IVCN,  36,   0N,    0W,  62,    0,   ,   0,    ,    0,    0,    0,    0, 
AL, 84, 2014062306, 03, IVCN,  48,   0N,    0W,  53,    0,   ,   0,    ,    0,    0,    0,    0, 
AL, 84, 2014062306, 03, IVCN,  60,   0N,    0W,  47,    0,   ,   0,    ,    0,    0,    0,    0, 
AL, 84, 2014062306, 03, IVCN,  72,   0N,    0W,  42,    0,   ,   0,    ,    0,    0,    0,    0, 
AL, 84, 2014062306, 03, IVCN,  84,   0N,    0W,  38,    0,   ,   0,    ,    0,    0,    0,    0, 
AL, 84, 2014062306, 03, IVCN,  96,   0N,    0W,  35,    0,   ,   0,    ,    0,    0,    0,    0, 
AL, 84, 2014062306, 03, IVCN, 108,   0N,    0W,  35,    0,   ,   0,    ,    0,    0,    0,    0, 
AL, 84, 2014062306, 03, IVCN, 120,   0N,    0W,  30,    0,   ,   0,    ,    0,    0,    0,    0, 
AL, 84, 2014062306, 03, LBAR,   0, 240N,  860W, 100,    0,   ,   0,    ,    0,    0,    0,    0, 
AL, 84, 2014062306, 03, LBAR,  12, 250N,  865W,   0,    0,   ,   0,    ,    0,    0,    0,    0, 
AL, 84, 2014062306, 03, LBAR,  24, 258N,  871W,   0,    0,   ,   0,    ,    0,    0,    0,    0, 
AL, 84, 2014062306, 03, LBAR,  36, 267N,  874W,   0,    0,   ,   0,    ,    0,    0,    0,    0, 
AL, 84, 2014062306, 03, LBAR,  48, 277N,  876W,   0,    0,   ,   0,    ,    0,    0,    0,    0, 
AL, 84, 2014062306, 03, LBAR,  60, 283N,  876W,   0,    0,   ,   0,    ,    0,    0,    0,    0, 
AL, 84, 2014062306, 03, LBAR,  72, 286N,  871W,   0,    0,   ,   0,    ,    0,    0,    0,    0, 
AL, 84, 2014062306, 03, LBAR,  84, 290N,  862W,   0,    0,   ,   0,    ,    0,    0,    0,    0, 
AL, 84, 2014062306, 03, LBAR,  96, 296N,  846W,   0,    0,   ,   0,    ,    0,    0,    0,    0, 
AL, 84, 2014062306, 03, LBAR, 108, 306N,  830W,   0,    0,   ,   0,    ,    0,    0,    0,    0, 
AL, 84, 2014062306, 03, LBAR, 120, 318N,  805W,   0,    0,   ,   0,    ,    0,    0,    0,    0, 
AL, 84, 2014062306, 03, LGEM,   0, 240N,  860W, 100,    0, HU,   0,    ,    0,    0,    0,    0, 
AL, 84, 2014062306, 03, LGEM,  12, 247N,  875W,  90,    0, HU,   0,    ,    0,    0,    0,    0, 
AL, 84, 2014062306, 03, LGEM,  24, 251N,  891W,  78,    0, HU,   0,    ,    0,    0,    0,    0, 
AL, 84, 2014062306, 03, LGEM,  36, 255N,  904W,  69,    0, HU,   0,    ,    0,    0,    0,    0, 
AL, 84, 2014062306, 03, LGEM,  48, 260N,  915W,  61,    0, TS,   0,    ,    0,    0,    0,    0, 
AL, 84, 2014062306, 03, LGEM,  60, 265N,  922W,  55,    0, TS,   0,    ,    0,    0,    0,    0, 
AL, 84, 2014062306, 03, LGEM,  72, 269N,  925W,  51,    0, TS,   0,    ,    0,    0,    0,    0, 
AL, 84, 2014062306, 03, LGEM,  84, 275N,  927W,  47,    0, TS,   0,    ,    0,    0,    0,    0, 
AL, 84, 2014062306, 03, LGEM,  96, 281N,  928W,  44,    0, TS,   0,    ,    0,    0,    0,    0, 
AL, 84, 2014062306, 03, LGEM, 108, 290N,  927W,  42,    0, TS,   0,    ,    0,    0,    0,    0, 
AL, 84, 2014062306, 03, LGEM, 120, 297N,  924W,  35,    0, TS,   0,    ,    0,    0,    0,    0, 
AL, 84, 2014062306, 03, MRCL,   0, 240N,  860W, 100,    0, HU,  34, NEQ,  150,  150,  130,  130, 
AL, 84, 2014062306, 03, MRCL,   0, 240N,  860W, 100,    0, HU,  50, NEQ,  100,   90,   70,   80, 
AL, 84, 2014062306, 03, MRCL,   0, 240N,  860W, 100,    0, HU,  64, NEQ,   50,   50,   30,   40, 
AL, 84, 2014062306, 03, MRCL,  12, 256N,  856W, 105,    0, HU,  34, NEQ,  165,  155,  105,  130, 
AL, 84, 2014062306, 03, MRCL,  12, 256N,  856W, 105,    0, HU,  50, NEQ,   90,   75,   70,   85, 
AL, 84, 2014062306, 03, MRCL,  12, 256N,  856W, 105,    0, HU,  64, NEQ,   60,   55,   40,   50, 
AL, 84, 2014062306, 03, MRCL,  24, 265N,  848W, 105,    0, HU,  34, NEQ,  180,  145,  115,  150, 
AL, 84, 2014062306, 03, MRCL,  24, 265N,  848W, 105,    0, HU,  50, NEQ,  115,   95,   85,   95, 
AL, 84, 2014062306, 03, MRCL,  24, 265N,  848W, 105,    0, HU,  64, NEQ,   65,   70,   25,   35, 
AL, 84, 2014062306, 03, MRCL,  36, 274N,  838W, 110,    0, HU,  34, NEQ,  160,  165,  165,  135, 
AL, 84, 2014062306, 03, MRCL,  36, 274N,  838W, 110,    0, HU,  50, NEQ,   75,  100,  105,   85, 
AL, 84, 2014062306, 03, MRCL,  36, 274N,  838W, 110,    0, HU,  64, NEQ,   50,   70,   70,   30, 
AL, 84, 2014062306, 03, MRCL,  48, 282N,  828W, 115,    0, HU,  34, NEQ,  160,  165,  170,  165, 
AL, 84, 2014062306, 03, MRCL,  48, 282N,  828W, 115,    0, HU,  50, NEQ,   90,  100,  100,   90, 
AL, 84, 2014062306, 03, MRCL,  48, 282N,  828W, 115,    0, HU,  64, NEQ,   55,   65,   70,   45, 
AL, 84, 2014062306, 03, MRCL,  72, 305N,  805W,  90,    0, HU,  34, NEQ,  175,  175,  125,  150, 
AL, 84, 2014062306, 03, MRCL,  72, 305N,  805W,  90,    0, HU,  50, NEQ,  115,  110,   85,   75, 
AL, 84, 2014062306, 03, MRCL,  72, 305N,  805W,  90,    0, HU,  64, NEQ,   80,   80,   35,   50, 
AL, 84, 2014062306, 03, OCD5,   0, 240N,  860W, 100,    0,   ,   0,    ,    0,    0,    0,    0, 
AL, 84, 2014062306, 03, OCD5,  12, 255N,  858W,  97,    0,   ,   0,    ,    0,    0,    0,    0, 
AL, 84, 2014062306, 03, OCD5,  24, 272N,  856W,  92,    0,   ,   0,    ,    0,    0,    0,    0, 
AL, 84, 2014062306, 03, OCD5,  36, 290N,  852W,  85,    0,   ,   0,    ,    0,    0,    0,    0, 
AL, 84, 2014062306, 03, OCD5,  48, 306N,  849W,  58,    0,   ,   0,    ,    0,    0,    0,    0, 
AL, 84, 2014062306, 03, OCD5,  60, 321N,  843W,  37,    0,   ,   0,    ,    0,    0,    0,    0, 
AL, 84, 2014062306, 03, OCD5,  72, 334N,  835W,  30,    0,   ,   0,    ,    0,    0,    0,    0, 
AL, 84, 2014062306, 03, OCD5,  84, 351N,  825W,  28,    0,   ,   0,    ,    0,    0,    0,    0, 
AL, 84, 2014062306, 03, OCD5,  96, 364N,  817W,  27,    0,   ,   0,    ,    0,    0,    0,    0, 
AL, 84, 2014062306, 03, OCD5, 108, 377N,  808W,  27,    0,   ,   0,    ,    0,    0,    0,    0, 
AL, 84, 2014062306, 03, OCD5, 120, 392N,  797W,  28,    0,   ,   0,    ,    0,    0,    0,    0, 
AL, 84, 2014062306, 03, OFCL,   0, 240N,  860W, 100,    0, HU,  34, NEQ,  150,  150,  130,  130,    0,    0,   0, 120,  20,    ,   0, MJB,  10,   6,           ,  , 12, NEQ,  150,  150,  110,  120, 
AL, 84, 2014062306, 03, OFCL,   0, 240N,  860W, 100,    0, HU,  50, NEQ,  100,   90,   70,   80,    0,    0,   0, 120,  20,    ,   0, MJB,  10,   6,           ,  , 12, NEQ,  150,  150,  110,  120, 
AL, 84, 2014062306, 03, OFCL,   0, 240N,  860W, 100,    0, HU,  64, NEQ,   50,   50,   30,   40,    0,    0,   0, 120,  20,    ,   0, MJB,  10,   6,           ,  , 12, NEQ,  150,  150,  110,  120, 
AL, 84, 2014062306, 03, OFCL,   3, 244N,  859W, 100,  960, HU,  34, NEQ,  150,  150,  130,  130,    0,    0,   0, 120,  20,    ,   0, MJB,  15,   8,           ,  , 12, NEQ,  150,  150,  110,  120, 
AL, 84, 2014062306, 03, OFCL,   3, 244N,  859W, 100,  960, HU,  50, NEQ,  100,   90,   70,   80,    0,    0,   0, 120,  20,    ,   0, MJB,  15,   8,           ,  , 12, NEQ,  150,  150,  110,  120, 
AL, 84, 2014062306, 03, OFCL,   3, 244N,  859W, 100,  960, HU,  64, NEQ,   50,   50,   30,   40,    0,    0,   0, 120,  20,    ,   0, MJB,  15,   8,           ,  , 12, NEQ,  150,  150,  110,  120, 
AL, 84, 2014062306, 03, OFCL,  12, 256N,  856W, 105,    0, HU,  34, NEQ,  145,  150,  135,  130,    0,    0,   0, 130,  20,    ,   0, MJB,  15,   8, 
AL, 84, 2014062306, 03, OFCL,  12, 256N,  856W, 105,    0, HU,  50, NEQ,   95,   90,   75,   80,    0,    0,   0, 130,  20,    ,   0, MJB,  15,   8, 
AL, 84, 2014062306, 03, OFCL,  12, 256N,  856W, 105,    0, HU,  64, NEQ,   50,   50,   40,   45,    0,    0,   0, 130,  20,    ,   0, MJB,  15,   8, 
AL, 84, 2014062306, 03, OFCL,  24, 265N,  848W, 105,    0, HU,  34, NEQ,  145,  155,  140,  130,    0,    0,   0, 130,  20,    ,   0, MJB,  40,   6, 
AL, 84, 2014062306, 03, OFCL,  24, 265N,  848W, 105,    0, HU,  50, NEQ,   90,   90,   80,   80,    0,    0,   0, 130,  20,    ,   0, MJB,  40,   6, 
AL, 84, 2014062306, 03, OFCL,  24, 265N,  848W, 105,    0, HU,  64, NEQ,   50,   55,   45,   45,    0,    0,   0, 130,  20,    ,   0, MJB,  40,   6, 
AL, 84, 2014062306, 03, OFCL,  36, 274N,  838W, 110,    0, HU,  34, NEQ,  145,  155,  140,  135,    0,    0,   0, 135,  20,    ,   0, MJB,  45,   6, 
AL, 84, 2014062306, 03, OFCL,  36, 274N,  838W, 110,    0, HU,  50, NEQ,   90,   90,   85,   80,    0,    0,   0, 135,  20,    ,   0, MJB,  45,   6, 
AL, 84, 2014062306, 03, OFCL,  36, 274N,  838W, 110,    0, HU,  64, NEQ,   55,   55,   50,   50,    0,    0,   0, 135,  20,    ,   0, MJB,  45,   6, 
AL, 84, 2014062306, 03, OFCL,  48, 282N,  828W, 115,    0, HU,  34, NEQ,  150,  160,  145,  135,    0,    0,   0, 140,  20,    ,   0, MJB,  50,   6, 
AL, 84, 2014062306, 03, OFCL,  48, 282N,  828W, 115,    0, HU,  50, NEQ,   90,   95,   85,   85,    0,    0,   0, 140,  20,    ,   0, MJB,  50,   6, 
AL, 84, 2014062306, 03, OFCL,  48, 282N,  828W, 115,    0, HU,  64, NEQ,   55,   60,   55,   55,    0,    0,   0, 140,  20,    ,   0, MJB,  50,   6, 
AL, 84, 2014062306, 03, OFCL,  72, 305N,  805W,  90,    0, HU,  34, NEQ,  140,  160,  140,  125,    0,    0,   0, 110,  20,    ,   0, MJB,  40,   8, 
AL, 84, 2014062306, 03, OFCL,  72, 305N,  805W,  90,    0, HU,  50, NEQ,   80,   85,   80,   75,    0,    0,   0, 110,  20,    ,   0, MJB,  40,   8, 
AL, 84, 2014062306, 03, OFCL,  72, 305N,  805W,  90,    0, HU,  64, NEQ,   50,   55,   50,   45,    0,    0,   0, 110,  20,    ,   0, MJB,  40,   8, 
AL, 84, 2014062306, 03, OFCL,  96, 330N,  770W,  85,    0, HU,  34, NEQ,    0,    0,    0,    0,    0,    0,   0, 105,  20,    ,   0, MJB,  50,  10, 
AL, 84, 2014062306, 03, OFCL, 120, 350N,  725W,  85,    0, HU,  34, NEQ,    0,    0,    0,    0,    0,    0,   0, 105,  20,    ,   0, MJB,  60,  11, 
AL, 84, 2014062306, 03, SHF5,   0,   0N,    0W, 100,    0,   ,   0,    ,    0,    0,    0,    0, 
AL, 84, 2014062306, 03, SHF5,  12,   0N,    0W,  97,    0,   ,   0,    ,    0,    0,    0,    0, 
AL, 84, 2014062306, 03, SHF5,  24,   0N,    0W,  92,    0,   ,   0,    ,    0,    0,    0,    0, 
AL, 84, 2014062306, 03, SHF5,  36,   0N,    0W,  85,    0,   ,   0,    ,    0,    0,    0,    0, 
AL, 84, 2014062306, 03, SHF5,  48,   0N,    0W,  77,    0,   ,   0,    ,    0,    0,    0,    0, 
AL, 84, 2014062306, 03, SHF5,  60,   0N,    0W,  70,    0,   ,   0,    ,    0,    0,    0,    0, 
AL, 84, 2014062306, 03, SHF5,  72,   0N,    0W,  63,    0,   ,   0,    ,    0,    0,    0,    0, 
AL, 84, 2014062306, 03, SHF5,  84,   0N,    0W,  57,    0,   ,   0,    ,    0,    0,    0,    0, 
AL, 84, 2014062306, 03, SHF5,  96,   0N,    0W,  50,    0,   ,   0,    ,    0,    0,    0,    0, 
AL, 84, 2014062306, 03, SHF5, 108,   0N,    0W,  44,    0,   ,   0,    ,    0,    0,    0,    0, 
AL, 84, 2014062306, 03, SHF5, 120,   0N,    0W,  11,    0,   ,   0,    ,    0,    0,    0,    0, 
AL, 84, 2014062306, 03, SHFR,  12,   0N,    0W,  98,    0,   ,   0,    ,    0,    0,    0,    0, 
AL, 84, 2014062306, 03, SHFR,  24,   0N,    0W,  95,    0,   ,   0,    ,    0,    0,    0,    0, 
AL, 84, 2014062306, 03, SHFR,  36,   0N,    0W,  92,    0,   ,   0,    ,    0,    0,    0,    0, 
AL, 84, 2014062306, 03, SHFR,  48,   0N,    0W,  90,    0,   ,   0,    ,    0,    0,    0,    0, 
AL, 84, 2014062306, 03, SHFR,  60,   0N,    0W,  86,    0,   ,   0,    ,    0,    0,    0,    0, 
AL, 84, 2014062306, 03, SHFR,  72,   0N,    0W,  82,    0,   ,   0,    ,    0,    0,    0,    0, 
AL, 84, 2014062306, 03, SHIP,   0, 240N,  860W, 100,    0, HU,   0,    ,    0,    0,    0,    0, 
AL, 84, 2014062306, 03, SHIP,  12, 247N,  875W,  86,    0, HU,   0,    ,    0,    0,    0,    0, 
AL, 84, 2014062306, 03, SHIP,  24, 251N,  891W,  67,    0, HU,   0,    ,    0,    0,    0,    0, 
AL, 84, 2014062306, 03, SHIP,  36, 255N,  904W,  55,    0, TS,   0,    ,    0,    0,    0,    0, 
AL, 84, 2014062306, 03, SHIP,  48, 260N,  915W,  44,    0, TS,   0,    ,    0,    0,    0,    0, 
AL, 84, 2014062306, 03, SHIP,  60, 265N,  922W,  39,    0, TS,   0,    ,    0,    0,    0,    0, 
AL, 84, 2014062306, 03, SHIP,  72, 269N,  925W,  33,    0, TD,   0,    ,    0,    0,    0,    0, 
AL, 84, 2014062306, 03, SHIP,  84, 275N,  927W,  29,    0, TD,   0,    ,    0,    0,    0,    0, 
AL, 84, 2014062306, 03, SHIP,  96, 281N,  928W,  25,    0, TD,   0,    ,    0,    0,    0,    0, 
AL, 84, 2014062306, 03, SHIP, 108, 290N,  927W,  27,    0, TD,   0,    ,    0,    0,    0,    0, 
AL, 84, 2014062306, 03, SHIP, 120, 297N,  924W,  27,    0, TD,   0,    ,    0,    0,    0,    0, 
AL, 84, 2014062306, 03, XTRP,   0, 240N,  860W,   0,    0,   ,   0,    ,    0,    0,    0,    0, 
AL, 84, 2014062306, 03, XTRP,  12, 253N,  858W,   0,    0,   ,   0,    ,    0,    0,    0,    0, 
AL, 84, 2014062306, 03, XTRP,  24, 266N,  857W,   0,    0,   ,   0,    ,    0,    0,    0,    0, 
AL, 84, 2014062306, 03, XTRP,  36, 279N,  856W,   0,    0,   ,   0,    ,    0,    0,    0,    0, 
AL, 84, 2014062306, 03, XTRP,  48, 292N,  855W,   0,    0,   ,   0,    ,    0,    0,    0,    0, 
AL, 84, 2014062306, 03, XTRP,  60, 305N,  854W,   0,    0,   ,   0,    ,    0,    0,    0,    0, 
AL, 84, 2014062306, 03, XTRP,  72, 318N,  853W,   0,    0,   ,   0,    ,    0,    0,    0,    0, 
AL, 84, 2014062306, 03, XTRP,  84, 331N,  852W,   0,    0,   ,   0,    ,    0,    0,    0,    0, 
AL, 84, 2014062306, 03, XTRP,  96, 344N,  851W,   0,    0,   ,   0,    ,    0,    0,    0,    0, 
AL, 84, 2014062306, 03, XTRP, 108, 357N,  850W,   0,    0,   ,   0,    ,    0,    0,    0,    0, 
AL, 84, 2014062306, 03, XTRP, 120, 370N,  848W,   0,    0,   ,   0,    ,    0,    0,    0,    0, 
AL, 84, 2014062306, 03, XTRP, 132, 383N,  847W,   0,    0,   ,   0,    ,    0,    0,    0,    0, 
AL, 84, 2014062306, 03, XTRP, 144, 396N,  846W,   0,    0,   ,   0,    ,    0,    0,    0,    0, 
AL, 84, 2014062306, 03, XTRP, 156, 409N,  845W,   0,    0,   ,   0,    ,    0,    0,    0,    0, 
AL, 84, 2014062306, 03, XTRP, 168, 422N,  844W,   0,    0,   ,   0,    ,    0,    0,    0,    0, 
AL, 84, 2014062312, 01, CARQ, -24, 220N,  861W,  90,    0, HU,  34, AAA,    0,    0,    0,    0,    0,    0,   0,   0,   0,   L,   0,   X,   0,   0,       TEST,  , 
AL, 84, 2014062312, 01, CARQ, -18, 227N,  861W,  95,    0, HU,  34, AAA,    0,    0,    0,    0,    0,    0,   0,   0,   0,   L,   0,   X,   0,   0,       TEST,  , 
AL, 84, 2014062312, 01, CARQ, -12, 234N,  861W, 100,    0, HU,  34, AAA,    0,    0,    0,    0,    0,    0,   0,   0,   0,   L,   0,   X,   4,   7,       TEST,  , 
AL, 84, 2014062312, 01, CARQ,  -6, 240N,  860W, 100,    0, HU,  34, AAA,    0,    0,    0,    0,    0,    0,   0,   0,   0,   L,   0,   X,   0,   0,       TEST,  , 
AL, 84, 2014062312, 01, CARQ,   0, 246N,  857W, 100,  960, HU,  34, NEQ,  150,  150,  130,  130, 1010,  210,  20,   0,   0,   L,   0,   X,  10,   6,       TEST, D, 
AL, 84, 2014062312, 01, CARQ,   0, 246N,  857W, 100,  960, HU,  50, NEQ,  100,   90,   70,   80, 1010,  210,  20,   0,   0,   L,   0,   X,  10,   6,       TEST, D, 
AL, 84, 2014062312, 01, CARQ,   0, 246N,  857W, 100,  960, HU,  64, NEQ,   50,   50,   30,   40, 1010,  210,  20,   0,   0,   L,   0,   X,  10,   6,       TEST, D, 
AL, 84, 2014062312, 03, DRCL,   0, 246N,  857W, 100,    0, HU,  34, NEQ,  150,  150,  130,  130, 
AL, 84, 2014062312, 03, DRCL,   0, 246N,  857W, 100,    0, HU,  50, NEQ,  100,   90,   70,   80, 
AL, 84, 2014062312, 03, DRCL,   0, 246N,  857W, 100,    0, HU,  64, NEQ,   50,   50,   30,   40, 
AL, 84, 2014062312, 03, DRCL,  12, 260N,  851W, 105,    0, HU,  34, NEQ,  147,  152,  133,  130, 
AL, 84, 2014062312, 03, DRCL,  12, 260N,  851W, 105,    0, HU,  50, NEQ,   96,   91,   75,   81, 
AL, 84, 2014062312, 03, DRCL,  12, 260N,  851W, 105,    0, HU,  64, NEQ,   51,   52,   37,   43, 
AL, 84, 2014062312, 03, DRCL,  24, 272N,  841W, 105,    0, HU,  34, NEQ,  145,  155,  138,  130, 
AL, 84, 2014062312, 03, DRCL,  24, 272N,  841W, 105,    0, HU,  50, NEQ,   92,   92,   79,   80, 
AL, 84, 2014062312, 03, DRCL,  24, 272N,  841W, 105,    0, HU,  64, NEQ,   52,   54,   44,   47, 
AL, 84, 2014062312, 03, DRCL,  36, 282N,  829W, 115,    0, HU,  34, NEQ,  149,  159,  144,  135, 
AL, 84, 2014062312, 03, DRCL,  36, 282N,  829W, 115,    0, HU,  50, NEQ,   94,   95,   85,   84, 
AL, 84, 2014062312, 03, DRCL,  36, 282N,  829W, 115,    0, HU,  64, NEQ,   57,   59,   51,   52, 
AL, 84, 2014062312, 03, DRCL,  48, 291N,  819W, 100,    0, HU,  34, NEQ,  145,  162,  140,  126, 
AL, 84, 2014062312, 03, DRCL,  48, 291N,  819W, 100,    0, HU,  50, NEQ,   87,   92,   80,   77, 
AL, 84, 2014062312, 03, DRCL,  48, 291N,  819W, 100,    0, HU,  64, NEQ,   54,   57,   49,   48, 
AL, 84, 2014062312, 03, DRCL,  72, 330N,  775W,  90,    0, HU,  34, NEQ,  149,  168,  142,  127, 
AL, 84, 2014062312, 03, DRCL,  72, 330N,  775W,  90,    0, HU,  50, NEQ,   85,   91,   80,   75, 
AL, 84, 2014062312, 03, DRCL,  72, 330N,  775W,  90,    0, HU,  64, NEQ,   53,   57,   50,   48, 
AL, 84, 2014062312, 03, DRCL,  96, 360N,  745W,  85,    0, HU,  34, NEQ,  155,  169,  148,  137, 
AL, 84, 2014062312, 03, DRCL,  96, 360N,  745W,  85,    0, HU,  50, NEQ,   86,   90,   82,   78, 
AL, 84, 2014062312, 03, DRCL,  96, 360N,  745W,  85,    0, HU,  64, NEQ,   54,   56,   52,   50, 
AL, 84, 2014062312, 03, DRCL, 120, 380N,  720W,  85,    0, HU,  34, NEQ,  161,  172,  156,  146, 
AL, 84, 2014062312, 03, DRCL, 120, 380N,  720W,  85,    0, HU,  50, NEQ,   88,   92,   86,   82, 
AL, 84, 2014062312, 03, DRCL, 120, 380N,  720W,  85,    0, HU,  64, NEQ,   56,   58,   55,   53, 
AL, 84, 2014062312, 03, MRCL,   0, 246N,  857W, 100,    0, HU,  34, NEQ,  150,  150,  130,  130, 
AL, 84, 2014062312, 03, MRCL,   0, 246N,  857W, 100,    0, HU,  50, NEQ,  100,   90,   70,   80, 
AL, 84, 2014062312, 03, MRCL,   0, 246N,  857W, 100,    0, HU,  64, NEQ,   50,   50,   30,   40, 
AL, 84, 2014062312, 03, MRCL,  12, 260N,  851W, 105,    0, HU,  34, NEQ,  165,  155,  105,  135, 
AL, 84, 2014062312, 03, MRCL,  12, 260N,  851W, 105,    0, HU,  50, NEQ,   90,   75,   70,   85, 
AL, 84, 2014062312, 03, MRCL,  12, 260N,  851W, 105,    0, HU,  64, NEQ,   60,   55,   40,   50, 
AL, 84, 2014062312, 03, MRCL,  24, 272N,  841W, 105,    0, HU,  34, NEQ,  180,  150,  115,  155, 
AL, 84, 2014062312, 03, MRCL,  24, 272N,  841W, 105,    0, HU,  50, NEQ,  115,   95,   85,   95, 
AL, 84, 2014062312, 03, MRCL,  24, 272N,  841W, 105,    0, HU,  64, NEQ,   70,   70,   25,   35, 
AL, 84, 2014062312, 03, MRCL,  36, 282N,  829W, 115,    0, HU,  34, NEQ,  170,  150,  140,  155, 
AL, 84, 2014062312, 03, MRCL,  36, 282N,  829W, 115,    0, HU,  50, NEQ,  105,  105,   85,   75, 
AL, 84, 2014062312, 03, MRCL,  36, 282N,  829W, 115,    0, HU,  64, NEQ,   80,   70,   30,   55, 
AL, 84, 2014062312, 03, MRCL,  48, 291N,  819W, 100,    0, HU,  34, NEQ,  165,  170,  135,  160, 
AL, 84, 2014062312, 03, MRCL,  48, 291N,  819W, 100,    0, HU,  50, NEQ,  105,   95,   85,   85, 
AL, 84, 2014062312, 03, MRCL,  48, 291N,  819W, 100,    0, HU,  64, NEQ,   70,   65,   40,   45, 
AL, 84, 2014062312, 03, MRCL,  72, 330N,  775W,  90,    0, HU,  34, NEQ,  180,  185,  135,  155, 
AL, 84, 2014062312, 03, MRCL,  72, 330N,  775W,  90,    0, HU,  50, NEQ,  125,  125,   95,   80, 
AL, 84, 2014062312, 03, MRCL,  72, 330N,  775W,  90,    0, HU,  64, NEQ,   80,   75,   35,   45, 
