AL, 85, 2014043012, 01, CARQ, -24, 197N,  428W,  20,    0, DB,  34, AAA,    0,    0,    0,    0,    0,    0,   0,   0,   0,   L,   0,   X,   0,   0,       TEST,  , 
AL, 85, 2014043012, 01, CARQ, -18, 199N,  434W,  20,    0, DB,  34, AAA,    0,    0,    0,    0,    0,    0,   0,   0,   0,   L,   0,   X,   0,   0,       TEST,  , 
AL, 85, 2014043012, 01, CARQ, -12, 200N,  440W,  20,    0, DB,  34, AAA,    0,    0,    0,    0,    0,    0,   0,   0,   0,   L,   0,   X, 276,   5,       TEST,  , 
AL, 85, 2014043012, 01, CARQ,  -6, 200N,  445W,  20,    0, DB,  34, AAA,    0,    0,    0,    0,    0,    0,   0,   0,   0,   L,   0,   X,   0,   0,       TEST,  , 
AL, 85, 2014043012, 01, CARQ,   0, 200N,  450W,  20, 1009, DB,  34, NEQ,    0,    0,    0,    0, 1010,  150,   0,   0,   0,   L,   0,   X, 275,   5,       TEST, S, 
AL, 85, 2014043012, 01, CARQ,   0, 200N,  450W,  20, 1009, DB,  50, NEQ,    0,    0,    0,    0, 1010,  150,   0,   0,   0,   L,   0,   X, 275,   5,       TEST, S, 
AL, 85, 2014043012, 01, CARQ,   0, 200N,  450W,  20, 1009, DB,  64, NEQ,    0,    0,    0,    0, 1010,  150,   0,   0,   0,   L,   0,   X, 275,   5,       TEST, S, 
AL, 85, 2014043012, 03, BAMD,  12, 213N,  374W,   0,    0,   ,   0,    ,    0,    0,    0,    0, 
AL, 85, 2014043012, 03, BAMD,  24, 230N,  297W,   0,    0,   ,   0,    ,    0,    0,    0,    0, 
AL, 85, 2014043012, 03, BAMD,  36, 236N,  227W,   0,    0,   ,   0,    ,    0,    0,    0,    0, 
AL, 85, 2014043012, 03, BAMD,  48, 225N,  152W,   0,    0,   ,   0,    ,    0,    0,    0,    0, 
AL, 85, 2014043012, 03, BAMD,  60, 219N,   65W,   0,    0,   ,   0,    ,    0,    0,    0,    0, 
AL, 85, 2014043012, 03, BAMD,  72, 217N,   16E,   0,    0,   ,   0,    ,    0,    0,    0,    0, 
AL, 85, 2014043012, 03, BAMD,  84, 219N,   93E,   0,    0,   ,   0,    ,    0,    0,    0,    0, 
AL, 85, 2014043012, 03, BAMD,  96, 238N,  170E,   0,    0,   ,   0,    ,    0,    0,    0,    0, 
AL, 85, 2014043012, 03, BAMD, 108, 266N,  245E,   0,    0,   ,   0,    ,    0,    0,    0,    0, 
AL, 85, 2014043012, 03, BAMD, 120, 287N,  313E,   0,    0,   ,   0,    ,    0,    0,    0,    0, 
AL, 85, 2014043012, 03, BAMD, 132, 305N,  355E,   0,    0,   ,   0,    ,    0,    0,    0,    0, 
AL, 85, 2014043012, 03, BAMD, 144, 327N,  376E,   0,    0,   ,   0,    ,    0,    0,    0,    0, 
AL, 85, 2014043012, 03, BAMD, 156, 352N,  384E,   0,    0,   ,   0,    ,    0,    0,    0,    0, 
AL, 85, 2014043012, 03, BAMD, 168, 382N,  380E,   0,    0,   ,   0,    ,    0,    0,    0,    0, 
AL, 85, 2014043012, 03, BAMM,  12, 214N,  410W,   0,    0,   ,   0,    ,    0,    0,    0,    0, 
AL, 85, 2014043012, 03, BAMM,  24, 235N,  357W,   0,    0,   ,   0,    ,    0,    0,    0,    0, 
AL, 85, 2014043012, 03, BAMM,  36, 260N,  308W,   0,    0,   ,   0,    ,    0,    0,    0,    0, 
AL, 85, 2014043012, 03, BAMM,  48, 287N,  276W,   0,    0,   ,   0,    ,    0,    0,    0,    0, 
AL, 85, 2014043012, 03, BAMM,  60, 315N,  255W,   0,    0,   ,   0,    ,    0,    0,    0,    0, 
AL, 85, 2014043012, 03, BAMM,  72, 335N,  246W,   0,    0,   ,   0,    ,    0,    0,    0,    0, 
AL, 85, 2014043012, 03, BAMM,  84, 338N,  246W,   0,    0,   ,   0,    ,    0,    0,    0,    0, 
AL, 85, 2014043012, 03, BAMM,  96, 325N,  253W,   0,    0,   ,   0,    ,    0,    0,    0,    0, 
AL, 85, 2014043012, 03, BAMM, 108, 303N,  263W,   0,    0,   ,   0,    ,    0,    0,    0,    0, 
AL, 85, 2014043012, 03, BAMM, 120, 278N,  274W,   0,    0,   ,   0,    ,    0,    0,    0,    0, 
AL, 85, 2014043012, 03, BAMM, 132, 263N,  281W,   0,    0,   ,   0,    ,    0,    0,    0,    0, 
AL, 85, 2014043012, 03, BAMM, 144, 257N,  289W,   0,    0,   ,   0,    ,    0,    0,    0,    0, 
AL, 85, 2014043012, 03, BAMM, 156, 255N,  299W,   0,    0,   ,   0,    ,    0,    0,    0,    0, 
AL, 85, 2014043012, 03, BAMM, 168, 255N,  311W,   0,    0,   ,   0,    ,    0,    0,    0,    0, 
AL, 85, 2014043012, 03, BAMS,  12, 214N,  436W,   0,    0,   ,   0,    ,    0,    0,    0,    0, 
AL, 85, 2014043012, 03, BAMS,  24, 233N,  395W,   0,    0,   ,   0,    ,    0,    0,    0,    0, 
AL, 85, 2014043012, 03, BAMS,  36, 253N,  345W,   0,    0,   ,   0,    ,    0,    0,    0,    0, 
AL, 85, 2014043012, 03, BAMS,  48, 268N,  308W,   0,    0,   ,   0,    ,    0,    0,    0,    0, 
AL, 85, 2014043012, 03, BAMS,  60, 279N,  282W,   0,    0,   ,   0,    ,    0,    0,    0,    0, 
AL, 85, 2014043012, 03, BAMS,  72, 279N,  268W,   0,    0,   ,   0,    ,    0,    0,    0,    0, 
AL, 85, 2014043012, 03, BAMS,  84, 274N,  264W,   0,    0,   ,   0,    ,    0,    0,    0,    0, 
AL, 85, 2014043012, 03, BAMS,  96, 263N,  266W,   0,    0,   ,   0,    ,    0,    0,    0,    0, 
AL, 85, 2014043012, 03, BAMS, 108, 249N,  271W,   0,    0,   ,   0,    ,    0,    0,    0,    0, 
AL, 85, 2014043012, 03, BAMS, 120, 234N,  282W,   0,    0,   ,   0,    ,    0,    0,    0,    0, 
AL, 85, 2014043012, 03, BAMS, 132, 226N,  297W,   0,    0,   ,   0,    ,    0,    0,    0,    0, 
AL, 85, 2014043012, 03, BAMS, 144, 223N,  313W,   0,    0,   ,   0,    ,    0,    0,    0,    0, 
AL, 85, 2014043012, 03, BAMS, 156, 223N,  331W,   0,    0,   ,   0,    ,    0,    0,    0,    0, 
AL, 85, 2014043012, 03, BAMS, 168, 225N,  350W,   0,    0,   ,   0,    ,    0,    0,    0,    0, 
AL, 85, 2014043012, 03, CLIP,  12, 202N,  461W,   0,    0,   ,   0,    ,    0,    0,    0,    0, 
AL, 85, 2014043012, 03, CLIP,  24, 205N,  474W,   0,    0,   ,   0,    ,    0,    0,    0,    0, 
AL, 85, 2014043012, 03, CLIP,  36, 210N,  488W,   0,    0,   ,   0,    ,    0,    0,    0,    0, 
AL, 85, 2014043012, 03, CLIP,  48, 215N,  502W,   0,    0,   ,   0,    ,    0,    0,    0,    0, 
AL, 85, 2014043012, 03, CLIP,  72, 229N,  526W,   0,    0,   ,   0,    ,    0,    0,    0,    0, 
AL, 85, 2014043012, 03, CLP5,  12, 203N,  462W,   0,    0,   ,   0,    ,    0,    0,    0,    0, 
AL, 85, 2014043012, 03, CLP5,  24, 207N,  474W,   0,    0,   ,   0,    ,    0,    0,    0,    0, 
AL, 85, 2014043012, 03, CLP5,  36, 216N,  488W,   0,    0,   ,   0,    ,    0,    0,    0,    0, 
AL, 85, 2014043012, 03, CLP5,  48, 223N,  505W,   0,    0,   ,   0,    ,    0,    0,    0,    0, 
AL, 85, 2014043012, 03, CLP5,  60, 236N,  519W,   0,    0,   ,   0,    ,    0,    0,    0,    0, 
AL, 85, 2014043012, 03, CLP5,  72, 248N,  532W,   0,    0,   ,   0,    ,    0,    0,    0,    0, 
AL, 85, 2014043012, 03, CLP5,  84, 262N,  542W,   0,    0,   ,   0,    ,    0,    0,    0,    0, 
AL, 85, 2014043012, 03, CLP5,  96, 274N,  549W,   0,    0,   ,   0,    ,    0,    0,    0,    0, 
AL, 85, 2014043012, 03, CLP5, 108, 286N,  553W,   0,    0,   ,   0,    ,    0,    0,    0,    0, 
AL, 85, 2014043012, 03, CLP5, 120, 302N,  555W,   0,    0,   ,   0,    ,    0,    0,    0,    0, 
AL, 85, 2014043012, 03, DSHP,   0, 200N,  450W,  20,    0, EX,   0,    ,    0,    0,    0,    0, 
AL, 85, 2014043012, 03, DSHP,  12, 214N,  410W,  22,    0, EX,   0,    ,    0,    0,    0,    0, 
AL, 85, 2014043012, 03, DSHP,  24, 235N,  357W,  20,    0, EX,   0,    ,    0,    0,    0,    0, 
AL, 85, 2014043012, 03, LBAR,   0, 200N,  450W,  20,    0,   ,   0,    ,    0,    0,    0,    0, 
AL, 85, 2014043012, 03, LBAR,  12, 216N,  426W,   0,    0,   ,   0,    ,    0,    0,    0,    0, 
AL, 85, 2014043012, 03, LBAR,  24, 237N,  392W,   0,    0,   ,   0,    ,    0,    0,    0,    0, 
AL, 85, 2014043012, 03, LBAR,  36, 269N,  352W,   0,    0,   ,   0,    ,    0,    0,    0,    0, 
AL, 85, 2014043012, 03, LBAR,  48, 299N,  317W,   0,    0,   ,   0,    ,    0,    0,    0,    0, 
AL, 85, 2014043012, 03, LBAR,  60, 310N,  271W,   0,    0,   ,   0,    ,    0,    0,    0,    0, 
AL, 85, 2014043012, 03, LBAR,  72, 306N,  228W,   0,    0,   ,   0,    ,    0,    0,    0,    0, 
AL, 85, 2014043012, 03, LBAR,  84, 302N,  199W,   0,    0,   ,   0,    ,    0,    0,    0,    0, 
AL, 85, 2014043012, 03, LBAR,  96, 297N,  182W,   0,    0,   ,   0,    ,    0,    0,    0,    0, 
AL, 85, 2014043012, 03, LGEM,   0, 200N,  450W,  20,    0, EX,   0,    ,    0,    0,    0,    0, 
AL, 85, 2014043012, 03, LGEM,  12, 214N,  410W,  17,    0, EX,   0,    ,    0,    0,    0,    0, 
AL, 85, 2014043012, 03, OCD5,   0, 200N,  450W,  20,    0,   ,   0,    ,    0,    0,    0,    0, 
AL, 85, 2014043012, 03, OCD5,  12, 203N,  462W,  17,    0,   ,   0,    ,    0,    0,    0,    0, 
AL, 85, 2014043012, 03, OCD5,  24, 207N,  474W,  13,    0,   ,   0,    ,    0,    0,    0,    0, 
AL, 85, 2014043012, 03, OCD5,  36, 216N,  488W,   7,    0,   ,   0,    ,    0,    0,    0,    0, 
AL, 85, 2014043012, 03, OCD5,  48, 223N,  505W,   5,    0,   ,   0,    ,    0,    0,    0,    0, 
AL, 85, 2014043012, 03, OCD5,  60, 236N,  519W,   3,    0,   ,   0,    ,    0,    0,    0,    0, 
AL, 85, 2014043012, 03, OCD5,  72, 248N,  532W,   4,    0,   ,   0,    ,    0,    0,    0,    0, 
AL, 85, 2014043012, 03, OCD5,  84, 262N,  542W,  14,    0,   ,   0,    ,    0,    0,    0,    0, 
AL, 85, 2014043012, 03, OCD5,  96, 274N,  549W,  12,    0,   ,   0,    ,    0,    0,    0,    0, 
AL, 85, 2014043012, 03, OCD5, 108, 286N,  553W,   7,    0,   ,   0,    ,    0,    0,    0,    0, 
AL, 85, 2014043012, 03, OCD5, 120, 302N,  555W,   7,    0,   ,   0,    ,    0,    0,    0,    0, 
AL, 85, 2014043012, 03, SHF5,   0,   0N,    0W,  20,    0,   ,   0,    ,    0,    0,    0,    0, 
AL, 85, 2014043012, 03, SHF5,  12,   0N,    0W,  17,    0,   ,   0,    ,    0,    0,    0,    0, 
AL, 85, 2014043012, 03, SHF5,  24,   0N,    0W,  13,    0,   ,   0,    ,    0,    0,    0,    0, 
AL, 85, 2014043012, 03, SHF5,  36,   0N,    0W,   7,    0,   ,   0,    ,    0,    0,    0,    0, 
AL, 85, 2014043012, 03, SHF5,  48,   0N,    0W,   5,    0,   ,   0,    ,    0,    0,    0,    0, 
AL, 85, 2014043012, 03, SHF5,  60,   0N,    0W,   3,    0,   ,   0,    ,    0,    0,    0,    0, 
AL, 85, 2014043012, 03, SHF5,  72,   0N,    0W,   4,    0,   ,   0,    ,    0,    0,    0,    0, 
AL, 85, 2014043012, 03, SHF5,  84,   0N,    0W,  14,    0,   ,   0,    ,    0,    0,    0,    0, 
AL, 85, 2014043012, 03, SHF5,  96,   0N,    0W,  12,    0,   ,   0,    ,    0,    0,    0,    0, 
AL, 85, 2014043012, 03, SHF5, 108,   0N,    0W,   7,    0,   ,   0,    ,    0,    0,    0,    0, 
AL, 85, 2014043012, 03, SHF5, 120,   0N,    0W,   7,    0,   ,   0,    ,    0,    0,    0,    0, 
AL, 85, 2014043012, 03, SHFR,  12,   0N,    0W,  21,    0,   ,   0,    ,    0,    0,    0,    0, 
AL, 85, 2014043012, 03, SHFR,  24,   0N,    0W,  22,    0,   ,   0,    ,    0,    0,    0,    0, 
AL, 85, 2014043012, 03, SHFR,  36,   0N,    0W,  24,    0,   ,   0,    ,    0,    0,    0,    0, 
AL, 85, 2014043012, 03, SHFR,  48,   0N,    0W,  27,    0,   ,   0,    ,    0,    0,    0,    0, 
AL, 85, 2014043012, 03, SHFR,  60,   0N,    0W,  30,    0,   ,   0,    ,    0,    0,    0,    0, 
AL, 85, 2014043012, 03, SHFR,  72,   0N,    0W,  32,    0,   ,   0,    ,    0,    0,    0,    0, 
AL, 85, 2014043012, 03, SHIP,   0, 200N,  450W,  20,    0, EX,   0,    ,    0,    0,    0,    0, 
AL, 85, 2014043012, 03, SHIP,  12, 214N,  410W,  22,    0, EX,   0,    ,    0,    0,    0,    0, 
AL, 85, 2014043012, 03, SHIP,  24, 235N,  357W,  20,    0, EX,   0,    ,    0,    0,    0,    0, 
AL, 85, 2014043012, 03, XTRP,   0, 200N,  450W,   0,    0,   ,   0,    ,    0,    0,    0,    0, 
AL, 85, 2014043012, 03, XTRP,  12, 200N,  459W,   0,    0,   ,   0,    ,    0,    0,    0,    0, 
AL, 85, 2014043012, 03, XTRP,  24, 200N,  469W,   0,    0,   ,   0,    ,    0,    0,    0,    0, 
AL, 85, 2014043012, 03, XTRP,  36, 200N,  479W,   0,    0,   ,   0,    ,    0,    0,    0,    0, 
AL, 85, 2014043012, 03, XTRP,  48, 200N,  489W,   0,    0,   ,   0,    ,    0,    0,    0,    0, 
AL, 85, 2014043012, 03, XTRP,  60, 200N,  499W,   0,    0,   ,   0,    ,    0,    0,    0,    0, 
AL, 85, 2014043012, 03, XTRP,  72, 200N,  509W,   0,    0,   ,   0,    ,    0,    0,    0,    0, 
AL, 85, 2014043012, 03, XTRP,  84, 200N,  519W,   0,    0,   ,   0,    ,    0,    0,    0,    0, 
AL, 85, 2014043012, 03, XTRP,  96, 200N,  529W,   0,    0,   ,   0,    ,    0,    0,    0,    0, 
AL, 85, 2014043012, 03, XTRP, 108, 200N,  539W,   0,    0,   ,   0,    ,    0,    0,    0,    0, 
AL, 85, 2014043012, 03, XTRP, 120, 200N,  549W,   0,    0,   ,   0,    ,    0,    0,    0,    0, 
AL, 85, 2014043012, 03, XTRP, 132, 200N,  559W,   0,    0,   ,   0,    ,    0,    0,    0,    0, 
AL, 85, 2014043012, 03, XTRP, 144, 200N,  569W,   0,    0,   ,   0,    ,    0,    0,    0,    0, 
AL, 85, 2014043012, 03, XTRP, 156, 200N,  579W,   0,    0,   ,   0,    ,    0,    0,    0,    0, 
AL, 85, 2014043012, 03, XTRP, 168, 200N,  589W,   0,    0,   ,   0,    ,    0,    0,    0,    0, 
AL, 85, 2014050512, 01, CARQ, -24, 148N,  343W,  30,    0, TD,  34, AAA,    0,    0,    0,    0,    0,    0,   0,   0,   0,   L,   0,   X,   0,   0,       TEST,  , 
AL, 85, 2014050512, 01, CARQ, -18, 149N,  355W,  30,    0, TD,  34, AAA,    0,    0,    0,    0,    0,    0,   0,   0,   0,   L,   0,   X,   0,   0,       TEST,  , 
AL, 85, 2014050512, 01, CARQ, -12, 149N,  373W,  35,    0, TD,  34, AAA,    0,    0,    0,    0,    0,    0,   0,   0,   0,   L,   0,   X, 270,  16,       TEST,  , 
AL, 85, 2014050512, 01, CARQ,  -6, 149N,  388W,  40,    0, TD,  34, AAA,    0,    0,    0,    0,    0,    0,   0,   0,   0,   L,   0,   X,   0,   0,       TEST,  , 
AL, 85, 2014050512, 01, CARQ,   0, 150N,  400W,  30, 1009, TD,  34, NEQ,    0,    0,    0,    0, 1010,  150,   0,   0,   0,   L,   0,   X, 270,  14,       TEST, S, 
AL, 85, 2014050512, 01, CARQ,   0, 150N,  400W,  30, 1009, TD,  50, NEQ,    0,    0,    0,    0, 1010,  150,   0,   0,   0,   L,   0,   X, 270,  14,       TEST, S, 
AL, 85, 2014050512, 01, CARQ,   0, 150N,  400W,  30, 1009, TD,  64, NEQ,    0,    0,    0,    0, 1010,  150,   0,   0,   0,   L,   0,   X, 270,  14,       TEST, S, 
AL, 85, 2014050512, 03, BAMD,  12, 150N,  370W,   0,    0,   ,   0,    ,    0,    0,    0,    0, 
AL, 85, 2014050512, 03, BAMD,  24, 145N,  343W,   0,    0,   ,   0,    ,    0,    0,    0,    0, 
AL, 85, 2014050512, 03, BAMD,  36, 141N,  320W,   0,    0,   ,   0,    ,    0,    0,    0,    0, 
AL, 85, 2014050512, 03, BAMD,  48, 137N,  301W,   0,    0,   ,   0,    ,    0,    0,    0,    0, 
AL, 85, 2014050512, 03, BAMD,  60, 138N,  282W,   0,    0,   ,   0,    ,    0,    0,    0,    0, 
AL, 85, 2014050512, 03, BAMD,  72, 143N,  264W,   0,    0,   ,   0,    ,    0,    0,    0,    0, 
AL, 85, 2014050512, 03, BAMD,  84, 152N,  250W,   0,    0,   ,   0,    ,    0,    0,    0,    0, 
AL, 85, 2014050512, 03, BAMD,  96, 162N,  240W,   0,    0,   ,   0,    ,    0,    0,    0,    0, 
AL, 85, 2014050512, 03, BAMD, 108, 172N,  234W,   0,    0,   ,   0,    ,    0,    0,    0,    0, 
AL, 85, 2014050512, 03, BAMD, 120, 177N,  236W,   0,    0,   ,   0,    ,    0,    0,    0,    0, 
AL, 85, 2014050512, 03, BAMD, 132, 181N,  241W,   0,    0,   ,   0,    ,    0,    0,    0,    0, 
AL, 85, 2014050512, 03, BAMD, 144, 185N,  251W,   0,    0,   ,   0,    ,    0,    0,    0,    0, 
AL, 85, 2014050512, 03, BAMD, 156, 190N,  263W,   0,    0,   ,   0,    ,    0,    0,    0,    0, 
AL, 85, 2014050512, 03, BAMD, 168, 194N,  276W,   0,    0,   ,   0,    ,    0,    0,    0,    0, 
AL, 85, 2014050512, 03, BAMM,  12, 148N,  407W,   0,    0,   ,   0,    ,    0,    0,    0,    0, 
AL, 85, 2014050512, 03, BAMM,  24, 146N,  416W,   0,    0,   ,   0,    ,    0,    0,    0,    0, 
AL, 85, 2014050512, 03, BAMM,  36, 145N,  425W,   0,    0,   ,   0,    ,    0,    0,    0,    0, 
AL, 85, 2014050512, 03, BAMM,  48, 145N,  435W,   0,    0,   ,   0,    ,    0,    0,    0,    0, 
AL, 85, 2014050512, 03, BAMM,  60, 145N,  444W,   0,    0,   ,   0,    ,    0,    0,    0,    0, 
AL, 85, 2014050512, 03, BAMM,  72, 146N,  454W,   0,    0,   ,   0,    ,    0,    0,    0,    0, 
AL, 85, 2014050512, 03, BAMM,  84, 147N,  463W,   0,    0,   ,   0,    ,    0,    0,    0,    0, 
AL, 85, 2014050512, 03, BAMM,  96, 149N,  473W,   0,    0,   ,   0,    ,    0,    0,    0,    0, 
AL, 85, 2014050512, 03, BAMM, 108, 152N,  484W,   0,    0,   ,   0,    ,    0,    0,    0,    0, 
AL, 85, 2014050512, 03, BAMM, 120, 157N,  497W,   0,    0,   ,   0,    ,    0,    0,    0,    0, 
AL, 85, 2014050512, 03, BAMM, 132, 164N,  511W,   0,    0,   ,   0,    ,    0,    0,    0,    0, 
AL, 85, 2014050512, 03, BAMM, 144, 172N,  527W,   0,    0,   ,   0,    ,    0,    0,    0,    0, 
AL, 85, 2014050512, 03, BAMM, 156, 183N,  543W,   0,    0,   ,   0,    ,    0,    0,    0,    0, 
AL, 85, 2014050512, 03, BAMM, 168, 193N,  557W,   0,    0,   ,   0,    ,    0,    0,    0,    0, 
AL, 85, 2014050512, 03, BAMS,  12, 148N,  412W,   0,    0,   ,   0,    ,    0,    0,    0,    0, 
AL, 85, 2014050512, 03, BAMS,  24, 147N,  424W,   0,    0,   ,   0,    ,    0,    0,    0,    0, 
AL, 85, 2014050512, 03, BAMS,  36, 146N,  438W,   0,    0,   ,   0,    ,    0,    0,    0,    0, 
AL, 85, 2014050512, 03, BAMS,  48, 145N,  456W,   0,    0,   ,   0,    ,    0,    0,    0,    0, 
AL, 85, 2014050512, 03, BAMS,  60, 147N,  475W,   0,    0,   ,   0,    ,    0,    0,    0,    0, 
AL, 85, 2014050512, 03, BAMS,  72, 147N,  493W,   0,    0,   ,   0,    ,    0,    0,    0,    0, 
AL, 85, 2014050512, 03, BAMS,  84, 149N,  511W,   0,    0,   ,   0,    ,    0,    0,    0,    0, 
AL, 85, 2014050512, 03, BAMS,  96, 150N,  530W,   0,    0,   ,   0,    ,    0,    0,    0,    0, 
AL, 85, 2014050512, 03, BAMS, 108, 154N,  548W,   0,    0,   ,   0,    ,    0,    0,    0,    0, 
AL, 85, 2014050512, 03, BAMS, 120, 159N,  564W,   0,    0,   ,   0,    ,    0,    0,    0,    0, 
AL, 85, 2014050512, 03, BAMS, 132, 165N,  581W,   0,    0,   ,   0,    ,    0,    0,    0,    0, 
AL, 85, 2014050512, 03, BAMS, 144, 174N,  603W,   0,    0,   ,   0,    ,    0,    0,    0,    0, 
AL, 85, 2014050512, 03, BAMS, 156, 185N,  626W,   0,    0,   ,   0,    ,    0,    0,    0,    0, 
AL, 85, 2014050512, 03, BAMS, 168, 196N,  649W,   0,    0,   ,   0,    ,    0,    0,    0,    0, 
AL, 85, 2014050512, 03, CLIP,  12, 151N,  428W,   0,    0,   ,   0,    ,    0,    0,    0,    0, 
AL, 85, 2014050512, 03, CLIP,  24, 154N,  458W,   0,    0,   ,   0,    ,    0,    0,    0,    0, 
AL, 85, 2014050512, 03, CLIP,  36, 160N,  486W,   0,    0,   ,   0,    ,    0,    0,    0,    0, 
AL, 85, 2014050512, 03, CLIP,  48, 167N,  513W,   0,    0,   ,   0,    ,    0,    0,    0,    0, 
AL, 85, 2014050512, 03, CLIP,  72, 184N,  560W,   0,    0,   ,   0,    ,    0,    0,    0,    0, 
AL, 85, 2014050512, 03, CLP5,  12, 152N,  429W,   0,    0,   ,   0,    ,    0,    0,    0,    0, 
AL, 85, 2014050512, 03, CLP5,  24, 156N,  456W,   0,    0,   ,   0,    ,    0,    0,    0,    0, 
AL, 85, 2014050512, 03, CLP5,  36, 163N,  484W,   0,    0,   ,   0,    ,    0,    0,    0,    0, 
AL, 85, 2014050512, 03, CLP5,  48, 169N,  516W,   0,    0,   ,   0,    ,    0,    0,    0,    0, 
AL, 85, 2014050512, 03, CLP5,  60, 178N,  544W,   0,    0,   ,   0,    ,    0,    0,    0,    0, 
AL, 85, 2014050512, 03, CLP5,  72, 187N,  571W,   0,    0,   ,   0,    ,    0,    0,    0,    0, 
AL, 85, 2014050512, 03, CLP5,  84, 199N,  595W,   0,    0,   ,   0,    ,    0,    0,    0,    0, 
AL, 85, 2014050512, 03, CLP5,  96, 211N,  613W,   0,    0,   ,   0,    ,    0,    0,    0,    0, 
AL, 85, 2014050512, 03, CLP5, 108, 223N,  628W,   0,    0,   ,   0,    ,    0,    0,    0,    0, 
AL, 85, 2014050512, 03, CLP5, 120, 238N,  639W,   0,    0,   ,   0,    ,    0,    0,    0,    0, 
AL, 85, 2014050512, 03, DSHP,   0, 150N,  400W,  30,    0, TD,   0,    ,    0,    0,    0,    0, 
AL, 85, 2014050512, 03, DSHP,  12, 148N,  407W,  20,    0, TD,   0,    ,    0,    0,    0,    0, 
AL, 85, 2014050512, 03, LBAR,   0, 150N,  400W,  30,    0,   ,   0,    ,    0,    0,    0,    0, 
AL, 85, 2014050512, 03, LBAR,  12, 152N,  406W,   0,    0,   ,   0,    ,    0,    0,    0,    0, 
AL, 85, 2014050512, 03, LBAR,  24, 152N,  411W,   0,    0,   ,   0,    ,    0,    0,    0,    0, 
AL, 85, 2014050512, 03, LBAR,  36, 154N,  418W,   0,    0,   ,   0,    ,    0,    0,    0,    0, 
AL, 85, 2014050512, 03, LBAR,  48, 153N,  427W,   0,    0,   ,   0,    ,    0,    0,    0,    0, 
AL, 85, 2014050512, 03, LBAR,  60, 158N,  437W,   0,    0,   ,   0,    ,    0,    0,    0,    0, 
AL, 85, 2014050512, 03, LBAR,  72, 162N,  445W,   0,    0,   ,   0,    ,    0,    0,    0,    0, 
AL, 85, 2014050512, 03, LBAR,  84, 172N,  453W,   0,    0,   ,   0,    ,    0,    0,    0,    0, 
AL, 85, 2014050512, 03, LBAR,  96, 175N,  461W,   0,    0,   ,   0,    ,    0,    0,    0,    0, 
AL, 85, 2014050512, 03, LBAR, 108, 181N,  465W,   0,    0,   ,   0,    ,    0,    0,    0,    0, 
AL, 85, 2014050512, 03, LBAR, 120, 187N,  474W,   0,    0,   ,   0,    ,    0,    0,    0,    0, 
AL, 85, 2014050512, 03, LGEM,   0, 150N,  400W,  30,    0, TD,   0,    ,    0,    0,    0,    0, 
AL, 85, 2014050512, 03, LGEM,  12, 148N,  407W,  23,    0, TD,   0,    ,    0,    0,    0,    0, 
AL, 85, 2014050512, 03, LGEM,  24, 146N,  416W,  16,    0, TD,   0,    ,    0,    0,    0,    0, 
AL, 85, 2014050512, 03, OCD5,   0, 150N,  400W,  30,    0,   ,   0,    ,    0,    0,    0,    0, 
AL, 85, 2014050512, 03, OCD5,  12, 152N,  429W,  24,    0,   ,   0,    ,    0,    0,    0,    0, 
AL, 85, 2014050512, 03, OCD5,  24, 156N,  456W,  17,    0,   ,   0,    ,    0,    0,    0,    0, 
AL, 85, 2014050512, 03, OCD5,  36, 163N,  484W,  11,    0,   ,   0,    ,    0,    0,    0,    0, 
AL, 85, 2014050512, 03, OCD5,  48, 169N,  516W,   8,    0,   ,   0,    ,    0,    0,    0,    0, 
AL, 85, 2014050512, 03, OCD5,  60, 178N,  544W,  10,    0,   ,   0,    ,    0,    0,    0,    0, 
AL, 85, 2014050512, 03, OCD5,  72, 187N,  571W,  11,    0,   ,   0,    ,    0,    0,    0,    0, 
AL, 85, 2014050512, 03, OCD5,  84, 199N,  595W,  24,    0,   ,   0,    ,    0,    0,    0,    0, 
AL, 85, 2014050512, 03, OCD5,  96, 211N,  613W,  25,    0,   ,   0,    ,    0,    0,    0,    0, 
AL, 85, 2014050512, 03, OCD5, 108, 223N,  628W,  22,    0,   ,   0,    ,    0,    0,    0,    0, 
AL, 85, 2014050512, 03, OCD5, 120, 238N,  639W,  22,    0,   ,   0,    ,    0,    0,    0,    0, 
AL, 85, 2014050512, 03, SHF5,   0,   0N,    0W,  30,    0,   ,   0,    ,    0,    0,    0,    0, 
AL, 85, 2014050512, 03, SHF5,  12,   0N,    0W,  24,    0,   ,   0,    ,    0,    0,    0,    0, 
AL, 85, 2014050512, 03, SHF5,  24,   0N,    0W,  17,    0,   ,   0,    ,    0,    0,    0,    0, 
AL, 85, 2014050512, 03, SHF5,  36,   0N,    0W,  11,    0,   ,   0,    ,    0,    0,    0,    0, 
AL, 85, 2014050512, 03, SHF5,  48,   0N,    0W,   8,    0,   ,   0,    ,    0,    0,    0,    0, 
AL, 85, 2014050512, 03, SHF5,  60,   0N,    0W,  10,    0,   ,   0,    ,    0,    0,    0,    0, 
AL, 85, 2014050512, 03, SHF5,  72,   0N,    0W,  11,    0,   ,   0,    ,    0,    0,    0,    0, 
AL, 85, 2014050512, 03, SHF5,  84,   0N,    0W,  24,    0,   ,   0,    ,    0,    0,    0,    0, 
AL, 85, 2014050512, 03, SHF5,  96,   0N,    0W,  25,    0,   ,   0,    ,    0,    0,    0,    0, 
AL, 85, 2014050512, 03, SHF5, 108,   0N,    0W,  22,    0,   ,   0,    ,    0,    0,    0,    0, 
AL, 85, 2014050512, 03, SHF5, 120,   0N,    0W,  22,    0,   ,   0,    ,    0,    0,    0,    0, 
AL, 85, 2014050512, 03, SHFR,  12,   0N,    0W,  29,    0,   ,   0,    ,    0,    0,    0,    0, 
AL, 85, 2014050512, 03, SHFR,  24,   0N,    0W,  30,    0,   ,   0,    ,    0,    0,    0,    0, 
AL, 85, 2014050512, 03, SHFR,  36,   0N,    0W,  32,    0,   ,   0,    ,    0,    0,    0,    0, 
AL, 85, 2014050512, 03, SHFR,  48,   0N,    0W,  34,    0,   ,   0,    ,    0,    0,    0,    0, 
AL, 85, 2014050512, 03, SHFR,  60,   0N,    0W,  36,    0,   ,   0,    ,    0,    0,    0,    0, 
AL, 85, 2014050512, 03, SHFR,  72,   0N,    0W,  38,    0,   ,   0,    ,    0,    0,    0,    0, 
AL, 85, 2014050512, 03, SHIP,   0, 150N,  400W,  30,    0, TD,   0,    ,    0,    0,    0,    0, 
AL, 85, 2014050512, 03, SHIP,  12, 148N,  407W,  20,    0, TD,   0,    ,    0,    0,    0,    0, 
AL, 85, 2014050512, 03, XTRP,   0, 150N,  400W,   0,    0,   ,   0,    ,    0,    0,    0,    0, 
AL, 85, 2014050512, 03, XTRP,  12, 151N,  426W,   0,    0,   ,   0,    ,    0,    0,    0,    0, 
AL, 85, 2014050512, 03, XTRP,  24, 152N,  453W,   0,    0,   ,   0,    ,    0,    0,    0,    0, 
AL, 85, 2014050512, 03, XTRP,  36, 153N,  480W,   0,    0,   ,   0,    ,    0,    0,    0,    0, 
AL, 85, 2014050512, 03, XTRP,  48, 154N,  507W,   0,    0,   ,   0,    ,    0,    0,    0,    0, 
AL, 85, 2014050512, 03, XTRP,  60, 155N,  534W,   0,    0,   ,   0,    ,    0,    0,    0,    0, 
AL, 85, 2014050512, 03, XTRP,  72, 155N,  561W,   0,    0,   ,   0,    ,    0,    0,    0,    0, 
AL, 85, 2014050512, 03, XTRP,  84, 156N,  588W,   0,    0,   ,   0,    ,    0,    0,    0,    0, 
AL, 85, 2014050512, 03, XTRP,  96, 157N,  615W,   0,    0,   ,   0,    ,    0,    0,    0,    0, 
AL, 85, 2014050512, 03, XTRP, 108, 158N,  643W,   0,    0,   ,   0,    ,    0,    0,    0,    0, 
AL, 85, 2014050512, 03, XTRP, 120, 159N,  670W,   0,    0,   ,   0,    ,    0,    0,    0,    0, 
AL, 85, 2014050512, 03, XTRP, 132, 160N,  697W,   0,    0,   ,   0,    ,    0,    0,    0,    0, 
AL, 85, 2014050512, 03, XTRP, 144, 161N,  724W,   0,    0,   ,   0,    ,    0,    0,    0,    0, 
AL, 85, 2014050512, 03, XTRP, 156, 162N,  751W,   0,    0,   ,   0,    ,    0,    0,    0,    0, 
AL, 85, 2014050512, 03, XTRP, 168, 163N,  778W,   0,    0,   ,   0,    ,    0,    0,    0,    0, 
AL, 85, 2014083012, 01, CARQ, -24, 202N,  643W,  45,    0, HU,  34, AAA,    0,    0,    0,    0,    0,    0,   0,   0,   0,   L,   0,   X,   0,   0,       DUFF,  , 
AL, 85, 2014083012, 01, CARQ, -18, 207N,  657W,  50,    0, HU,  34, AAA,    0,    0,    0,    0,    0,    0,   0,   0,   0,   L,   0,   X,   0,   0,       DUFF,  , 
AL, 85, 2014083012, 01, CARQ, -12, 211N,  672W,  55,    0, HU,  34, AAA,    0,    0,    0,    0,    0,    0,   0,   0,   0,   L,   0,   X, 285,  14,       DUFF,  , 
AL, 85, 2014083012, 01, CARQ,  -6, 214N,  686W,  55,    0, HU,  34, AAA,    0,    0,    0,    0,    0,    0,   0,   0,   0,   L,   0,   X,   0,   0,       DUFF,  , 
AL, 85, 2014083012, 01, CARQ,   0, 217N,  700W,  65,  987, HU,  34, NEQ,   60,   60,   60,   60, 1008,  150,  10,   0,   0,   L,   0,   X, 285,  14,       DUFF, D, 
AL, 85, 2014083012, 01, CARQ,   0, 217N,  700W,  65,  987, HU,  50, NEQ,   30,   30,   30,   30, 1008,  150,  10,   0,   0,   L,   0,   X, 285,  14,       DUFF, D, 
AL, 85, 2014083012, 01, CARQ,   0, 217N,  700W,  65,  987, HU,  64, NEQ,   10,   10,   10,   10, 1008,  150,  10,   0,   0,   L,   0,   X, 285,  14,       DUFF, D, 
AL, 85, 2014083012, 03, CLP5,  12, 225N,  726W,   0,    0,   ,   0,    ,    0,    0,    0,    0, 
AL, 85, 2014083012, 03, CLP5,  24, 235N,  749W,   0,    0,   ,   0,    ,    0,    0,    0,    0, 
AL, 85, 2014083012, 03, CLP5,  36, 245N,  767W,   0,    0,   ,   0,    ,    0,    0,    0,    0, 
AL, 85, 2014083012, 03, CLP5,  48, 256N,  780W,   0,    0,   ,   0,    ,    0,    0,    0,    0, 
AL, 85, 2014083012, 03, CLP5,  60, 270N,  789W,   0,    0,   ,   0,    ,    0,    0,    0,    0, 
AL, 85, 2014083012, 03, CLP5,  72, 284N,  794W,   0,    0,   ,   0,    ,    0,    0,    0,    0, 
AL, 85, 2014083012, 03, CLP5,  84, 297N,  797W,   0,    0,   ,   0,    ,    0,    0,    0,    0, 
AL, 85, 2014083012, 03, CLP5,  96, 309N,  796W,   0,    0,   ,   0,    ,    0,    0,    0,    0, 
AL, 85, 2014083012, 03, CLP5, 108, 321N,  791W,   0,    0,   ,   0,    ,    0,    0,    0,    0, 
AL, 85, 2014083012, 03, CLP5, 120, 333N,  784W,   0,    0,   ,   0,    ,    0,    0,    0,    0, 
AL, 85, 2014083012, 03, DRCL,   0, 217N,  700W,  65,    0, HU,  34, NEQ,   60,   60,   60,   60, 
AL, 85, 2014083012, 03, DRCL,   0, 217N,  700W,  65,    0, HU,  50, NEQ,   30,   30,   30,   30, 
AL, 85, 2014083012, 03, DRCL,   0, 217N,  700W,  65,    0, HU,  64, NEQ,   10,   10,   10,   10, 
AL, 85, 2014083012, 03, DRCL,  12, 221N,  713W,  70,    0, HU,  34, NEQ,   78,   70,   70,   77, 
AL, 85, 2014083012, 03, DRCL,  12, 221N,  713W,  70,    0, HU,  50, NEQ,   40,   37,   37,   40, 
AL, 85, 2014083012, 03, DRCL,  12, 221N,  713W,  70,    0, HU,  64, NEQ,   17,   36,    0,   17, 
AL, 85, 2014083012, 03, DRCL,  24, 224N,  735W,  75,    0, HU,  34, NEQ,   97,   78,   76,   95, 
AL, 85, 2014083012, 03, DRCL,  24, 224N,  735W,  75,    0, HU,  50, NEQ,   50,   42,   42,   49, 
AL, 85, 2014083012, 03, DRCL,  24, 224N,  735W,  75,    0, HU,  64, NEQ,   26,   36,   35,   25, 
AL, 85, 2014083012, 03, DRCL,  36, 228N,  773W,  80,    0, HU,  34, NEQ,  116,   87,   84,  109, 
AL, 85, 2014083012, 03, DRCL,  36, 228N,  773W,  80,    0, HU,  50, NEQ,   59,   49,   47,   57, 
AL, 85, 2014083012, 03, DRCL,  36, 228N,  773W,  80,    0, HU,  64, NEQ,   33,   37,   37,   32, 
AL, 85, 2014083012, 03, DRCL,  48, 235N,  804W,  80,    0, HU,  34, NEQ,  123,   95,   91,  117, 
AL, 85, 2014083012, 03, DRCL,  48, 235N,  804W,  80,    0, HU,  50, NEQ,   63,   52,   51,   61, 
AL, 85, 2014083012, 03, DRCL,  48, 235N,  804W,  80,    0, HU,  64, NEQ,   36,   38,   37,   35, 
AL, 85, 2014083012, 03, DRCL,  72, 244N,  854W,  95,    0, HU,  34, NEQ,  139,  112,  109,  135, 
AL, 85, 2014083012, 03, DRCL,  72, 244N,  854W,  95,    0, HU,  50, NEQ,   77,   66,   65,   76, 
AL, 85, 2014083012, 03, DRCL,  72, 244N,  854W,  95,    0, HU,  64, NEQ,   49,   46,   46,   48, 
AL, 85, 2014083012, 03, DRCL,  96, 253N,  899W, 105,    0, HU,  34, NEQ,  148,  121,  119,  145, 
AL, 85, 2014083012, 03, DRCL,  96, 253N,  899W, 105,    0, HU,  50, NEQ,   84,   73,   72,   83, 
AL, 85, 2014083012, 03, DRCL,  96, 253N,  899W, 105,    0, HU,  64, NEQ,   54,   50,   49,   53, 
AL, 85, 2014083012, 03, DRCL, 120, 261N,  949W, 115,    0, HU,  34, NEQ,  155,  127,  125,  152, 
AL, 85, 2014083012, 03, DRCL, 120, 261N,  949W, 115,    0, HU,  50, NEQ,   88,   77,   77,   87, 
AL, 85, 2014083012, 03, DRCL, 120, 261N,  949W, 115,    0, HU,  64, NEQ,   57,   52,   52,   57, 
AL, 85, 2014083012, 03, MRCL,   0, 217N,  700W,  65,    0, HU,  34, NEQ,   60,   60,   60,   60, 
AL, 85, 2014083012, 03, MRCL,   0, 217N,  700W,  65,    0, HU,  50, NEQ,   30,   30,   30,   30, 
AL, 85, 2014083012, 03, MRCL,   0, 217N,  700W,  65,    0, HU,  64, NEQ,   10,   10,   10,   10, 
AL, 85, 2014083012, 03, MRCL,  12, 221N,  713W,  70,    0, HU,  34, NEQ,   90,   70,   70,   80, 
AL, 85, 2014083012, 03, MRCL,  12, 221N,  713W,  70,    0, HU,  50, NEQ,   50,   35,   30,   40, 
AL, 85, 2014083012, 03, MRCL,  12, 221N,  713W,  70,    0, HU,  64, NEQ,   30,   20,   15,   20, 
AL, 85, 2014083012, 03, MRCL,  24, 224N,  735W,  75,    0, HU,  34, NEQ,  120,   95,   65,  100, 
AL, 85, 2014083012, 03, MRCL,  24, 224N,  735W,  75,    0, HU,  50, NEQ,   50,   40,   35,   40, 
AL, 85, 2014083012, 03, MRCL,  24, 224N,  735W,  75,    0, HU,  64, NEQ,   35,   15,   15,   25, 
AL, 85, 2014083012, 03, MRCL,  36, 228N,  773W,  80,    0, HU,  34, NEQ,  130,  100,   90,  120, 
AL, 85, 2014083012, 03, MRCL,  36, 228N,  773W,  80,    0, HU,  50, NEQ,   70,   45,   35,   60, 
AL, 85, 2014083012, 03, MRCL,  36, 228N,  773W,  80,    0, HU,  64, NEQ,   40,   20,   25,   35, 
AL, 85, 2014083012, 03, MRCL,  48, 235N,  804W,  80,    0, HU,  34, NEQ,  140,   95,   95,  135, 
AL, 85, 2014083012, 03, MRCL,  48, 235N,  804W,  80,    0, HU,  50, NEQ,   80,   55,   40,   70, 
AL, 85, 2014083012, 03, MRCL,  48, 235N,  804W,  80,    0, HU,  64, NEQ,   50,   25,   20,   40, 
AL, 85, 2014083012, 03, MRCL,  72, 244N,  854W,  95,    0, HU,  34, NEQ,  145,  115,  120,  155, 
AL, 85, 2014083012, 03, MRCL,  72, 244N,  854W,  95,    0, HU,  50, NEQ,   95,   65,   55,   80, 
AL, 85, 2014083012, 03, MRCL,  72, 244N,  854W,  95,    0, HU,  64, NEQ,   40,   35,   30,   30, 
AL, 85, 2014083012, 03, OFCL,   0, 217N,  700W,  65,    0, HU,  34, NEQ,   60,   60,   60,   60,    0,    0,   0,  80,   0,    ,   0, DPB, 285,  13, 
AL, 85, 2014083012, 03, OFCL,   0, 217N,  700W,  65,    0, HU,  50, NEQ,   30,   30,   30,   30,    0,    0,   0,  80,   0,    ,   0, DPB, 285,  13, 
AL, 85, 2014083012, 03, OFCL,   0, 217N,  700W,  65,    0, HU,  64, NEQ,   10,   10,   10,   10,    0,    0,   0,  80,   0,    ,   0, DPB, 285,  13, 
AL, 85, 2014083012, 03, OFCL,   3, 219N,  705W,  65,  988, HU,  34, NEQ,   60,   60,   60,   60,    0,    0,   0,  80,   0,    ,   0, DPB, 290,   8,           ,  , 12, NEQ,   75,   75,   60,   75, 
AL, 85, 2014083012, 03, OFCL,   3, 219N,  705W,  65,  988, HU,  50, NEQ,   30,   30,   30,   30,    0,    0,   0,  80,   0,    ,   0, DPB, 290,   8,           ,  , 12, NEQ,   75,   75,   60,   75, 
AL, 85, 2014083012, 03, OFCL,   3, 219N,  705W,  65,  988, HU,  64, NEQ,   10,   10,   10,   10,    0,    0,   0,  80,   0,    ,   0, DPB, 290,   8,           ,  , 12, NEQ,   75,   75,   60,   75, 
AL, 85, 2014083012, 03, OFCL,  12, 221N,  713W,  70,    0, HU,  34, NEQ,   60,   60,   60,   60,    0,    0,   0,  85,   0,    ,   0, DPB, 285,   5, 
AL, 85, 2014083012, 03, OFCL,  12, 221N,  713W,  70,    0, HU,  50, NEQ,   30,   30,   30,   30,    0,    0,   0,  85,   0,    ,   0, DPB, 285,   5, 
AL, 85, 2014083012, 03, OFCL,  12, 221N,  713W,  70,    0, HU,  64, NEQ,   10,   10,   10,   10,    0,    0,   0,  85,   0,    ,   0, DPB, 285,   5, 
AL, 85, 2014083012, 03, OFCL,  24, 224N,  735W,  75,    0, HU,  34, NEQ,   70,   70,   70,   70,    0,    0,   0,  90,   0,    ,   0, DPB, 280,  10, 
AL, 85, 2014083012, 03, OFCL,  24, 224N,  735W,  75,    0, HU,  50, NEQ,   40,   40,   40,   40,    0,    0,   0,  90,   0,    ,   0, DPB, 280,  10, 
AL, 85, 2014083012, 03, OFCL,  24, 224N,  735W,  75,    0, HU,  64, NEQ,   10,   10,   10,   10,    0,    0,   0,  90,   0,    ,   0, DPB, 280,  10, 
AL, 85, 2014083012, 03, OFCL,  36, 228N,  773W,  80,    0, HU,  34, NEQ,   70,   70,   70,   70,    0,    0,   0, 100,   0,    ,   0, DPB, 275,  18, 
AL, 85, 2014083012, 03, OFCL,  36, 228N,  773W,  80,    0, HU,  50, NEQ,   40,   40,   40,   40,    0,    0,   0, 100,   0,    ,   0, DPB, 275,  18, 
AL, 85, 2014083012, 03, OFCL,  36, 228N,  773W,  80,    0, HU,  64, NEQ,   10,   10,   10,   10,    0,    0,   0, 100,   0,    ,   0, DPB, 275,  18, 
AL, 85, 2014083012, 03, OFCL,  48, 235N,  804W,  80,    0, HU,  34, NEQ,   70,   70,   70,   70,    0,    0,   0, 100,   0,    ,   0, DPB, 285,  15, 
AL, 85, 2014083012, 03, OFCL,  48, 235N,  804W,  80,    0, HU,  50, NEQ,   40,   40,   40,   40,    0,    0,   0, 100,   0,    ,   0, DPB, 285,  15, 
AL, 85, 2014083012, 03, OFCL,  48, 235N,  804W,  80,    0, HU,  64, NEQ,   10,   10,   10,   10,    0,    0,   0, 100,   0,    ,   0, DPB, 285,  15, 
AL, 85, 2014083012, 03, OFCL,  72, 244N,  854W,  95,    0, HU,  34, NEQ,   90,   90,   90,   90,    0,    0,   0, 115,   0,    ,   0, DPB, 280,  12, 
AL, 85, 2014083012, 03, OFCL,  72, 244N,  854W,  95,    0, HU,  50, NEQ,   50,   50,   50,   50,    0,    0,   0, 115,   0,    ,   0, DPB, 280,  12, 
AL, 85, 2014083012, 03, OFCL,  72, 244N,  854W,  95,    0, HU,  64, NEQ,   20,   20,   20,   20,    0,    0,   0, 115,   0,    ,   0, DPB, 280,  12, 
AL, 85, 2014083012, 03, OFCL,  96, 253N,  899W, 105,    0, HU,  34, NEQ,    0,    0,    0,    0,    0,    0,   0, 130,   0,    ,   0, DPB, 285,  10, 
AL, 85, 2014083012, 03, OFCL, 120, 261N,  949W, 115,    0, HU,  34, NEQ,    0,    0,    0,    0,    0,    0,   0, 140,   0,    ,   0, DPB, 280,  11, 
AL, 85, 2014083012, 03, SHF5,   0,   0N,    0W,  65,    0,   ,   0,    ,    0,    0,    0,    0, 
AL, 85, 2014083012, 03, SHF5,  12,   0N,    0W,  73,    0,   ,   0,    ,    0,    0,    0,    0, 
AL, 85, 2014083012, 03, SHF5,  24,   0N,    0W,  78,    0,   ,   0,    ,    0,    0,    0,    0, 
AL, 85, 2014083012, 03, SHF5,  36,   0N,    0W,  81,    0,   ,   0,    ,    0,    0,    0,    0, 
AL, 85, 2014083012, 03, SHF5,  48,   0N,    0W,  82,    0,   ,   0,    ,    0,    0,    0,    0, 
AL, 85, 2014083012, 03, SHF5,  60,   0N,    0W,  83,    0,   ,   0,    ,    0,    0,    0,    0, 
AL, 85, 2014083012, 03, SHF5,  72,   0N,    0W,  83,    0,   ,   0,    ,    0,    0,    0,    0, 
AL, 85, 2014083012, 03, SHF5,  84,   0N,    0W,  79,    0,   ,   0,    ,    0,    0,    0,    0, 
AL, 85, 2014083012, 03, SHF5,  96,   0N,    0W,  76,    0,   ,   0,    ,    0,    0,    0,    0, 
AL, 85, 2014083012, 03, SHF5, 108,   0N,    0W,  81,    0,   ,   0,    ,    0,    0,    0,    0, 
AL, 85, 2014083012, 03, SHF5, 120,   0N,    0W,  73,    0,   ,   0,    ,    0,    0,    0,    0, 
AL, 85, 2014083012, 03, XTRP,   0, 217N,  700W,   0,    0,   ,   0,    ,    0,    0,    0,    0, 
AL, 85, 2014083012, 03, XTRP,  12, 223N,  727W,   0,    0,   ,   0,    ,    0,    0,    0,    0, 
AL, 85, 2014083012, 03, XTRP,  24, 229N,  755W,   0,    0,   ,   0,    ,    0,    0,    0,    0, 
AL, 85, 2014083012, 03, XTRP,  36, 235N,  784W,   0,    0,   ,   0,    ,    0,    0,    0,    0, 
AL, 85, 2014083012, 03, XTRP,  48, 241N,  812W,   0,    0,   ,   0,    ,    0,    0,    0,    0, 
AL, 85, 2014083012, 03, XTRP,  60, 247N,  841W,   0,    0,   ,   0,    ,    0,    0,    0,    0, 
AL, 85, 2014083012, 03, XTRP,  72, 253N,  870W,   0,    0,   ,   0,    ,    0,    0,    0,    0, 
AL, 85, 2014083012, 03, XTRP,  84, 259N,  898W,   0,    0,   ,   0,    ,    0,    0,    0,    0, 
AL, 85, 2014083012, 03, XTRP,  96, 265N,  928W,   0,    0,   ,   0,    ,    0,    0,    0,    0, 
AL, 85, 2014083012, 03, XTRP, 108, 271N,  957W,   0,    0,   ,   0,    ,    0,    0,    0,    0, 
AL, 85, 2014083012, 03, XTRP, 120, 277N,  986W,   0,    0,   ,   0,    ,    0,    0,    0,    0, 
AL, 85, 2014083012, 03, XTRP, 132, 283N, 1016W,   0,    0,   ,   0,    ,    0,    0,    0,    0, 
AL, 85, 2014083012, 03, XTRP, 144, 289N, 1045W,   0,    0,   ,   0,    ,    0,    0,    0,    0, 
AL, 85, 2014083012, 03, XTRP, 156, 295N, 1075W,   0,    0,   ,   0,    ,    0,    0,    0,    0, 
AL, 85, 2014083012, 03, XTRP, 168, 301N, 1105W,   0,    0,   ,   0,    ,    0,    0,    0,    0, 
AL, 85, 2014083106, 01, CARQ, -24, 214N,  686W,  55,    0, HU,  34, AAA,    0,    0,    0,    0,    0,    0,   0,   0,   0,   L,   0,   X,   0,   0,       DUFF,  , 
AL, 85, 2014083106, 01, CARQ, -18, 217N,  700W,  65,    0, HU,  34, AAA,    0,    0,    0,    0,    0,    0,   0,   0,   0,   L,   0,   X,   0,   0,       DUFF,  , 
AL, 85, 2014083106, 01, CARQ, -12, 219N,  709W,  65,    0, HU,  34, AAA,    0,    0,    0,    0,    0,    0,   0,   0,   0,   L,   0,   X, 284,   9,       DUFF,  , 
AL, 85, 2014083106, 01, CARQ,  -6, 221N,  718W,  65,    0, HU,  34, AAA,    0,    0,    0,    0,    0,    0,   0,   0,   0,   L,   0,   X,   0,   0,       DUFF,  , 
AL, 85, 2014083106, 01, CARQ,   0, 223N,  729W,  75,  977, HU,  34, NEQ,   60,   60,   60,   60, 1008,  150,  10,   0,   0,   L,   0,   X, 285,   9,       DUFF, D, 
AL, 85, 2014083106, 01, CARQ,   0, 223N,  729W,  75,  977, HU,  50, NEQ,   30,   30,   30,   30, 1008,  150,  10,   0,   0,   L,   0,   X, 285,   9,       DUFF, D, 
AL, 85, 2014083106, 01, CARQ,   0, 223N,  729W,  75,  977, HU,  64, NEQ,   10,   10,   10,   10, 1008,  150,  10,   0,   0,   L,   0,   X, 285,   9,       DUFF, D, 
AL, 85, 2014083106, 03, DRCL,   0, 223N,  729W,  75,    0, HU,  34, NEQ,   60,   60,   60,   60, 
AL, 85, 2014083106, 03, DRCL,   0, 223N,  729W,  75,    0, HU,  50, NEQ,   30,   30,   30,   30, 
AL, 85, 2014083106, 03, DRCL,   0, 223N,  729W,  75,    0, HU,  64, NEQ,   10,   10,   10,   10, 
AL, 85, 2014083106, 03, DRCL,  12, 226N,  754W,  80,    0, HU,  34, NEQ,   79,   70,   69,   78, 
AL, 85, 2014083106, 03, DRCL,  12, 226N,  754W,  80,    0, HU,  50, NEQ,   42,   38,   38,   41, 
AL, 85, 2014083106, 03, DRCL,  12, 226N,  754W,  80,    0, HU,  64, NEQ,   19,   17,   17,   19, 
AL, 85, 2014083106, 03, DRCL,  24, 231N,  789W,  85,    0, HU,  34, NEQ,  101,   83,   79,   96, 
AL, 85, 2014083106, 03, DRCL,  24, 231N,  789W,  85,    0, HU,  50, NEQ,   54,   47,   45,   52, 
AL, 85, 2014083106, 03, DRCL,  24, 231N,  789W,  85,    0, HU,  64, NEQ,   29,   26,   25,   28, 
AL, 85, 2014083106, 03, DRCL,  36, 238N,  819W,  85,    0, HU,  34, NEQ,  115,   93,   90,  110, 
AL, 85, 2014083106, 03, DRCL,  36, 238N,  819W,  85,    0, HU,  50, NEQ,   61,   53,   51,   59, 
AL, 85, 2014083106, 03, DRCL,  36, 238N,  819W,  85,    0, HU,  64, NEQ,   35,   31,   30,   34, 
AL, 85, 2014083106, 03, DRCL,  48, 242N,  843W,  95,    0, HU,  34, NEQ,  128,  105,  104,  126, 
AL, 85, 2014083106, 03, DRCL,  48, 242N,  843W,  95,    0, HU,  50, NEQ,   71,   62,   61,   70, 
AL, 85, 2014083106, 03, DRCL,  48, 242N,  843W,  95,    0, HU,  64, NEQ,   44,   39,   39,   43, 
AL, 85, 2014083106, 03, DRCL,  72, 250N,  887W, 110,    0, HU,  34, NEQ,  146,  121,  118,  143, 
AL, 85, 2014083106, 03, DRCL,  72, 250N,  887W, 110,    0, HU,  50, NEQ,   83,   73,   72,   82, 
AL, 85, 2014083106, 03, DRCL,  72, 250N,  887W, 110,    0, HU,  64, NEQ,   53,   48,   47,   52, 
AL, 85, 2014083106, 03, DRCL,  96, 260N,  937W, 120,    0, HU,  34, NEQ,  152,  128,  128,  152, 
AL, 85, 2014083106, 03, DRCL,  96, 260N,  937W, 120,    0, HU,  50, NEQ,   88,   78,   78,   88, 
AL, 85, 2014083106, 03, DRCL,  96, 260N,  937W, 120,    0, HU,  64, NEQ,   56,   51,   51,   56, 
AL, 85, 2014083106, 03, DRCL, 120, 261N,  975W, 115,    0, HU,  34, NEQ,  150,  128,  130,  153, 
AL, 85, 2014083106, 03, DRCL, 120, 261N,  975W, 115,    0, HU,  50, NEQ,   87,   78,   79,   88, 
AL, 85, 2014083106, 03, DRCL, 120, 261N,  975W, 115,    0, HU,  64, NEQ,   56,   52,   52,   57, 
AL, 85, 2014083106, 03, MRCL,   0, 223N,  729W,  75,    0, HU,  34, NEQ,   60,   60,   60,   60, 
AL, 85, 2014083106, 03, MRCL,   0, 223N,  729W,  75,    0, HU,  50, NEQ,   30,   30,   30,   30, 
AL, 85, 2014083106, 03, MRCL,   0, 223N,  729W,  75,    0, HU,  64, NEQ,   10,   10,   10,   10, 
AL, 85, 2014083106, 03, MRCL,  12, 226N,  754W,  80,    0, HU,  34, NEQ,   90,   75,   75,   85, 
AL, 85, 2014083106, 03, MRCL,  12, 226N,  754W,  80,    0, HU,  50, NEQ,   50,   35,   30,   40, 
AL, 85, 2014083106, 03, MRCL,  12, 226N,  754W,  80,    0, HU,  64, NEQ,   35,   20,   15,   25, 
AL, 85, 2014083106, 03, MRCL,  24, 231N,  789W,  85,    0, HU,  34, NEQ,  125,  100,   70,  110, 
AL, 85, 2014083106, 03, MRCL,  24, 231N,  789W,  85,    0, HU,  50, NEQ,   55,   45,   35,   45, 
AL, 85, 2014083106, 03, MRCL,  24, 231N,  789W,  85,    0, HU,  64, NEQ,   40,   20,   15,   35, 
AL, 85, 2014083106, 03, MRCL,  36, 238N,  819W,  85,    0, HU,  34, NEQ,  140,  105,   90,  125, 
AL, 85, 2014083106, 03, MRCL,  36, 238N,  819W,  85,    0, HU,  50, NEQ,   75,   50,   40,   70, 
AL, 85, 2014083106, 03, MRCL,  36, 238N,  819W,  85,    0, HU,  64, NEQ,   40,   20,   25,   40, 
AL, 85, 2014083106, 03, MRCL,  48, 242N,  843W,  95,    0, HU,  34, NEQ,  150,  115,  105,  145, 
AL, 85, 2014083106, 03, MRCL,  48, 242N,  843W,  95,    0, HU,  50, NEQ,   80,   65,   50,   75, 
AL, 85, 2014083106, 03, MRCL,  48, 242N,  843W,  95,    0, HU,  64, NEQ,   50,   30,   25,   40, 
AL, 85, 2014083106, 03, MRCL,  72, 250N,  887W, 110,    0, HU,  34, NEQ,  150,  125,  130,  165, 
AL, 85, 2014083106, 03, MRCL,  72, 250N,  887W, 110,    0, HU,  50, NEQ,   95,   75,   65,   85, 
AL, 85, 2014083106, 03, MRCL,  72, 250N,  887W, 110,    0, HU,  64, NEQ,   45,   40,   35,   35, 
AL, 85, 2014083106, 03, OFCL,   0, 223N,  729W,  75,    0, HU,  34, NEQ,   60,   60,   60,   60,    0,    0,   0,  90,   0,    ,   0, MJB, 280,  10, 
AL, 85, 2014083106, 03, OFCL,   0, 223N,  729W,  75,    0, HU,  50, NEQ,   30,   30,   30,   30,    0,    0,   0,  90,   0,    ,   0, MJB, 280,  10, 
AL, 85, 2014083106, 03, OFCL,   0, 223N,  729W,  75,    0, HU,  64, NEQ,   10,   10,   10,   10,    0,    0,   0,  90,   0,    ,   0, MJB, 280,  10, 
AL, 85, 2014083106, 03, OFCL,   3, 224N,  735W,  75,  977, HU,  34, NEQ,   60,   60,   60,   60,    0,    0,   0,  90,   0,    ,   0, MJB, 280,  11, 
AL, 85, 2014083106, 03, OFCL,   3, 224N,  735W,  75,  977, HU,  50, NEQ,   30,   30,   30,   30,    0,    0,   0,  90,   0,    ,   0, MJB, 280,  11, 
AL, 85, 2014083106, 03, OFCL,   3, 224N,  735W,  75,  977, HU,  64, NEQ,   10,   10,   10,   10,    0,    0,   0,  90,   0,    ,   0, MJB, 280,  11, 
AL, 85, 2014083106, 03, OFCL,  12, 226N,  754W,  80,    0, HU,  34, NEQ,   70,   70,   70,   70,    0,    0,   0, 100,   0,    ,   0, MJB, 280,  12, 
AL, 85, 2014083106, 03, OFCL,  12, 226N,  754W,  80,    0, HU,  50, NEQ,   40,   40,   40,   40,    0,    0,   0, 100,   0,    ,   0, MJB, 280,  12, 
AL, 85, 2014083106, 03, OFCL,  12, 226N,  754W,  80,    0, HU,  64, NEQ,   10,   10,   10,   10,    0,    0,   0, 100,   0,    ,   0, MJB, 280,  12, 
AL, 85, 2014083106, 03, OFCL,  24, 231N,  789W,  85,    0, HU,  34, NEQ,   70,   70,   70,   70,    0,    0,   0, 105,   0,    ,   0, MJB, 280,  16, 
AL, 85, 2014083106, 03, OFCL,  24, 231N,  789W,  85,    0, HU,  50, NEQ,   40,   40,   40,   40,    0,    0,   0, 105,   0,    ,   0, MJB, 280,  16, 
AL, 85, 2014083106, 03, OFCL,  24, 231N,  789W,  85,    0, HU,  64, NEQ,   10,   10,   10,   10,    0,    0,   0, 105,   0,    ,   0, MJB, 280,  16, 
AL, 85, 2014083106, 03, OFCL,  36, 238N,  819W,  85,    0, HU,  34, NEQ,   70,   70,   70,   70,    0,    0,   0, 105,   0,    ,   0, MJB, 285,  14, 
AL, 85, 2014083106, 03, OFCL,  36, 238N,  819W,  85,    0, HU,  50, NEQ,   40,   40,   40,   40,    0,    0,   0, 105,   0,    ,   0, MJB, 285,  14, 
AL, 85, 2014083106, 03, OFCL,  36, 238N,  819W,  85,    0, HU,  64, NEQ,   10,   10,   10,   10,    0,    0,   0, 105,   0,    ,   0, MJB, 285,  14, 
AL, 85, 2014083106, 03, OFCL,  48, 242N,  843W,  95,    0, HU,  34, NEQ,   80,   80,   80,   80,    0,    0,   0, 115,   0,    ,   0, MJB, 280,  11, 
AL, 85, 2014083106, 03, OFCL,  48, 242N,  843W,  95,    0, HU,  50, NEQ,   50,   50,   50,   50,    0,    0,   0, 115,   0,    ,   0, MJB, 280,  11, 
AL, 85, 2014083106, 03, OFCL,  48, 242N,  843W,  95,    0, HU,  64, NEQ,   20,   20,   20,   20,    0,    0,   0, 115,   0,    ,   0, MJB, 280,  11, 
AL, 85, 2014083106, 03, OFCL,  72, 250N,  887W, 110,    0, HU,  34, NEQ,  100,  100,  100,  100,    0,    0,   0, 135,   0,    ,   0, MJB, 280,  10, 
AL, 85, 2014083106, 03, OFCL,  72, 250N,  887W, 110,    0, HU,  50, NEQ,   60,   60,   60,   60,    0,    0,   0, 135,   0,    ,   0, MJB, 280,  10, 
AL, 85, 2014083106, 03, OFCL,  72, 250N,  887W, 110,    0, HU,  64, NEQ,   20,   20,   20,   20,    0,    0,   0, 135,   0,    ,   0, MJB, 280,  10, 
AL, 85, 2014083106, 03, OFCL,  96, 260N,  937W, 120,    0, HU,  34, NEQ,    0,    0,    0,    0,    0,    0,   0, 145,   0,    ,   0, MJB, 285,  12, 
AL, 85, 2014083106, 03, OFCL, 120, 261N,  975W, 115,    0, HU,  34, NEQ,    0,    0,    0,    0,    0,    0,   0, 140,   0,    ,   0, MJB, 275,   9, 
AL, 85, 2014090106, 01, CARQ, -24, 223N,  729W,  75,    0, HU,  34, AAA,    0,    0,    0,    0,    0,    0,   0,   0,   0,   L,   0,   X,   0,   0,       DUFF,  , 
AL, 85, 2014090106, 01, CARQ, -18, 225N,  745W,  75,    0, HU,  34, AAA,    0,    0,    0,    0,    0,    0,   0,   0,   0,   L,   0,   X,   0,   0,       DUFF,  , 
AL, 85, 2014090106, 01, CARQ, -12, 228N,  761W,  75,    0, HU,  34, AAA,    0,    0,    0,    0,    0,    0,   0,   0,   0,   L,   0,   X, 280,  15,       DUFF,  , 
AL, 85, 2014090106, 01, CARQ,  -6, 230N,  778W,  75,    0, HU,  34, AAA,    0,    0,    0,    0,    0,    0,   0,   0,   0,   L,   0,   X,   0,   0,       DUFF,  , 
AL, 85, 2014090106, 01, CARQ,   0, 233N,  797W,  85,  960, HU,  34, NEQ,   70,   70,   70,   70, 1008,  150,  10,   0,   0,   L,   0,   X, 280,  16,       DUFF, D, 
AL, 85, 2014090106, 01, CARQ,   0, 233N,  797W,  85,  960, HU,  50, NEQ,   40,   40,   40,   40, 1008,  150,  10,   0,   0,   L,   0,   X, 280,  16,       DUFF, D, 
AL, 85, 2014090106, 01, CARQ,   0, 233N,  797W,  85,  960, HU,  64, NEQ,   10,   10,   10,   10, 1008,  150,  10,   0,   0,   L,   0,   X, 280,  16,       DUFF, D, 
AL, 85, 2014090106, 03, DRCL,   0, 233N,  797W,  85,    0, HU,  34, NEQ,   70,   70,   70,   70, 
AL, 85, 2014090106, 03, DRCL,   0, 233N,  797W,  85,    0, HU,  50, NEQ,   40,   40,   40,   40, 
AL, 85, 2014090106, 03, DRCL,   0, 233N,  797W,  85,    0, HU,  64, NEQ,   10,   10,   10,   10, 
AL, 85, 2014090106, 03, DRCL,  12, 238N,  819W,  85,    0, HU,  34, NEQ,   88,   80,   79,   87, 
AL, 85, 2014090106, 03, DRCL,  12, 238N,  819W,  85,    0, HU,  50, NEQ,   50,   46,   46,   49, 
AL, 85, 2014090106, 03, DRCL,  12, 238N,  819W,  85,    0, HU,  64, NEQ,   20,   18,   18,   19, 
AL, 85, 2014090106, 03, DRCL,  24, 242N,  843W,  95,    0, HU,  34, NEQ,  109,   95,   94,  107, 
AL, 85, 2014090106, 03, DRCL,  24, 242N,  843W,  95,    0, HU,  50, NEQ,   63,   57,   56,   62, 
AL, 85, 2014090106, 03, DRCL,  24, 242N,  843W,  95,    0, HU,  64, NEQ,   32,   29,   29,   32, 
AL, 85, 2014090106, 03, DRCL,  36, 246N,  864W, 105,    0, HU,  34, NEQ,  126,  108,  107,  125, 
AL, 85, 2014090106, 03, DRCL,  36, 246N,  864W, 105,    0, HU,  50, NEQ,   73,   65,   65,   72, 
AL, 85, 2014090106, 03, DRCL,  36, 246N,  864W, 105,    0, HU,  64, NEQ,   42,   38,   38,   42, 
AL, 85, 2014090106, 03, DRCL,  48, 249N,  887W, 115,    0, HU,  34, NEQ,  139,  117,  116,  137, 
AL, 85, 2014090106, 03, DRCL,  48, 249N,  887W, 115,    0, HU,  50, NEQ,   80,   71,   71,   80, 
AL, 85, 2014090106, 03, DRCL,  48, 249N,  887W, 115,    0, HU,  64, NEQ,   49,   44,   44,   48, 
AL, 85, 2014090106, 03, DRCL,  72, 258N,  937W, 125,    0, HU,  34, NEQ,  149,  127,  127,  149, 
AL, 85, 2014090106, 03, DRCL,  72, 258N,  937W, 125,    0, HU,  50, NEQ,   87,   78,   78,   87, 
AL, 85, 2014090106, 03, DRCL,  72, 258N,  937W, 125,    0, HU,  64, NEQ,   55,   50,   50,   54, 
AL, 85, 2014090106, 03, DRCL,  96, 260N,  975W, 100,    0, HU,  34, NEQ,  142,  121,  125,  147, 
AL, 85, 2014090106, 03, DRCL,  96, 260N,  975W, 100,    0, HU,  50, NEQ,   81,   73,   74,   83, 
AL, 85, 2014090106, 03, DRCL,  96, 260N,  975W, 100,    0, HU,  64, NEQ,   52,   48,   49,   53, 
AL, 85, 2014090106, 03, DRCL, 120, 257N, 1005W,  30,    0, TD,  34, NEQ,    0,    0,    0,    0, 
AL, 85, 2014090106, 03, MRCL,   0, 233N,  797W,  85,    0, HU,  34, NEQ,   70,   70,   70,   70, 
AL, 85, 2014090106, 03, MRCL,   0, 233N,  797W,  85,    0, HU,  50, NEQ,   40,   40,   40,   40, 
AL, 85, 2014090106, 03, MRCL,   0, 233N,  797W,  85,    0, HU,  64, NEQ,   10,   10,   10,   10, 
AL, 85, 2014090106, 03, MRCL,  12, 238N,  819W,  85,    0, HU,  34, NEQ,   95,   80,   80,   90, 
AL, 85, 2014090106, 03, MRCL,  12, 238N,  819W,  85,    0, HU,  50, NEQ,   60,   45,   35,   45, 
AL, 85, 2014090106, 03, MRCL,  12, 238N,  819W,  85,    0, HU,  64, NEQ,   35,   20,   15,   25, 
AL, 85, 2014090106, 03, MRCL,  24, 242N,  843W,  95,    0, HU,  34, NEQ,  135,  105,   90,  120, 
AL, 85, 2014090106, 03, MRCL,  24, 242N,  843W,  95,    0, HU,  50, NEQ,   60,   55,   50,   50, 
AL, 85, 2014090106, 03, MRCL,  24, 242N,  843W,  95,    0, HU,  64, NEQ,   45,   20,   20,   35, 
AL, 85, 2014090106, 03, MRCL,  36, 246N,  864W, 105,    0, HU,  34, NEQ,  150,  115,  110,  125, 
AL, 85, 2014090106, 03, MRCL,  36, 246N,  864W, 105,    0, HU,  50, NEQ,   75,   60,   50,   70, 
AL, 85, 2014090106, 03, MRCL,  36, 246N,  864W, 105,    0, HU,  64, NEQ,   45,   25,   30,   40, 
AL, 85, 2014090106, 03, MRCL,  48, 249N,  887W, 115,    0, HU,  34, NEQ,  150,  135,  115,  145, 
AL, 85, 2014090106, 03, MRCL,  48, 249N,  887W, 115,    0, HU,  50, NEQ,   85,   75,   65,   80, 
AL, 85, 2014090106, 03, MRCL,  48, 249N,  887W, 115,    0, HU,  64, NEQ,   55,   35,   35,   45, 
AL, 85, 2014090106, 03, MRCL,  72, 258N,  937W, 125,    0, HU,  34, NEQ,  150,  135,  135,  170, 
AL, 85, 2014090106, 03, MRCL,  72, 258N,  937W, 125,    0, HU,  50, NEQ,  115,   95,   80,  105, 
AL, 85, 2014090106, 03, MRCL,  72, 258N,  937W, 125,    0, HU,  64, NEQ,   65,   50,   40,   50, 
AL, 85, 2014090106, 03, OFCL,   0, 233N,  797W,  85,    0, HU,  34, NEQ,   70,   70,   70,   70,    0,    0,   0, 105,   0,    ,   0, MJB, 280,  18, 
AL, 85, 2014090106, 03, OFCL,   0, 233N,  797W,  85,    0, HU,  50, NEQ,   40,   40,   40,   40,    0,    0,   0, 105,   0,    ,   0, MJB, 280,  18, 
AL, 85, 2014090106, 03, OFCL,   0, 233N,  797W,  85,    0, HU,  64, NEQ,   10,   10,   10,   10,    0,    0,   0, 105,   0,    ,   0, MJB, 280,  18, 
AL, 85, 2014090106, 03, OFCL,   3, 234N,  802W,  85,  960, HU,  34, NEQ,   70,   70,   70,   70,    0,    0,   0, 105,   0,    ,   0, MJB, 282,   9, 
AL, 85, 2014090106, 03, OFCL,   3, 234N,  802W,  85,  960, HU,  50, NEQ,   40,   40,   40,   40,    0,    0,   0, 105,   0,    ,   0, MJB, 282,   9, 
AL, 85, 2014090106, 03, OFCL,   3, 234N,  802W,  85,  960, HU,  64, NEQ,   10,   10,   10,   10,    0,    0,   0, 105,   0,    ,   0, MJB, 282,   9, 
AL, 85, 2014090106, 03, OFCL,  12, 238N,  819W,  85,    0, HU,  34, NEQ,   70,   70,   70,   70,    0,    0,   0, 105,   0,    ,   0, MJB, 285,  10, 
AL, 85, 2014090106, 03, OFCL,  12, 238N,  819W,  85,    0, HU,  50, NEQ,   40,   40,   40,   40,    0,    0,   0, 105,   0,    ,   0, MJB, 285,  10, 
AL, 85, 2014090106, 03, OFCL,  12, 238N,  819W,  85,    0, HU,  64, NEQ,   10,   10,   10,   10,    0,    0,   0, 105,   0,    ,   0, MJB, 285,  10, 
AL, 85, 2014090106, 03, OFCL,  24, 242N,  843W,  95,    0, HU,  34, NEQ,   80,   80,   80,   80,    0,    0,   0, 115,   0,    ,   0, MJB, 280,  11, 
AL, 85, 2014090106, 03, OFCL,  24, 242N,  843W,  95,    0, HU,  50, NEQ,   50,   50,   50,   50,    0,    0,   0, 115,   0,    ,   0, MJB, 280,  11, 
AL, 85, 2014090106, 03, OFCL,  24, 242N,  843W,  95,    0, HU,  64, NEQ,   20,   20,   20,   20,    0,    0,   0, 115,   0,    ,   0, MJB, 280,  11, 
AL, 85, 2014090106, 03, OFCL,  36, 246N,  864W, 105,    0, HU,  34, NEQ,   90,   90,   90,   90,    0,    0,   0, 130,   0,    ,   0, MJB, 280,  10, 
AL, 85, 2014090106, 03, OFCL,  36, 246N,  864W, 105,    0, HU,  50, NEQ,   60,   60,   60,   60,    0,    0,   0, 130,   0,    ,   0, MJB, 280,  10, 
AL, 85, 2014090106, 03, OFCL,  36, 246N,  864W, 105,    0, HU,  64, NEQ,   20,   20,   20,   20,    0,    0,   0, 130,   0,    ,   0, MJB, 280,  10, 
AL, 85, 2014090106, 03, OFCL,  48, 249N,  887W, 115,    0, HU,  34, NEQ,  110,  110,  110,  110,    0,    0,   0, 140,   0,    ,   0, MJB, 280,  11, 
AL, 85, 2014090106, 03, OFCL,  48, 249N,  887W, 115,    0, HU,  50, NEQ,   80,   80,   80,   80,    0,    0,   0, 140,   0,    ,   0, MJB, 280,  11, 
AL, 85, 2014090106, 03, OFCL,  48, 249N,  887W, 115,    0, HU,  64, NEQ,   20,   20,   20,   20,    0,    0,   0, 140,   0,    ,   0, MJB, 280,  11, 
AL, 85, 2014090106, 03, OFCL,  72, 258N,  937W, 125,    0, HU,  34, NEQ,  150,  150,  150,  150,    0,    0,   0, 150,   0,    ,   0, MJB, 280,  12, 
AL, 85, 2014090106, 03, OFCL,  72, 258N,  937W, 125,    0, HU,  50, NEQ,  100,  100,  100,  100,    0,    0,   0, 150,   0,    ,   0, MJB, 280,  12, 
AL, 85, 2014090106, 03, OFCL,  72, 258N,  937W, 125,    0, HU,  64, NEQ,   40,   40,   40,   40,    0,    0,   0, 150,   0,    ,   0, MJB, 280,  12, 
AL, 85, 2014090106, 03, OFCL,  96, 260N,  975W, 100,    0, HU,  34, NEQ,    0,    0,    0,    0,    0,    0,   0, 120,   0,    ,   0, MJB, 275,   9, 
AL, 85, 2014090106, 03, OFCL, 120, 257N, 1005W,  30,    0, TD,  34, NEQ,    0,    0,    0,    0,    0,    0,   0,  40,   0,    ,   0, MJB, 265,   7, 
AL, 85, 2014090206, 01, CARQ, -24, 233N,  797W,  85,    0, HU,  34, AAA,    0,    0,    0,    0,    0,    0,   0,   0,   0,   L,   0,   X,   0,   0,       DUFF,  , 
AL, 85, 2014090206, 01, CARQ, -18, 235N,  810W,  85,    0, HU,  34, AAA,    0,    0,    0,    0,    0,    0,   0,   0,   0,   L,   0,   X,   0,   0,       DUFF,  , 
AL, 85, 2014090206, 01, CARQ, -12, 237N,  821W,  85,    0, HU,  34, AAA,    0,    0,    0,    0,    0,    0,   0,   0,   0,   L,   0,   X, 283,  12,       DUFF,  , 
AL, 85, 2014090206, 01, CARQ,  -6, 240N,  835W,  85,    0, HU,  34, AAA,    0,    0,    0,    0,    0,    0,   0,   0,   0,   L,   0,   X,   0,   0,       DUFF,  , 
AL, 85, 2014090206, 01, CARQ,   0, 243N,  849W, 100,  948, HU,  34, NEQ,   90,   90,   90,   90, 1008,  150,  10,   0,   0,   L,   0,   X, 285,  12,       DUFF, D, 
AL, 85, 2014090206, 01, CARQ,   0, 243N,  849W, 100,  948, HU,  50, NEQ,   50,   50,   50,   50, 1008,  150,  10,   0,   0,   L,   0,   X, 285,  12,       DUFF, D, 
AL, 85, 2014090206, 01, CARQ,   0, 243N,  849W, 100,  948, HU,  64, NEQ,   20,   20,   20,   20, 1008,  150,  10,   0,   0,   L,   0,   X, 285,  12,       DUFF, D, 
AL, 85, 2014090206, 03, DRCL,   0, 243N,  849W, 100,    0, HU,  34, NEQ,   90,   90,   90,   90, 
AL, 85, 2014090206, 03, DRCL,   0, 243N,  849W, 100,    0, HU,  50, NEQ,   50,   50,   50,   50, 
AL, 85, 2014090206, 03, DRCL,   0, 243N,  849W, 100,    0, HU,  64, NEQ,   20,   20,   20,   20, 
AL, 85, 2014090206, 03, DRCL,  12, 246N,  864W, 110,    0, HU,  34, NEQ,  111,  103,  102,  110, 
AL, 85, 2014090206, 03, DRCL,  12, 246N,  864W, 110,    0, HU,  50, NEQ,   64,   60,   60,   63, 
AL, 85, 2014090206, 03, DRCL,  12, 246N,  864W, 110,    0, HU,  64, NEQ,   32,   30,   30,   32, 
AL, 85, 2014090206, 03, DRCL,  24, 250N,  887W, 120,    0, HU,  34, NEQ,  129,  114,  111,  126, 
AL, 85, 2014090206, 03, DRCL,  24, 250N,  887W, 120,    0, HU,  50, NEQ,   75,   68,   67,   74, 
AL, 85, 2014090206, 03, DRCL,  24, 250N,  887W, 120,    0, HU,  64, NEQ,   42,   39,   38,   42, 
AL, 85, 2014090206, 03, DRCL,  36, 256N,  912W, 125,    0, HU,  34, NEQ,  141,  121,  119,  138, 
AL, 85, 2014090206, 03, DRCL,  36, 256N,  912W, 125,    0, HU,  50, NEQ,   81,   73,   72,   80, 
AL, 85, 2014090206, 03, DRCL,  36, 256N,  912W, 125,    0, HU,  64, NEQ,   48,   44,   44,   48, 
AL, 85, 2014090206, 03, DRCL,  48, 259N,  937W, 125,    0, HU,  34, NEQ,  145,  125,  126,  146, 
AL, 85, 2014090206, 03, DRCL,  48, 259N,  937W, 125,    0, HU,  50, NEQ,   84,   76,   76,   84, 
AL, 85, 2014090206, 03, DRCL,  48, 259N,  937W, 125,    0, HU,  64, NEQ,   52,   47,   48,   52, 
AL, 85, 2014090206, 03, DRCL,  72, 260N,  975W, 105,    0, HU,  34, NEQ,  143,  125,  128,  147, 
AL, 85, 2014090206, 03, DRCL,  72, 260N,  975W, 105,    0, HU,  50, NEQ,   82,   74,   76,   84, 
AL, 85, 2014090206, 03, DRCL,  72, 260N,  975W, 105,    0, HU,  64, NEQ,   52,   48,   49,   53, 
AL, 85, 2014090206, 03, DRCL,  96, 258N,  999W,  35,    0, TS,  34, NEQ,   37,    0,    0,   40, 
AL, 85, 2014090206, 03, DRCL, 120, 257N, 1025W,  25,    0, TD,  34, NEQ,    0,    0,    0,    0, 
AL, 85, 2014090206, 03, MRCL,   0, 243N,  849W, 100,    0, HU,  34, NEQ,   90,   90,   90,   90, 
AL, 85, 2014090206, 03, MRCL,   0, 243N,  849W, 100,    0, HU,  50, NEQ,   50,   50,   50,   50, 
AL, 85, 2014090206, 03, MRCL,   0, 243N,  849W, 100,    0, HU,  64, NEQ,   20,   20,   20,   20, 
AL, 85, 2014090206, 03, MRCL,  12, 246N,  864W, 110,    0, HU,  34, NEQ,  115,   95,  115,  125, 
AL, 85, 2014090206, 03, MRCL,  12, 246N,  864W, 110,    0, HU,  50, NEQ,   70,   60,   50,   50, 
AL, 85, 2014090206, 03, MRCL,  12, 246N,  864W, 110,    0, HU,  64, NEQ,   40,   30,   25,   35, 
AL, 85, 2014090206, 03, MRCL,  24, 250N,  887W, 120,    0, HU,  34, NEQ,  135,  115,  120,  115, 
AL, 85, 2014090206, 03, MRCL,  24, 250N,  887W, 120,    0, HU,  50, NEQ,   70,   65,   65,   60, 
AL, 85, 2014090206, 03, MRCL,  24, 250N,  887W, 120,    0, HU,  64, NEQ,   55,   25,   25,   40, 
AL, 85, 2014090206, 03, MRCL,  36, 256N,  912W, 125,    0, HU,  34, NEQ,  150,  130,  110,  125, 
AL, 85, 2014090206, 03, MRCL,  36, 256N,  912W, 125,    0, HU,  50, NEQ,   90,   65,   60,   85, 
AL, 85, 2014090206, 03, MRCL,  36, 256N,  912W, 125,    0, HU,  64, NEQ,   55,   35,   40,   55, 
AL, 85, 2014090206, 03, MRCL,  48, 259N,  937W, 125,    0, HU,  34, NEQ,  155,  155,  130,  165, 
AL, 85, 2014090206, 03, MRCL,  48, 259N,  937W, 125,    0, HU,  50, NEQ,   95,   80,   70,   90, 
AL, 85, 2014090206, 03, MRCL,  48, 259N,  937W, 125,    0, HU,  64, NEQ,   65,   40,   35,   55, 
AL, 85, 2014090206, 03, MRCL,  72, 260N,  975W, 105,    0, TS,  34, NEQ,  160,  115,  120,  160, 
AL, 85, 2014090206, 03, MRCL,  72, 260N,  975W, 105,    0, TS,  50, NEQ,  110,   80,   55,   80, 
AL, 85, 2014090206, 03, MRCL,  72, 260N,  975W, 105,    0, TS,  64, NEQ,   55,   45,   35,   30, 
AL, 85, 2014090206, 03, OFCL,   0, 243N,  849W, 100,    0, HU,  34, NEQ,   90,   90,   90,   90,    0,    0,   0, 120,   0,    ,   0, MJB, 285,  13, 
AL, 85, 2014090206, 03, OFCL,   0, 243N,  849W, 100,    0, HU,  50, NEQ,   50,   50,   50,   50,    0,    0,   0, 120,   0,    ,   0, MJB, 285,  13, 
AL, 85, 2014090206, 03, OFCL,   0, 243N,  849W, 100,    0, HU,  64, NEQ,   20,   20,   20,   20,    0,    0,   0, 120,   0,    ,   0, MJB, 285,  13, 
AL, 85, 2014090206, 03, OFCL,   3, 244N,  853W, 100,  948, HU,  34, NEQ,   90,   90,   90,   90,    0,    0,   0, 120,   0,    ,   0, MJB, 285,   8, 
AL, 85, 2014090206, 03, OFCL,   3, 244N,  853W, 100,  948, HU,  50, NEQ,   50,   50,   50,   50,    0,    0,   0, 120,   0,    ,   0, MJB, 285,   8, 
AL, 85, 2014090206, 03, OFCL,   3, 244N,  853W, 100,  948, HU,  64, NEQ,   20,   20,   20,   20,    0,    0,   0, 120,   0,    ,   0, MJB, 285,   8, 
AL, 85, 2014090206, 03, OFCL,  12, 246N,  864W, 110,    0, HU,  34, NEQ,  100,  100,  100,  100,    0,    0,   0, 135,   0,    ,   0, MJB, 285,   7, 
AL, 85, 2014090206, 03, OFCL,  12, 246N,  864W, 110,    0, HU,  50, NEQ,   70,   70,   70,   70,    0,    0,   0, 135,   0,    ,   0, MJB, 285,   7, 
AL, 85, 2014090206, 03, OFCL,  12, 246N,  864W, 110,    0, HU,  64, NEQ,   30,   30,   30,   30,    0,    0,   0, 135,   0,    ,   0, MJB, 285,   7, 
AL, 85, 2014090206, 03, OFCL,  24, 250N,  887W, 120,    0, HU,  34, NEQ,  120,  120,  120,  120,    0,    0,   0, 145,   0,    ,   0, MJB, 280,  11, 
AL, 85, 2014090206, 03, OFCL,  24, 250N,  887W, 120,    0, HU,  50, NEQ,   90,   90,   90,   90,    0,    0,   0, 145,   0,    ,   0, MJB, 280,  11, 
AL, 85, 2014090206, 03, OFCL,  24, 250N,  887W, 120,    0, HU,  64, NEQ,   30,   30,   30,   30,    0,    0,   0, 145,   0,    ,   0, MJB, 280,  11, 
AL, 85, 2014090206, 03, OFCL,  36, 256N,  912W, 125,    0, HU,  34, NEQ,  150,  150,  150,  150,    0,    0,   0, 150,   0,    ,   0, MJB, 285,  12, 
AL, 85, 2014090206, 03, OFCL,  36, 256N,  912W, 125,    0, HU,  50, NEQ,  100,  100,  100,  100,    0,    0,   0, 150,   0,    ,   0, MJB, 285,  12, 
AL, 85, 2014090206, 03, OFCL,  36, 256N,  912W, 125,    0, HU,  64, NEQ,   40,   40,   40,   40,    0,    0,   0, 150,   0,    ,   0, MJB, 285,  12, 
AL, 85, 2014090206, 03, OFCL,  48, 259N,  937W, 125,    0, HU,  34, NEQ,  150,  150,  150,  150,    0,    0,   0, 150,   0,    ,   0, MJB, 280,  11, 
AL, 85, 2014090206, 03, OFCL,  48, 259N,  937W, 125,    0, HU,  50, NEQ,  100,  100,  100,  100,    0,    0,   0, 150,   0,    ,   0, MJB, 280,  11, 
AL, 85, 2014090206, 03, OFCL,  48, 259N,  937W, 125,    0, HU,  64, NEQ,   40,   40,   40,   40,    0,    0,   0, 150,   0,    ,   0, MJB, 280,  11, 
AL, 85, 2014090206, 03, OFCL,  72, 260N,  975W, 105,    0, HU,  34, NEQ,  150,  150,  150,  150,    0,    0,   0, 130,   0,    ,   0, MJB, 275,   9, 
AL, 85, 2014090206, 03, OFCL,  72, 260N,  975W, 105,    0, HU,  50, NEQ,   80,   80,   80,   80,    0,    0,   0, 130,   0,    ,   0, MJB, 275,   9, 
AL, 85, 2014090206, 03, OFCL,  72, 260N,  975W, 105,    0, HU,  64, NEQ,   30,   30,   30,   30,    0,    0,   0, 130,   0,    ,   0, MJB, 275,   9, 
AL, 85, 2014090206, 03, OFCL,  96, 258N,  999W,  35,    0, TS,  34, NEQ,    0,    0,    0,    0,    0,    0,   0,  45,   0,    ,   0, MJB, 265,   5, 
AL, 85, 2014090206, 03, OFCL, 120, 257N, 1025W,  25,    0, TD,  34, NEQ,    0,    0,    0,    0,    0,    0,   0,  35,   0,    ,   0, MJB, 270,   6, 
AL, 85, 2014090306, 01, CARQ, -24, 243N,  849W, 100,    0, HU,  34, AAA,    0,    0,    0,    0,    0,    0,   0,   0,   0,   L,   0,   X,   0,   0,       DUFF,  , 
AL, 85, 2014090306, 01, CARQ, -18, 245N,  862W, 100,    0, HU,  34, AAA,    0,    0,    0,    0,    0,    0,   0,   0,   0,   L,   0,   X,   0,   0,       DUFF,  , 
AL, 85, 2014090306, 01, CARQ, -12, 247N,  873W, 100,    0, HU,  34, AAA,    0,    0,    0,    0,    0,    0,   0,   0,   0,   L,   0,   X, 282,  10,       DUFF,  , 
AL, 85, 2014090306, 01, CARQ,  -6, 249N,  883W, 100,    0, HU,  34, AAA,    0,    0,    0,    0,    0,    0,   0,   0,   0,   L,   0,   X,   0,   0,       DUFF,  , 
AL, 85, 2014090306, 01, CARQ,   0, 251N,  893W, 120,  925, HU,  34, NEQ,  125,  125,  125,  125, 1008,  150,  10,   0,   0,   L,   0,   X, 285,  10,       DUFF, D, 
AL, 85, 2014090306, 01, CARQ,   0, 251N,  893W, 120,  925, HU,  50, NEQ,   90,   90,   90,   90, 1008,  150,  10,   0,   0,   L,   0,   X, 285,  10,       DUFF, D, 
AL, 85, 2014090306, 01, CARQ,   0, 251N,  893W, 120,  925, HU,  64, NEQ,   30,   30,   30,   30, 1008,  150,  10,   0,   0,   L,   0,   X, 285,  10,       DUFF, D, 
AL, 85, 2014090306, 03, DRCL,   0, 251N,  893W, 120,    0, HU,  34, NEQ,  125,  125,  125,  125, 
AL, 85, 2014090306, 03, DRCL,   0, 251N,  893W, 120,    0, HU,  50, NEQ,   90,   90,   90,   90, 
AL, 85, 2014090306, 03, DRCL,   0, 251N,  893W, 120,    0, HU,  64, NEQ,   30,   30,   30,   30, 
AL, 85, 2014090306, 03, DRCL,  12, 256N,  912W, 125,    0, HU,  34, NEQ,  133,  126,  125,  133, 
AL, 85, 2014090306, 03, DRCL,  12, 256N,  912W, 125,    0, HU,  50, NEQ,   90,   87,   87,   90, 
AL, 85, 2014090306, 03, DRCL,  12, 256N,  912W, 125,    0, HU,  64, NEQ,   37,   36,   36,   37, 
AL, 85, 2014090306, 03, DRCL,  24, 260N,  937W, 125,    0, HU,  34, NEQ,  139,  127,  128,  141, 
AL, 85, 2014090306, 03, DRCL,  24, 260N,  937W, 125,    0, HU,  50, NEQ,   90,   85,   85,   91, 
AL, 85, 2014090306, 03, DRCL,  24, 260N,  937W, 125,    0, HU,  64, NEQ,   44,   41,   42,   44, 
AL, 85, 2014090306, 03, DRCL,  36, 261N,  958W, 125,    0, HU,  34, NEQ,  141,  128,  132,  146, 
AL, 85, 2014090306, 03, DRCL,  36, 261N,  958W, 125,    0, HU,  50, NEQ,   89,   83,   85,   91, 
AL, 85, 2014090306, 03, DRCL,  36, 261N,  958W, 125,    0, HU,  64, NEQ,   48,   45,   46,   49, 
AL, 85, 2014090306, 03, DRCL,  48, 260N,  975W, 105,    0, HU,  34, NEQ,  139,  124,  130,  146, 
AL, 85, 2014090306, 03, DRCL,  48, 260N,  975W, 105,    0, HU,  50, NEQ,   84,   78,   80,   86, 
AL, 85, 2014090306, 03, DRCL,  48, 260N,  975W, 105,    0, HU,  64, NEQ,   47,   44,   46,   49, 
AL, 85, 2014090306, 03, DRCL,  72, 258N, 1003W,  30,    0, TD,  34, NEQ,    0,    0,    0,    0, 
AL, 85, 2014090306, 03, DRCL,  96, 257N, 1022W,  25,    0, TD,  34, NEQ,    0,    0,    0,    0, 
AL, 85, 2014090306, 03, DRCL, 120, 257N, 1031W,  20,    0, TD,  34, NEQ,    0,    0,    0,    0, 
AL, 85, 2014090306, 03, MRCL,   0, 251N,  893W, 120,    0, HU,  34, NEQ,  125,  125,  125,  125, 
AL, 85, 2014090306, 03, MRCL,   0, 251N,  893W, 120,    0, HU,  50, NEQ,   90,   90,   90,   90, 
AL, 85, 2014090306, 03, MRCL,   0, 251N,  893W, 120,    0, HU,  64, NEQ,   30,   30,   30,   30, 
AL, 85, 2014090306, 03, MRCL,  12, 256N,  912W, 125,    0, HU,  34, NEQ,  130,  105,  140,  150, 
AL, 85, 2014090306, 03, MRCL,  12, 256N,  912W, 125,    0, HU,  50, NEQ,  100,   90,   75,   70, 
AL, 85, 2014090306, 03, MRCL,  12, 256N,  912W, 125,    0, HU,  64, NEQ,   55,   40,   35,   45, 
AL, 85, 2014090306, 03, MRCL,  24, 260N,  937W, 125,    0, HU,  34, NEQ,  145,  145,  145,  130, 
AL, 85, 2014090306, 03, MRCL,  24, 260N,  937W, 125,    0, HU,  50, NEQ,  100,   85,   85,  100, 
AL, 85, 2014090306, 03, MRCL,  24, 260N,  937W, 125,    0, HU,  64, NEQ,   70,   35,   30,   55, 
AL, 85, 2014090306, 03, MRCL,  36, 261N,  958W, 125,    0, HU,  34, NEQ,  170,  155,  125,  135, 
AL, 85, 2014090306, 03, MRCL,  36, 261N,  958W, 125,    0, HU,  50, NEQ,  110,   75,   65,  105, 
AL, 85, 2014090306, 03, MRCL,  36, 261N,  958W, 125,    0, HU,  64, NEQ,   60,   35,   50,   65, 
AL, 85, 2014090306, 03, MRCL,  48, 260N,  975W, 105,    0, HU,  34, NEQ,  165,  145,  120,  135, 
AL, 85, 2014090306, 03, MRCL,  48, 260N,  975W, 105,    0, HU,  50, NEQ,   85,   85,   60,   90, 
AL, 85, 2014090306, 03, MRCL,  48, 260N,  975W, 105,    0, HU,  64, NEQ,   55,   35,   35,   45, 
AL, 85, 2014090306, 03, MRCL,  72, 258N, 1003W,  30,    0, TD,  34, NEQ,    0,    0,    0,    0, 
