EP, 85, 2014032618, 01, CARQ, -24, 160N, 1061W,  25,    0, DB,  34, AAA,    0,    0,    0,    0,    0,    0,   0,   0,   0,   E,   0,   X,   0,   0,       TEST,  , 
EP, 85, 2014032618, 01, CARQ, -18, 160N, 1066W,  25,    0, DB,  34, AAA,    0,    0,    0,    0,    0,    0,   0,   0,   0,   E,   0,   X,   0,   0,       TEST,  , 
EP, 85, 2014032618, 01, CARQ, -12, 160N, 1072W,  25,    0, DB,  34, AAA,    0,    0,    0,    0,    0,    0,   0,   0,   0,   E,   0,   X, 270,   5,       TEST,  , 
EP, 85, 2014032618, 01, CARQ,  -6, 160N, 1076W,  25,    0, DB,  34, AAA,    0,    0,    0,    0,    0,    0,   0,   0,   0,   E,   0,   X,   0,   0,       TEST,  , 
EP, 85, 2014032618, 01, CARQ,   0, 160N, 1080W,  25, 1009, DB,  34, NEQ,    0,    0,    0,    0, 1010,  150,   0,   0,   0,   E,   0,   X, 270,   4,       TEST, S , 
EP, 85, 2014032618, 01, CARQ,   0, 160N, 1080W,  25, 1009, DB,  50, NEQ,    0,    0,    0,    0, 1010,  150,   0,   0,   0,   E,   0,   X, 270,   4,       TEST, S , 
EP, 85, 2014032618, 01, CARQ,   0, 160N, 1080W,  25, 1009, DB,  64, NEQ,    0,    0,    0,    0, 1010,  150,   0,   0,   0,   E,   0,   X, 270,   4,       TEST, S , 
EP, 85, 2014032618, 03, BAMD,  12, 176N, 1047W,   0,    0,   ,   0,    ,    0,    0,    0,    0, 
EP, 85, 2014032618, 03, BAMD,  24, 195N,  995W,   0,    0,   ,   0,    ,    0,    0,    0,    0, 
EP, 85, 2014032618, 03, BAMD,  36, 213N,  928W,   0,    0,   ,   0,    ,    0,    0,    0,    0, 
EP, 85, 2014032618, 03, BAMD,  48, 224N,  857W,   0,    0,   ,   0,    ,    0,    0,    0,    0, 
EP, 85, 2014032618, 03, BAMD,  60, 222N,  799W,   0,    0,   ,   0,    ,    0,    0,    0,    0, 
EP, 85, 2014032618, 03, BAMD,  72, 208N,  762W,   0,    0,   ,   0,    ,    0,    0,    0,    0, 
EP, 85, 2014032618, 03, BAMD,  84, 190N,  744W,   0,    0,   ,   0,    ,    0,    0,    0,    0, 
EP, 85, 2014032618, 03, BAMD,  96, 173N,  730W,   0,    0,   ,   0,    ,    0,    0,    0,    0, 
EP, 85, 2014032618, 03, BAMD, 108, 163N,  714W,   0,    0,   ,   0,    ,    0,    0,    0,    0, 
EP, 85, 2014032618, 03, BAMD, 120, 167N,  688W,   0,    0,   ,   0,    ,    0,    0,    0,    0, 
EP, 85, 2014032618, 03, BAMD, 132, 189N,  647W,   0,    0,   ,   0,    ,    0,    0,    0,    0, 
EP, 85, 2014032618, 03, BAMD, 144, 219N,  585W,   0,    0,   ,   0,    ,    0,    0,    0,    0, 
EP, 85, 2014032618, 03, BAMD, 156, 248N,  506W,   0,    0,   ,   0,    ,    0,    0,    0,    0, 
EP, 85, 2014032618, 03, BAMD, 168, 277N,  428W,   0,    0,   ,   0,    ,    0,    0,    0,    0, 
EP, 85, 2014032618, 03, BAMM,  12, 176N, 1075W,   0,    0,   ,   0,    ,    0,    0,    0,    0, 
EP, 85, 2014032618, 03, BAMM,  24, 197N, 1051W,   0,    0,   ,   0,    ,    0,    0,    0,    0, 
EP, 85, 2014032618, 03, BAMM,  36, 217N, 1007W,   0,    0,   ,   0,    ,    0,    0,    0,    0, 
EP, 85, 2014032618, 03, BAMM,  48, 236N,  953W,   0,    0,   ,   0,    ,    0,    0,    0,    0, 
EP, 85, 2014032618, 03, BAMM,  60, 257N,  895W,   0,    0,   ,   0,    ,    0,    0,    0,    0, 
EP, 85, 2014032618, 03, BAMM,  72, 269N,  830W,   0,    0,   ,   0,    ,    0,    0,    0,    0, 
EP, 85, 2014032618, 03, BAMM,  84, 276N,  770W,   0,    0,   ,   0,    ,    0,    0,    0,    0, 
EP, 85, 2014032618, 03, BAMM,  96, 294N,  715W,   0,    0,   ,   0,    ,    0,    0,    0,    0, 
EP, 85, 2014032618, 03, BAMM, 108, 333N,  662W,   0,    0,   ,   0,    ,    0,    0,    0,    0, 
EP, 85, 2014032618, 03, BAMM, 120, 382N,  628W,   0,    0,   ,   0,    ,    0,    0,    0,    0, 
EP, 85, 2014032618, 03, BAMM, 132, 405N,  627W,   0,    0,   ,   0,    ,    0,    0,    0,    0, 
EP, 85, 2014032618, 03, BAMM, 144, 397N,  647W,   0,    0,   ,   0,    ,    0,    0,    0,    0, 
EP, 85, 2014032618, 03, BAMM, 156, 371N,  659W,   0,    0,   ,   0,    ,    0,    0,    0,    0, 
EP, 85, 2014032618, 03, BAMM, 168, 337N,  652W,   0,    0,   ,   0,    ,    0,    0,    0,    0, 
EP, 85, 2014032618, 03, BAMS,  12, 170N, 1095W,   0,    0,   ,   0,    ,    0,    0,    0,    0, 
EP, 85, 2014032618, 03, BAMS,  24, 180N, 1106W,   0,    0,   ,   0,    ,    0,    0,    0,    0, 
EP, 85, 2014032618, 03, BAMS,  36, 189N, 1113W,   0,    0,   ,   0,    ,    0,    0,    0,    0, 
EP, 85, 2014032618, 03, BAMS,  48, 193N, 1117W,   0,    0,   ,   0,    ,    0,    0,    0,    0, 
EP, 85, 2014032618, 03, BAMS,  60, 196N, 1122W,   0,    0,   ,   0,    ,    0,    0,    0,    0, 
EP, 85, 2014032618, 03, BAMS,  72, 197N, 1128W,   0,    0,   ,   0,    ,    0,    0,    0,    0, 
EP, 85, 2014032618, 03, BAMS,  84, 198N, 1136W,   0,    0,   ,   0,    ,    0,    0,    0,    0, 
EP, 85, 2014032618, 03, BAMS,  96, 202N, 1144W,   0,    0,   ,   0,    ,    0,    0,    0,    0, 
EP, 85, 2014032618, 03, BAMS, 108, 208N, 1149W,   0,    0,   ,   0,    ,    0,    0,    0,    0, 
EP, 85, 2014032618, 03, BAMS, 120, 215N, 1150W,   0,    0,   ,   0,    ,    0,    0,    0,    0, 
EP, 85, 2014032618, 03, BAMS, 132, 223N, 1134W,   0,    0,   ,   0,    ,    0,    0,    0,    0, 
EP, 85, 2014032618, 03, BAMS, 144, 233N, 1105W,   0,    0,   ,   0,    ,    0,    0,    0,    0, 
EP, 85, 2014032618, 03, BAMS, 156, 248N, 1069W,   0,    0,   ,   0,    ,    0,    0,    0,    0, 
EP, 85, 2014032618, 03, BAMS, 168, 272N, 1036W,   0,    0,   ,   0,    ,    0,    0,    0,    0, 
EP, 85, 2014032618, 03, CLIP,  12, 160N, 1088W,   0,    0,   ,   0,    ,    0,    0,    0,    0, 
EP, 85, 2014032618, 03, CLIP,  24, 161N, 1094W,   0,    0,   ,   0,    ,    0,    0,    0,    0, 
EP, 85, 2014032618, 03, CLIP,  36, 162N, 1100W,   0,    0,   ,   0,    ,    0,    0,    0,    0, 
EP, 85, 2014032618, 03, CLIP,  48, 163N, 1107W,   0,    0,   ,   0,    ,    0,    0,    0,    0, 
EP, 85, 2014032618, 03, CLIP,  60, 156N, 1118W,   0,    0,   ,   0,    ,    0,    0,    0,    0, 
EP, 85, 2014032618, 03, CLIP,  72, 141N, 1137W,   0,    0,   ,   0,    ,    0,    0,    0,    0, 
EP, 85, 2014032618, 03, CLP5,  12, 161N, 1090W,   0,    0,   ,   0,    ,    0,    0,    0,    0, 
EP, 85, 2014032618, 03, CLP5,  24, 164N, 1101W,   0,    0,   ,   0,    ,    0,    0,    0,    0, 
EP, 85, 2014032618, 03, CLP5,  36, 167N, 1112W,   0,    0,   ,   0,    ,    0,    0,    0,    0, 
EP, 85, 2014032618, 03, CLP5,  48, 170N, 1120W,   0,    0,   ,   0,    ,    0,    0,    0,    0, 
EP, 85, 2014032618, 03, CLP5,  60, 176N, 1134W,   0,    0,   ,   0,    ,    0,    0,    0,    0, 
EP, 85, 2014032618, 03, CLP5,  72, 181N, 1148W,   0,    0,   ,   0,    ,    0,    0,    0,    0, 
EP, 85, 2014032618, 03, CLP5,  84, 181N, 1159W,   0,    0,   ,   0,    ,    0,    0,    0,    0, 
EP, 85, 2014032618, 03, CLP5,  96, 186N, 1169W,   0,    0,   ,   0,    ,    0,    0,    0,    0, 
EP, 85, 2014032618, 03, CLP5, 108, 190N, 1183W,   0,    0,   ,   0,    ,    0,    0,    0,    0, 
EP, 85, 2014032618, 03, CLP5, 120, 194N, 1197W,   0,    0,   ,   0,    ,    0,    0,    0,    0, 
EP, 85, 2014032618, 03, DSHP,   0, 160N, 1080W,  25,    0, TD,   0,    ,    0,    0,    0,    0, 
EP, 85, 2014032618, 03, DSHP,  12, 176N, 1075W,  22,    0, TD,   0,    ,    0,    0,    0,    0, 
EP, 85, 2014032618, 03, DSHP,  24, 197N, 1051W,  16,    0, TD,   0,    ,    0,    0,    0,    0, 
EP, 85, 2014032618, 03, LBAR,   0, 160N, 1080W,  25,    0,   ,   0,    ,    0,    0,    0,    0, 
EP, 85, 2014032618, 03, LBAR,  12, 170N, 1071W,   0,    0,   ,   0,    ,    0,    0,    0,    0, 
EP, 85, 2014032618, 03, LBAR,  24, 189N, 1053W,   0,    0,   ,   0,    ,    0,    0,    0,    0, 
EP, 85, 2014032618, 03, LBAR,  36, 210N, 1024W,   0,    0,   ,   0,    ,    0,    0,    0,    0, 
EP, 85, 2014032618, 03, LBAR,  48, 238N,  973W,   0,    0,   ,   0,    ,    0,    0,    0,    0, 
EP, 85, 2014032618, 03, LBAR,  60, 270N,  907W,   0,    0,   ,   0,    ,    0,    0,    0,    0, 
EP, 85, 2014032618, 03, LBAR,  72, 276N,  831W,   0,    0,   ,   0,    ,    0,    0,    0,    0, 
EP, 85, 2014032618, 03, LGEM,   0, 160N, 1080W,  25,    0, TD,   0,    ,    0,    0,    0,    0, 
EP, 85, 2014032618, 03, LGEM,  12, 176N, 1075W,  22,    0, TD,   0,    ,    0,    0,    0,    0, 
EP, 85, 2014032618, 03, LGEM,  24, 197N, 1051W,  17,    0, TD,   0,    ,    0,    0,    0,    0, 
EP, 85, 2014032618, 03, LGEM,  36, 217N, 1007W,  23,    0, TD,   0,    ,    0,    0,    0,    0, 
EP, 85, 2014032618, 03, LGEM,  48, 236N,  953W,  23,    0, TD,   0,    ,    0,    0,    0,    0, 
EP, 85, 2014032618, 03, LGEM,  60, 257N,  895W,  16,    0, EX,   0,    ,    0,    0,    0,    0, 
EP, 85, 2014032618, 03, OCD5,   0, 160N, 1080W,  25,    0,   ,   0,    ,    0,    0,    0,    0, 
EP, 85, 2014032618, 03, OCD5,  12, 161N, 1090W,  22,    0,   ,   0,    ,    0,    0,    0,    0, 
EP, 85, 2014032618, 03, OCD5,  24, 164N, 1101W,  18,    0,   ,   0,    ,    0,    0,    0,    0, 
EP, 85, 2014032618, 03, OCD5,  36, 167N, 1112W,  15,    0,   ,   0,    ,    0,    0,    0,    0, 
EP, 85, 2014032618, 03, OCD5,  48, 170N, 1120W,  10,    0,   ,   0,    ,    0,    0,    0,    0, 
EP, 85, 2014032618, 03, OCD5,  60, 176N, 1134W,  11,    0,   ,   0,    ,    0,    0,    0,    0, 
EP, 85, 2014032618, 03, OCD5,  72, 181N, 1148W,  10,    0,   ,   0,    ,    0,    0,    0,    0, 
EP, 85, 2014032618, 03, OCD5,  84, 181N, 1159W,  12,    0,   ,   0,    ,    0,    0,    0,    0, 
EP, 85, 2014032618, 03, OCD5,  96, 186N, 1169W,  13,    0,   ,   0,    ,    0,    0,    0,    0, 
EP, 85, 2014032618, 03, OCD5, 108, 190N, 1183W,  15,    0,   ,   0,    ,    0,    0,    0,    0, 
EP, 85, 2014032618, 03, OCD5, 120, 194N, 1197W,  24,    0,   ,   0,    ,    0,    0,    0,    0, 
EP, 85, 2014032618, 03, SHF5,   0,   0N,    0W,  25,    0,   ,   0,    ,    0,    0,    0,    0, 
EP, 85, 2014032618, 03, SHF5,  12,   0N,    0W,  22,    0,   ,   0,    ,    0,    0,    0,    0, 
EP, 85, 2014032618, 03, SHF5,  24,   0N,    0W,  18,    0,   ,   0,    ,    0,    0,    0,    0, 
EP, 85, 2014032618, 03, SHF5,  36,   0N,    0W,  15,    0,   ,   0,    ,    0,    0,    0,    0, 
EP, 85, 2014032618, 03, SHF5,  48,   0N,    0W,  10,    0,   ,   0,    ,    0,    0,    0,    0, 
EP, 85, 2014032618, 03, SHF5,  60,   0N,    0W,  11,    0,   ,   0,    ,    0,    0,    0,    0, 
EP, 85, 2014032618, 03, SHF5,  72,   0N,    0W,  10,    0,   ,   0,    ,    0,    0,    0,    0, 
EP, 85, 2014032618, 03, SHF5,  84,   0N,    0W,  12,    0,   ,   0,    ,    0,    0,    0,    0, 
EP, 85, 2014032618, 03, SHF5,  96,   0N,    0W,  13,    0,   ,   0,    ,    0,    0,    0,    0, 
EP, 85, 2014032618, 03, SHF5, 108,   0N,    0W,  15,    0,   ,   0,    ,    0,    0,    0,    0, 
EP, 85, 2014032618, 03, SHF5, 120,   0N,    0W,  24,    0,   ,   0,    ,    0,    0,    0,    0, 
EP, 85, 2014032618, 03, SHFR,  12,   0N,    0W,  27,    0,   ,   0,    ,    0,    0,    0,    0, 
EP, 85, 2014032618, 03, SHFR,  24,   0N,    0W,  31,    0,   ,   0,    ,    0,    0,    0,    0, 
EP, 85, 2014032618, 03, SHFR,  36,   0N,    0W,  35,    0,   ,   0,    ,    0,    0,    0,    0, 
EP, 85, 2014032618, 03, SHFR,  48,   0N,    0W,  38,    0,   ,   0,    ,    0,    0,    0,    0, 
EP, 85, 2014032618, 03, SHFR,  60,   0N,    0W,  41,    0,   ,   0,    ,    0,    0,    0,    0, 
EP, 85, 2014032618, 03, SHFR,  72,   0N,    0W,  42,    0,   ,   0,    ,    0,    0,    0,    0, 
EP, 85, 2014032618, 03, SHIP,   0, 160N, 1080W,  25,    0, TD,   0,    ,    0,    0,    0,    0, 
EP, 85, 2014032618, 03, SHIP,  12, 176N, 1075W,  22,    0, TD,   0,    ,    0,    0,    0,    0, 
EP, 85, 2014032618, 03, SHIP,  24, 197N, 1051W,  17,    0, TD,   0,    ,    0,    0,    0,    0, 
EP, 85, 2014032618, 03, XTRP,   0, 160N, 1080W,   0,    0,   ,   0,    ,    0,    0,    0,    0, 
EP, 85, 2014032618, 03, XTRP,  12, 160N, 1087W,   0,    0,   ,   0,    ,    0,    0,    0,    0, 
EP, 85, 2014032618, 03, XTRP,  24, 160N, 1095W,   0,    0,   ,   0,    ,    0,    0,    0,    0, 
EP, 85, 2014032618, 03, XTRP,  36, 160N, 1103W,   0,    0,   ,   0,    ,    0,    0,    0,    0, 
EP, 85, 2014032618, 03, XTRP,  48, 160N, 1111W,   0,    0,   ,   0,    ,    0,    0,    0,    0, 
EP, 85, 2014032618, 03, XTRP,  60, 160N, 1119W,   0,    0,   ,   0,    ,    0,    0,    0,    0, 
EP, 85, 2014032618, 03, XTRP,  72, 160N, 1127W,   0,    0,   ,   0,    ,    0,    0,    0,    0, 
EP, 85, 2014032618, 03, XTRP,  84, 160N, 1135W,   0,    0,   ,   0,    ,    0,    0,    0,    0, 
EP, 85, 2014032618, 03, XTRP,  96, 160N, 1143W,   0,    0,   ,   0,    ,    0,    0,    0,    0, 
EP, 85, 2014032618, 03, XTRP, 108, 160N, 1151W,   0,    0,   ,   0,    ,    0,    0,    0,    0, 
EP, 85, 2014032618, 03, XTRP, 120, 160N, 1159W,   0,    0,   ,   0,    ,    0,    0,    0,    0, 
EP, 85, 2014032618, 03, XTRP, 132, 160N, 1167W,   0,    0,   ,   0,    ,    0,    0,    0,    0, 
EP, 85, 2014032618, 03, XTRP, 144, 160N, 1175W,   0,    0,   ,   0,    ,    0,    0,    0,    0, 
EP, 85, 2014032618, 03, XTRP, 156, 160N, 1183W,   0,    0,   ,   0,    ,    0,    0,    0,    0, 
EP, 85, 2014032618, 03, XTRP, 168, 160N, 1191W,   0,    0,   ,   0,    ,    0,    0,    0,    0, 
EP, 85, 2014052100, 01, CARQ, -24, 101N, 1062W,  20,    0, TD,  34, AAA,    0,    0,    0,    0,    0,    0,   0,   0,   0,   E,   0,   X,   0,   0,       TEST,  , 
EP, 85, 2014052100, 01, CARQ, -18,  99N, 1074W,  20,    0, TD,  34, AAA,    0,    0,    0,    0,    0,    0,   0,   0,   0,   E,   0,   X,   0,   0,       TEST,  , 
EP, 85, 2014052100, 01, CARQ, -12,  98N, 1083W,  20,    0, TD,  34, AAA,    0,    0,    0,    0,    0,    0,   0,   0,   0,   E,   0,   X, 267,   9,       TEST,  , 
EP, 85, 2014052100, 01, CARQ,  -6,  98N, 1092W,  20,    0, TD,  34, AAA,    0,    0,    0,    0,    0,    0,   0,   0,   0,   E,   0,   X,   0,   0,       TEST,  , 
EP, 85, 2014052100, 01, CARQ,   0, 100N, 1100W,  20, 1009, TD,  34, NEQ,    0,    0,    0,    0, 1010,  150,   0,   0,   0,   E,   0,   X, 270,   8,       TEST, S, 
EP, 85, 2014052100, 01, CARQ,   0, 100N, 1100W,  20, 1009, TD,  50, NEQ,    0,    0,    0,    0, 1010,  150,   0,   0,   0,   E,   0,   X, 270,   8,       TEST, S, 
EP, 85, 2014052100, 01, CARQ,   0, 100N, 1100W,  20, 1009, TD,  64, NEQ,    0,    0,    0,    0, 1010,  150,   0,   0,   0,   E,   0,   X, 270,   8,       TEST, S, 
EP, 85, 2014052100, 03, BAMD,  12, 101N, 1105W,   0,    0,   ,   0,    ,    0,    0,    0,    0, 
EP, 85, 2014052100, 03, BAMD,  24, 103N, 1111W,   0,    0,   ,   0,    ,    0,    0,    0,    0, 
EP, 85, 2014052100, 03, BAMD,  36, 105N, 1117W,   0,    0,   ,   0,    ,    0,    0,    0,    0, 
EP, 85, 2014052100, 03, BAMD,  48, 108N, 1123W,   0,    0,   ,   0,    ,    0,    0,    0,    0, 
EP, 85, 2014052100, 03, BAMD,  60, 108N, 1129W,   0,    0,   ,   0,    ,    0,    0,    0,    0, 
EP, 85, 2014052100, 03, BAMD,  72, 108N, 1136W,   0,    0,   ,   0,    ,    0,    0,    0,    0, 
EP, 85, 2014052100, 03, BAMD,  84, 108N, 1144W,   0,    0,   ,   0,    ,    0,    0,    0,    0, 
EP, 85, 2014052100, 03, BAMD,  96, 108N, 1149W,   0,    0,   ,   0,    ,    0,    0,    0,    0, 
EP, 85, 2014052100, 03, BAMD, 108, 106N, 1153W,   0,    0,   ,   0,    ,    0,    0,    0,    0, 
EP, 85, 2014052100, 03, BAMD, 120, 104N, 1156W,   0,    0,   ,   0,    ,    0,    0,    0,    0, 
EP, 85, 2014052100, 03, BAMD, 132, 102N, 1160W,   0,    0,   ,   0,    ,    0,    0,    0,    0, 
EP, 85, 2014052100, 03, BAMD, 144, 102N, 1165W,   0,    0,   ,   0,    ,    0,    0,    0,    0, 
EP, 85, 2014052100, 03, BAMD, 156, 103N, 1172W,   0,    0,   ,   0,    ,    0,    0,    0,    0, 
EP, 85, 2014052100, 03, BAMD, 168, 103N, 1180W,   0,    0,   ,   0,    ,    0,    0,    0,    0, 
EP, 85, 2014052100, 03, BAMM,  12, 103N, 1109W,   0,    0,   ,   0,    ,    0,    0,    0,    0, 
EP, 85, 2014052100, 03, BAMM,  24, 107N, 1117W,   0,    0,   ,   0,    ,    0,    0,    0,    0, 
EP, 85, 2014052100, 03, BAMM,  36, 111N, 1124W,   0,    0,   ,   0,    ,    0,    0,    0,    0, 
EP, 85, 2014052100, 03, BAMM,  48, 115N, 1132W,   0,    0,   ,   0,    ,    0,    0,    0,    0, 
EP, 85, 2014052100, 03, BAMM,  60, 118N, 1138W,   0,    0,   ,   0,    ,    0,    0,    0,    0, 
EP, 85, 2014052100, 03, BAMM,  72, 119N, 1144W,   0,    0,   ,   0,    ,    0,    0,    0,    0, 
EP, 85, 2014052100, 03, BAMM,  84, 119N, 1151W,   0,    0,   ,   0,    ,    0,    0,    0,    0, 
EP, 85, 2014052100, 03, BAMM,  96, 120N, 1157W,   0,    0,   ,   0,    ,    0,    0,    0,    0, 
EP, 85, 2014052100, 03, BAMM, 108, 120N, 1163W,   0,    0,   ,   0,    ,    0,    0,    0,    0, 
EP, 85, 2014052100, 03, BAMM, 120, 121N, 1168W,   0,    0,   ,   0,    ,    0,    0,    0,    0, 
EP, 85, 2014052100, 03, BAMM, 132, 121N, 1173W,   0,    0,   ,   0,    ,    0,    0,    0,    0, 
EP, 85, 2014052100, 03, BAMM, 144, 123N, 1181W,   0,    0,   ,   0,    ,    0,    0,    0,    0, 
EP, 85, 2014052100, 03, BAMM, 156, 125N, 1189W,   0,    0,   ,   0,    ,    0,    0,    0,    0, 
EP, 85, 2014052100, 03, BAMM, 168, 129N, 1200W,   0,    0,   ,   0,    ,    0,    0,    0,    0, 
EP, 85, 2014052100, 03, BAMS,  12, 105N, 1112W,   0,    0,   ,   0,    ,    0,    0,    0,    0, 
EP, 85, 2014052100, 03, BAMS,  24, 109N, 1122W,   0,    0,   ,   0,    ,    0,    0,    0,    0, 
EP, 85, 2014052100, 03, BAMS,  36, 114N, 1129W,   0,    0,   ,   0,    ,    0,    0,    0,    0, 
EP, 85, 2014052100, 03, BAMS,  48, 117N, 1136W,   0,    0,   ,   0,    ,    0,    0,    0,    0, 
EP, 85, 2014052100, 03, BAMS,  60, 118N, 1141W,   0,    0,   ,   0,    ,    0,    0,    0,    0, 
EP, 85, 2014052100, 03, BAMS,  72, 118N, 1147W,   0,    0,   ,   0,    ,    0,    0,    0,    0, 
EP, 85, 2014052100, 03, BAMS,  84, 117N, 1154W,   0,    0,   ,   0,    ,    0,    0,    0,    0, 
EP, 85, 2014052100, 03, BAMS,  96, 116N, 1161W,   0,    0,   ,   0,    ,    0,    0,    0,    0, 
EP, 85, 2014052100, 03, BAMS, 108, 115N, 1168W,   0,    0,   ,   0,    ,    0,    0,    0,    0, 
EP, 85, 2014052100, 03, BAMS, 120, 116N, 1175W,   0,    0,   ,   0,    ,    0,    0,    0,    0, 
EP, 85, 2014052100, 03, BAMS, 132, 117N, 1181W,   0,    0,   ,   0,    ,    0,    0,    0,    0, 
EP, 85, 2014052100, 03, BAMS, 144, 119N, 1189W,   0,    0,   ,   0,    ,    0,    0,    0,    0, 
EP, 85, 2014052100, 03, BAMS, 156, 122N, 1199W,   0,    0,   ,   0,    ,    0,    0,    0,    0, 
EP, 85, 2014052100, 03, BAMS, 168, 125N, 1211W,   0,    0,   ,   0,    ,    0,    0,    0,    0, 
EP, 85, 2014052100, 03, CLIP,  12, 100N, 1114W,   0,    0,   ,   0,    ,    0,    0,    0,    0, 
EP, 85, 2014052100, 03, CLIP,  24, 103N, 1124W,   0,    0,   ,   0,    ,    0,    0,    0,    0, 
EP, 85, 2014052100, 03, CLIP,  36, 108N, 1133W,   0,    0,   ,   0,    ,    0,    0,    0,    0, 
EP, 85, 2014052100, 03, CLIP,  48, 111N, 1145W,   0,    0,   ,   0,    ,    0,    0,    0,    0, 
EP, 85, 2014052100, 03, CLIP,  60, 110N, 1158W,   0,    0,   ,   0,    ,    0,    0,    0,    0, 
EP, 85, 2014052100, 03, CLIP,  72, 106N, 1163W,   0,    0,   ,   0,    ,    0,    0,    0,    0, 
EP, 85, 2014052100, 03, CLP5,  12, 102N, 1117W,   0,    0,   ,   0,    ,    0,    0,    0,    0, 
EP, 85, 2014052100, 03, CLP5,  24, 107N, 1133W,   0,    0,   ,   0,    ,    0,    0,    0,    0, 
EP, 85, 2014052100, 03, CLP5,  36, 113N, 1150W,   0,    0,   ,   0,    ,    0,    0,    0,    0, 
EP, 85, 2014052100, 03, CLP5,  48, 119N, 1166W,   0,    0,   ,   0,    ,    0,    0,    0,    0, 
EP, 85, 2014052100, 03, CLP5,  60, 124N, 1185W,   0,    0,   ,   0,    ,    0,    0,    0,    0, 
EP, 85, 2014052100, 03, CLP5,  72, 129N, 1205W,   0,    0,   ,   0,    ,    0,    0,    0,    0, 
EP, 85, 2014052100, 03, CLP5,  84, 133N, 1222W,   0,    0,   ,   0,    ,    0,    0,    0,    0, 
EP, 85, 2014052100, 03, CLP5,  96, 138N, 1240W,   0,    0,   ,   0,    ,    0,    0,    0,    0, 
EP, 85, 2014052100, 03, CLP5, 108, 142N, 1260W,   0,    0,   ,   0,    ,    0,    0,    0,    0, 
EP, 85, 2014052100, 03, CLP5, 120, 147N, 1280W,   0,    0,   ,   0,    ,    0,    0,    0,    0, 
EP, 85, 2014052100, 03, DSHP,   0, 100N, 1100W,  20,    0, TD,   0,    ,    0,    0,    0,    0, 
EP, 85, 2014052100, 03, DSHP,  12, 103N, 1109W,  18,    0, TD,   0,    ,    0,    0,    0,    0, 
EP, 85, 2014052100, 03, DSHP,  24, 107N, 1117W,  21,    0, TD,   0,    ,    0,    0,    0,    0, 
EP, 85, 2014052100, 03, DSHP,  36, 111N, 1124W,  27,    0, TD,   0,    ,    0,    0,    0,    0, 
EP, 85, 2014052100, 03, DSHP,  48, 115N, 1132W,  32,    0, TD,   0,    ,    0,    0,    0,    0, 
EP, 85, 2014052100, 03, DSHP,  60, 118N, 1138W,  36,    0, TS,   0,    ,    0,    0,    0,    0, 
EP, 85, 2014052100, 03, DSHP,  72, 119N, 1144W,  41,    0, TS,   0,    ,    0,    0,    0,    0, 
EP, 85, 2014052100, 03, DSHP,  84, 119N, 1151W,  42,    0, TS,   0,    ,    0,    0,    0,    0, 
EP, 85, 2014052100, 03, DSHP,  96, 120N, 1157W,  41,    0, TS,   0,    ,    0,    0,    0,    0, 
EP, 85, 2014052100, 03, DSHP, 108, 120N, 1163W,  40,    0, TS,   0,    ,    0,    0,    0,    0, 
EP, 85, 2014052100, 03, DSHP, 120, 121N, 1168W,  40,    0, TS,   0,    ,    0,    0,    0,    0, 
EP, 85, 2014052100, 03, LBAR,   0, 100N, 1100W,  20,    0,   ,   0,    ,    0,    0,    0,    0, 
EP, 85, 2014052100, 03, LBAR,  12, 104N, 1110W,   0,    0,   ,   0,    ,    0,    0,    0,    0, 
EP, 85, 2014052100, 03, LBAR,  24, 111N, 1121W,   0,    0,   ,   0,    ,    0,    0,    0,    0, 
EP, 85, 2014052100, 03, LBAR,  36, 124N, 1131W,   0,    0,   ,   0,    ,    0,    0,    0,    0, 
EP, 85, 2014052100, 03, LBAR,  48, 137N, 1140W,   0,    0,   ,   0,    ,    0,    0,    0,    0, 
EP, 85, 2014052100, 03, LBAR,  60, 158N, 1145W,   0,    0,   ,   0,    ,    0,    0,    0,    0, 
EP, 85, 2014052100, 03, LBAR,  72, 177N, 1147W,   0,    0,   ,   0,    ,    0,    0,    0,    0, 
EP, 85, 2014052100, 03, LBAR,  84, 192N, 1141W,   0,    0,   ,   0,    ,    0,    0,    0,    0, 
EP, 85, 2014052100, 03, LBAR,  96, 217N, 1133W,   0,    0,   ,   0,    ,    0,    0,    0,    0, 
EP, 85, 2014052100, 03, LBAR, 108, 238N, 1116W,   0,    0,   ,   0,    ,    0,    0,    0,    0, 
EP, 85, 2014052100, 03, LBAR, 120, 270N, 1092W,   0,    0,   ,   0,    ,    0,    0,    0,    0, 
EP, 85, 2014052100, 03, LGEM,   0, 100N, 1100W,  20,    0, TD,   0,    ,    0,    0,    0,    0, 
EP, 85, 2014052100, 03, LGEM,  12, 103N, 1109W,  19,    0, TD,   0,    ,    0,    0,    0,    0, 
EP, 85, 2014052100, 03, LGEM,  24, 107N, 1117W,  19,    0, TD,   0,    ,    0,    0,    0,    0, 
EP, 85, 2014052100, 03, LGEM,  36, 111N, 1124W,  21,    0, TD,   0,    ,    0,    0,    0,    0, 
EP, 85, 2014052100, 03, LGEM,  48, 115N, 1132W,  24,    0, TD,   0,    ,    0,    0,    0,    0, 
EP, 85, 2014052100, 03, LGEM,  60, 118N, 1138W,  29,    0, TD,   0,    ,    0,    0,    0,    0, 
EP, 85, 2014052100, 03, LGEM,  72, 119N, 1144W,  33,    0, TD,   0,    ,    0,    0,    0,    0, 
EP, 85, 2014052100, 03, LGEM,  84, 119N, 1151W,  38,    0, TS,   0,    ,    0,    0,    0,    0, 
EP, 85, 2014052100, 03, LGEM,  96, 120N, 1157W,  41,    0, TS,   0,    ,    0,    0,    0,    0, 
EP, 85, 2014052100, 03, LGEM, 108, 120N, 1163W,  43,    0, TS,   0,    ,    0,    0,    0,    0, 
EP, 85, 2014052100, 03, LGEM, 120, 121N, 1168W,  43,    0, TS,   0,    ,    0,    0,    0,    0, 
EP, 85, 2014052100, 03, OCD5,   0, 100N, 1100W,  20,    0,   ,   0,    ,    0,    0,    0,    0, 
EP, 85, 2014052100, 03, OCD5,  12, 102N, 1117W,  26,    0,   ,   0,    ,    0,    0,    0,    0, 
EP, 85, 2014052100, 03, OCD5,  24, 107N, 1133W,  31,    0,   ,   0,    ,    0,    0,    0,    0, 
EP, 85, 2014052100, 03, OCD5,  36, 113N, 1150W,  37,    0,   ,   0,    ,    0,    0,    0,    0, 
EP, 85, 2014052100, 03, OCD5,  48, 119N, 1166W,  44,    0,   ,   0,    ,    0,    0,    0,    0, 
EP, 85, 2014052100, 03, OCD5,  60, 124N, 1185W,  47,    0,   ,   0,    ,    0,    0,    0,    0, 
EP, 85, 2014052100, 03, OCD5,  72, 129N, 1205W,  49,    0,   ,   0,    ,    0,    0,    0,    0, 
EP, 85, 2014052100, 03, OCD5,  84, 133N, 1222W,  50,    0,   ,   0,    ,    0,    0,    0,    0, 
EP, 85, 2014052100, 03, OCD5,  96, 138N, 1240W,  52,    0,   ,   0,    ,    0,    0,    0,    0, 
EP, 85, 2014052100, 03, OCD5, 108, 142N, 1260W,  50,    0,   ,   0,    ,    0,    0,    0,    0, 
EP, 85, 2014052100, 03, OCD5, 120, 147N, 1280W,  55,    0,   ,   0,    ,    0,    0,    0,    0, 
EP, 85, 2014052100, 03, SHF5,   0,   0N,    0W,  20,    0,   ,   0,    ,    0,    0,    0,    0, 
EP, 85, 2014052100, 03, SHF5,  12,   0N,    0W,  26,    0,   ,   0,    ,    0,    0,    0,    0, 
EP, 85, 2014052100, 03, SHF5,  24,   0N,    0W,  31,    0,   ,   0,    ,    0,    0,    0,    0, 
EP, 85, 2014052100, 03, SHF5,  36,   0N,    0W,  37,    0,   ,   0,    ,    0,    0,    0,    0, 
EP, 85, 2014052100, 03, SHF5,  48,   0N,    0W,  44,    0,   ,   0,    ,    0,    0,    0,    0, 
EP, 85, 2014052100, 03, SHF5,  60,   0N,    0W,  47,    0,   ,   0,    ,    0,    0,    0,    0, 
EP, 85, 2014052100, 03, SHF5,  72,   0N,    0W,  49,    0,   ,   0,    ,    0,    0,    0,    0, 
EP, 85, 2014052100, 03, SHF5,  84,   0N,    0W,  50,    0,   ,   0,    ,    0,    0,    0,    0, 
EP, 85, 2014052100, 03, SHF5,  96,   0N,    0W,  52,    0,   ,   0,    ,    0,    0,    0,    0, 
EP, 85, 2014052100, 03, SHF5, 108,   0N,    0W,  50,    0,   ,   0,    ,    0,    0,    0,    0, 
EP, 85, 2014052100, 03, SHF5, 120,   0N,    0W,  55,    0,   ,   0,    ,    0,    0,    0,    0, 
EP, 85, 2014052100, 03, SHFR,  12,   0N,    0W,  23,    0,   ,   0,    ,    0,    0,    0,    0, 
EP, 85, 2014052100, 03, SHFR,  24,   0N,    0W,  27,    0,   ,   0,    ,    0,    0,    0,    0, 
EP, 85, 2014052100, 03, SHFR,  36,   0N,    0W,  32,    0,   ,   0,    ,    0,    0,    0,    0, 
EP, 85, 2014052100, 03, SHFR,  48,   0N,    0W,  38,    0,   ,   0,    ,    0,    0,    0,    0, 
EP, 85, 2014052100, 03, SHFR,  60,   0N,    0W,  44,    0,   ,   0,    ,    0,    0,    0,    0, 
EP, 85, 2014052100, 03, SHFR,  72,   0N,    0W,  49,    0,   ,   0,    ,    0,    0,    0,    0, 
EP, 85, 2014052100, 03, SHIP,   0, 100N, 1100W,  20,    0, TD,   0,    ,    0,    0,    0,    0, 
EP, 85, 2014052100, 03, SHIP,  12, 103N, 1109W,  18,    0, TD,   0,    ,    0,    0,    0,    0, 
EP, 85, 2014052100, 03, SHIP,  24, 107N, 1117W,  21,    0, TD,   0,    ,    0,    0,    0,    0, 
EP, 85, 2014052100, 03, SHIP,  36, 111N, 1124W,  27,    0, TD,   0,    ,    0,    0,    0,    0, 
EP, 85, 2014052100, 03, SHIP,  48, 115N, 1132W,  32,    0, TD,   0,    ,    0,    0,    0,    0, 
EP, 85, 2014052100, 03, SHIP,  60, 118N, 1138W,  36,    0, TS,   0,    ,    0,    0,    0,    0, 
EP, 85, 2014052100, 03, SHIP,  72, 119N, 1144W,  41,    0, TS,   0,    ,    0,    0,    0,    0, 
EP, 85, 2014052100, 03, SHIP,  84, 119N, 1151W,  42,    0, TS,   0,    ,    0,    0,    0,    0, 
EP, 85, 2014052100, 03, SHIP,  96, 120N, 1157W,  41,    0, TS,   0,    ,    0,    0,    0,    0, 
EP, 85, 2014052100, 03, SHIP, 108, 120N, 1163W,  40,    0, TS,   0,    ,    0,    0,    0,    0, 
EP, 85, 2014052100, 03, SHIP, 120, 121N, 1168W,  40,    0, TS,   0,    ,    0,    0,    0,    0, 
EP, 85, 2014052100, 03, XTRP,   0, 100N, 1100W,   0,    0,   ,   0,    ,    0,    0,    0,    0, 
EP, 85, 2014052100, 03, XTRP,  12, 102N, 1116W,   0,    0,   ,   0,    ,    0,    0,    0,    0, 
EP, 85, 2014052100, 03, XTRP,  24, 104N, 1133W,   0,    0,   ,   0,    ,    0,    0,    0,    0, 
EP, 85, 2014052100, 03, XTRP,  36, 106N, 1150W,   0,    0,   ,   0,    ,    0,    0,    0,    0, 
EP, 85, 2014052100, 03, XTRP,  48, 108N, 1167W,   0,    0,   ,   0,    ,    0,    0,    0,    0, 
EP, 85, 2014052100, 03, XTRP,  60, 110N, 1184W,   0,    0,   ,   0,    ,    0,    0,    0,    0, 
EP, 85, 2014052100, 03, XTRP,  72, 112N, 1201W,   0,    0,   ,   0,    ,    0,    0,    0,    0, 
EP, 85, 2014052100, 03, XTRP,  84, 114N, 1218W,   0,    0,   ,   0,    ,    0,    0,    0,    0, 
EP, 85, 2014052100, 03, XTRP,  96, 116N, 1235W,   0,    0,   ,   0,    ,    0,    0,    0,    0, 
EP, 85, 2014052100, 03, XTRP, 108, 118N, 1252W,   0,    0,   ,   0,    ,    0,    0,    0,    0, 
EP, 85, 2014052100, 03, XTRP, 120, 121N, 1270W,   0,    0,   ,   0,    ,    0,    0,    0,    0, 
EP, 85, 2014052100, 03, XTRP, 132, 123N, 1287W,   0,    0,   ,   0,    ,    0,    0,    0,    0, 
EP, 85, 2014052100, 03, XTRP, 144, 125N, 1304W,   0,    0,   ,   0,    ,    0,    0,    0,    0, 
EP, 85, 2014052100, 03, XTRP, 156, 127N, 1321W,   0,    0,   ,   0,    ,    0,    0,    0,    0, 
EP, 85, 2014052100, 03, XTRP, 168, 129N, 1338W,   0,    0,   ,   0,    ,    0,    0,    0,    0, 
EP, 85, 2014052812, 01, CARQ, -24, 121N, 1211W,  20,    0, TD,  34, AAA,    0,    0,    0,    0,    0,    0,   0,   0,   0,   E,   0,   X,   0,   0,       TEST,  , 
EP, 85, 2014052812, 01, CARQ, -18, 121N, 1222W,  20,    0, TD,  34, AAA,    0,    0,    0,    0,    0,    0,   0,   0,   0,   E,   0,   X,   0,   0,       TEST,  , 
EP, 85, 2014052812, 01, CARQ, -12, 122N, 1234W,  20,    0, TD,  34, AAA,    0,    0,    0,    0,    0,    0,   0,   0,   0,   E,   0,   X, 278,  11,       TEST,  , 
EP, 85, 2014052812, 01, CARQ,  -6, 124N, 1245W,  25,    0, TD,  34, AAA,    0,    0,    0,    0,    0,    0,   0,   0,   0,   E,   0,   X,   0,   0,       TEST,  , 
EP, 85, 2014052812, 01, CARQ,   0, 125N, 1255W,  25, 1007, TD,  34, NEQ,    0,    0,    0,    0, 1010,  150,  45,   0,   0,   E,   0,   X, 275,  11,       TEST, M, 
EP, 85, 2014052812, 01, CARQ,   0, 125N, 1255W,  25, 1007, TD,  50, NEQ,    0,    0,    0,    0, 1010,  150,  45,   0,   0,   E,   0,   X, 275,  11,       TEST, M, 
EP, 85, 2014052812, 01, CARQ,   0, 125N, 1255W,  25, 1007, TD,  64, NEQ,    0,    0,    0,    0, 1010,  150,  45,   0,   0,   E,   0,   X, 275,  11,       TEST, M, 
EP, 85, 2014052812, 03, BAMD,  12, 119N, 1248W,   0,    0,   ,   0,    ,    0,    0,    0,    0, 
EP, 85, 2014052812, 03, BAMD,  24, 117N, 1251W,   0,    0,   ,   0,    ,    0,    0,    0,    0, 
EP, 85, 2014052812, 03, BAMD,  36, 117N, 1257W,   0,    0,   ,   0,    ,    0,    0,    0,    0, 
EP, 85, 2014052812, 03, BAMD,  48, 119N, 1268W,   0,    0,   ,   0,    ,    0,    0,    0,    0, 
EP, 85, 2014052812, 03, BAMD,  60, 124N, 1281W,   0,    0,   ,   0,    ,    0,    0,    0,    0, 
EP, 85, 2014052812, 03, BAMD,  72, 130N, 1294W,   0,    0,   ,   0,    ,    0,    0,    0,    0, 
EP, 85, 2014052812, 03, BAMD,  84, 138N, 1307W,   0,    0,   ,   0,    ,    0,    0,    0,    0, 
EP, 85, 2014052812, 03, BAMD,  96, 144N, 1317W,   0,    0,   ,   0,    ,    0,    0,    0,    0, 
EP, 85, 2014052812, 03, BAMD, 108, 148N, 1326W,   0,    0,   ,   0,    ,    0,    0,    0,    0, 
EP, 85, 2014052812, 03, BAMD, 120, 150N, 1336W,   0,    0,   ,   0,    ,    0,    0,    0,    0, 
EP, 85, 2014052812, 03, BAMD, 132, 152N, 1348W,   0,    0,   ,   0,    ,    0,    0,    0,    0, 
EP, 85, 2014052812, 03, BAMD, 144, 155N, 1360W,   0,    0,   ,   0,    ,    0,    0,    0,    0, 
EP, 85, 2014052812, 03, BAMD, 156, 158N, 1371W,   0,    0,   ,   0,    ,    0,    0,    0,    0, 
EP, 85, 2014052812, 03, BAMD, 168, 162N, 1382W,   0,    0,   ,   0,    ,    0,    0,    0,    0, 
EP, 85, 2014052812, 03, BAMM,  12, 128N, 1249W,   0,    0,   ,   0,    ,    0,    0,    0,    0, 
EP, 85, 2014052812, 03, BAMM,  24, 128N, 1248W,   0,    0,   ,   0,    ,    0,    0,    0,    0, 
EP, 85, 2014052812, 03, BAMM,  36, 127N, 1250W,   0,    0,   ,   0,    ,    0,    0,    0,    0, 
EP, 85, 2014052812, 03, BAMM,  48, 126N, 1258W,   0,    0,   ,   0,    ,    0,    0,    0,    0, 
EP, 85, 2014052812, 03, BAMM,  60, 126N, 1269W,   0,    0,   ,   0,    ,    0,    0,    0,    0, 
EP, 85, 2014052812, 03, BAMM,  72, 128N, 1284W,   0,    0,   ,   0,    ,    0,    0,    0,    0, 
EP, 85, 2014052812, 03, BAMM,  84, 131N, 1299W,   0,    0,   ,   0,    ,    0,    0,    0,    0, 
EP, 85, 2014052812, 03, BAMM,  96, 131N, 1315W,   0,    0,   ,   0,    ,    0,    0,    0,    0, 
EP, 85, 2014052812, 03, BAMM, 108, 129N, 1332W,   0,    0,   ,   0,    ,    0,    0,    0,    0, 
EP, 85, 2014052812, 03, BAMM, 120, 124N, 1353W,   0,    0,   ,   0,    ,    0,    0,    0,    0, 
EP, 85, 2014052812, 03, BAMM, 132, 120N, 1375W,   0,    0,   ,   0,    ,    0,    0,    0,    0, 
EP, 85, 2014052812, 03, BAMM, 144, 116N, 1399W,   0,    0,   ,   0,    ,    0,    0,    0,    0, 
EP, 85, 2014052812, 03, BAMM, 156, 113N, 1423W,   0,    0,   ,   0,    ,    0,    0,    0,    0, 
EP, 85, 2014052812, 03, BAMM, 168, 111N, 1446W,   0,    0,   ,   0,    ,    0,    0,    0,    0, 
EP, 85, 2014052812, 03, BAMS,  12, 128N, 1263W,   0,    0,   ,   0,    ,    0,    0,    0,    0, 
EP, 85, 2014052812, 03, BAMS,  24, 133N, 1271W,   0,    0,   ,   0,    ,    0,    0,    0,    0, 
EP, 85, 2014052812, 03, BAMS,  36, 140N, 1278W,   0,    0,   ,   0,    ,    0,    0,    0,    0, 
EP, 85, 2014052812, 03, BAMS,  48, 147N, 1283W,   0,    0,   ,   0,    ,    0,    0,    0,    0, 
EP, 85, 2014052812, 03, BAMS,  60, 151N, 1287W,   0,    0,   ,   0,    ,    0,    0,    0,    0, 
EP, 85, 2014052812, 03, BAMS,  72, 152N, 1290W,   0,    0,   ,   0,    ,    0,    0,    0,    0, 
EP, 85, 2014052812, 03, BAMS,  84, 151N, 1295W,   0,    0,   ,   0,    ,    0,    0,    0,    0, 
EP, 85, 2014052812, 03, BAMS,  96, 146N, 1304W,   0,    0,   ,   0,    ,    0,    0,    0,    0, 
EP, 85, 2014052812, 03, BAMS, 108, 139N, 1317W,   0,    0,   ,   0,    ,    0,    0,    0,    0, 
EP, 85, 2014052812, 03, BAMS, 120, 131N, 1334W,   0,    0,   ,   0,    ,    0,    0,    0,    0, 
EP, 85, 2014052812, 03, BAMS, 132, 124N, 1355W,   0,    0,   ,   0,    ,    0,    0,    0,    0, 
EP, 85, 2014052812, 03, BAMS, 144, 117N, 1377W,   0,    0,   ,   0,    ,    0,    0,    0,    0, 
EP, 85, 2014052812, 03, BAMS, 156, 111N, 1400W,   0,    0,   ,   0,    ,    0,    0,    0,    0, 
EP, 85, 2014052812, 03, BAMS, 168, 106N, 1425W,   0,    0,   ,   0,    ,    0,    0,    0,    0, 
EP, 85, 2014052812, 03, CLIP,  12, 127N, 1276W,   0,    0,   ,   0,    ,    0,    0,    0,    0, 
EP, 85, 2014052812, 03, CLIP,  24, 127N, 1292W,   0,    0,   ,   0,    ,    0,    0,    0,    0, 
EP, 85, 2014052812, 03, CLIP,  36, 128N, 1305W,   0,    0,   ,   0,    ,    0,    0,    0,    0, 
EP, 85, 2014052812, 03, CLIP,  48, 129N, 1317W,   0,    0,   ,   0,    ,    0,    0,    0,    0, 
EP, 85, 2014052812, 03, CLIP,  60, 125N, 1334W,   0,    0,   ,   0,    ,    0,    0,    0,    0, 
EP, 85, 2014052812, 03, CLIP,  72, 118N, 1349W,   0,    0,   ,   0,    ,    0,    0,    0,    0, 
EP, 85, 2014052812, 03, CLP5,  12, 128N, 1277W,   0,    0,   ,   0,    ,    0,    0,    0,    0, 
EP, 85, 2014052812, 03, CLP5,  24, 132N, 1299W,   0,    0,   ,   0,    ,    0,    0,    0,    0, 
EP, 85, 2014052812, 03, CLP5,  36, 136N, 1321W,   0,    0,   ,   0,    ,    0,    0,    0,    0, 
EP, 85, 2014052812, 03, CLP5,  48, 140N, 1341W,   0,    0,   ,   0,    ,    0,    0,    0,    0, 
EP, 85, 2014052812, 03, CLP5,  60, 144N, 1364W,   0,    0,   ,   0,    ,    0,    0,    0,    0, 
EP, 85, 2014052812, 03, CLP5,  72, 149N, 1387W,   0,    0,   ,   0,    ,    0,    0,    0,    0, 
EP, 85, 2014052812, 03, CLP5,  84, 151N, 1408W,   0,    0,   ,   0,    ,    0,    0,    0,    0, 
EP, 85, 2014052812, 03, CLP5,  96, 156N, 1430W,   0,    0,   ,   0,    ,    0,    0,    0,    0, 
EP, 85, 2014052812, 03, CLP5, 108, 161N, 1453W,   0,    0,   ,   0,    ,    0,    0,    0,    0, 
EP, 85, 2014052812, 03, CLP5, 120, 166N, 1477W,   0,    0,   ,   0,    ,    0,    0,    0,    0, 
EP, 85, 2014052812, 03, DSHP,   0, 125N, 1255W,  25,    0, TD,   0,    ,    0,    0,    0,    0, 
EP, 85, 2014052812, 03, DSHP,  12, 128N, 1249W,  23,    0, TD,   0,    ,    0,    0,    0,    0, 
EP, 85, 2014052812, 03, DSHP,  24, 128N, 1248W,  20,    0, TD,   0,    ,    0,    0,    0,    0, 
EP, 85, 2014052812, 03, DSHP,  36, 127N, 1250W,  18,    0, TD,   0,    ,    0,    0,    0,    0, 
EP, 85, 2014052812, 03, DSHP,  48, 126N, 1258W,  18,    0, TD,   0,    ,    0,    0,    0,    0, 
EP, 85, 2014052812, 03, DSHP,  60, 126N, 1269W,  17,    0, TD,   0,    ,    0,    0,    0,    0, 
EP, 85, 2014052812, 03, DSHP,  72, 128N, 1284W,  16,    0, TD,   0,    ,    0,    0,    0,    0, 
EP, 85, 2014052812, 03, IVCN,   0,   0N,    0W,  25,    0,   ,   0,    ,    0,    0,    0,    0, 
EP, 85, 2014052812, 03, IVCN,  12,   0N,    0W,  25,    0,   ,   0,    ,    0,    0,    0,    0, 
EP, 85, 2014052812, 03, IVCN,  24,   0N,    0W,  22,    0,   ,   0,    ,    0,    0,    0,    0, 
EP, 85, 2014052812, 03, IVCN,  36,   0N,    0W,  20,    0,   ,   0,    ,    0,    0,    0,    0, 
EP, 85, 2014052812, 03, IVCN,  48,   0N,    0W,  19,    0,   ,   0,    ,    0,    0,    0,    0, 
EP, 85, 2014052812, 03, IVCN,  60,   0N,    0W,  18,    0,   ,   0,    ,    0,    0,    0,    0, 
EP, 85, 2014052812, 03, IVCN,  72,   0N,    0W,  18,    0,   ,   0,    ,    0,    0,    0,    0, 
EP, 85, 2014052812, 03, LBAR,   0, 125N, 1255W,  25,    0,   ,   0,    ,    0,    0,    0,    0, 
EP, 85, 2014052812, 03, LBAR,  12, 127N, 1260W,   0,    0,   ,   0,    ,    0,    0,    0,    0, 
EP, 85, 2014052812, 03, LBAR,  24, 130N, 1267W,   0,    0,   ,   0,    ,    0,    0,    0,    0, 
EP, 85, 2014052812, 03, LBAR,  36, 138N, 1273W,   0,    0,   ,   0,    ,    0,    0,    0,    0, 
EP, 85, 2014052812, 03, LBAR,  48, 148N, 1277W,   0,    0,   ,   0,    ,    0,    0,    0,    0, 
EP, 85, 2014052812, 03, LBAR,  60, 158N, 1280W,   0,    0,   ,   0,    ,    0,    0,    0,    0, 
EP, 85, 2014052812, 03, LBAR,  72, 170N, 1280W,   0,    0,   ,   0,    ,    0,    0,    0,    0, 
EP, 85, 2014052812, 03, LBAR,  84, 179N, 1278W,   0,    0,   ,   0,    ,    0,    0,    0,    0, 
EP, 85, 2014052812, 03, LBAR,  96, 184N, 1272W,   0,    0,   ,   0,    ,    0,    0,    0,    0, 
EP, 85, 2014052812, 03, LBAR, 108, 185N, 1265W,   0,    0,   ,   0,    ,    0,    0,    0,    0, 
EP, 85, 2014052812, 03, LBAR, 120, 171N, 1262W,   0,    0,   ,   0,    ,    0,    0,    0,    0, 
EP, 85, 2014052812, 03, LGEM,   0, 125N, 1255W,  25,    0, TD,   0,    ,    0,    0,    0,    0, 
EP, 85, 2014052812, 03, LGEM,  12, 128N, 1249W,  26,    0, TD,   0,    ,    0,    0,    0,    0, 
EP, 85, 2014052812, 03, LGEM,  24, 128N, 1248W,  24,    0, TD,   0,    ,    0,    0,    0,    0, 
EP, 85, 2014052812, 03, LGEM,  36, 127N, 1250W,  21,    0, TD,   0,    ,    0,    0,    0,    0, 
EP, 85, 2014052812, 03, LGEM,  48, 126N, 1258W,  20,    0, TD,   0,    ,    0,    0,    0,    0, 
EP, 85, 2014052812, 03, LGEM,  60, 126N, 1269W,  19,    0, TD,   0,    ,    0,    0,    0,    0, 
EP, 85, 2014052812, 03, LGEM,  72, 128N, 1284W,  19,    0, TD,   0,    ,    0,    0,    0,    0, 
EP, 85, 2014052812, 03, LGEM,  84, 131N, 1299W,  18,    0, TD,   0,    ,    0,    0,    0,    0, 
EP, 85, 2014052812, 03, LGEM,  96, 131N, 1315W,  16,    0, TD,   0,    ,    0,    0,    0,    0, 
EP, 85, 2014052812, 03, OCD5,   0, 125N, 1255W,  25,    0,   ,   0,    ,    0,    0,    0,    0, 
EP, 85, 2014052812, 03, OCD5,  12, 128N, 1277W,  23,    0,   ,   0,    ,    0,    0,    0,    0, 
EP, 85, 2014052812, 03, OCD5,  24, 132N, 1299W,  22,    0,   ,   0,    ,    0,    0,    0,    0, 
EP, 85, 2014052812, 03, OCD5,  36, 135N, 1321W,  23,    0,   ,   0,    ,    0,    0,    0,    0, 
EP, 85, 2014052812, 03, OCD5,  48, 140N, 1341W,  24,    0,   ,   0,    ,    0,    0,    0,    0, 
EP, 85, 2014052812, 03, OCD5,  60, 144N, 1363W,  33,    0,   ,   0,    ,    0,    0,    0,    0, 
EP, 85, 2014052812, 03, OCD5,  72, 149N, 1386W,  34,    0,   ,   0,    ,    0,    0,    0,    0, 
EP, 85, 2014052812, 03, OCD5,  84, 151N, 1408W,  35,    0,   ,   0,    ,    0,    0,    0,    0, 
EP, 85, 2014052812, 03, OCD5,  96, 156N, 1429W,  36,    0,   ,   0,    ,    0,    0,    0,    0, 
EP, 85, 2014052812, 03, OCD5, 108, 161N, 1452W,  35,    0,   ,   0,    ,    0,    0,    0,    0, 
EP, 85, 2014052812, 03, OCD5, 120, 166N, 1476W,  43,    0,   ,   0,    ,    0,    0,    0,    0, 
EP, 85, 2014052812, 03, RYOC,   0, 125N, 1255W,  20,    0,   ,   0,    ,    0,    0,    0,    0, 
EP, 85, 2014052812, 03, RYOC,  12, 126N, 1263W,   0,    0,   ,   0,    ,    0,    0,    0,    0, 
EP, 85, 2014052812, 03, RYOC,  24, 128N, 1273W,   0,    0,   ,   0,    ,    0,    0,    0,    0, 
EP, 85, 2014052812, 03, RYOC,  36, 130N, 1285W,   0,    0,   ,   0,    ,    0,    0,    0,    0, 
EP, 85, 2014052812, 03, RYOC,  48, 133N, 1298W,   0,    0,   ,   0,    ,    0,    0,    0,    0, 
EP, 85, 2014052812, 03, RYOC,  60, 137N, 1311W,   0,    0,   ,   0,    ,    0,    0,    0,    0, 
EP, 85, 2014052812, 03, RYOC,  72, 140N, 1326W,   0,    0,   ,   0,    ,    0,    0,    0,    0, 
EP, 85, 2014052812, 03, RYOC,  84, 143N, 1341W,   0,    0,   ,   0,    ,    0,    0,    0,    0, 
EP, 85, 2014052812, 03, RYOC,  96, 144N, 1341W,   0,    0,   ,   0,    ,    0,    0,    0,    0, 
EP, 85, 2014052812, 03, RYOC, 108, 144N, 1357W,   0,    0,   ,   0,    ,    0,    0,    0,    0, 
EP, 85, 2014052812, 03, RYOC, 120, 143N, 1375W,   0,    0,   ,   0,    ,    0,    0,    0,    0, 
EP, 85, 2014052812, 03, RYOC, 132, 132N, 1359W,   0,    0,   ,   0,    ,    0,    0,    0,    0, 
EP, 85, 2014052812, 03, RYOC, 144, 129N, 1379W,   0,    0,   ,   0,    ,    0,    0,    0,    0, 
EP, 85, 2014052812, 03, RYOC, 156, 127N, 1398W,   0,    0,   ,   0,    ,    0,    0,    0,    0, 
EP, 85, 2014052812, 03, RYOC, 168, 126N, 1418W,   0,    0,   ,   0,    ,    0,    0,    0,    0, 
EP, 85, 2014052812, 03, SHF5,   0,   0N,    0W,  25,    0,   ,   0,    ,    0,    0,    0,    0, 
EP, 85, 2014052812, 03, SHF5,  12,   0N,    0W,  30,    0,   ,   0,    ,    0,    0,    0,    0, 
EP, 85, 2014052812, 03, SHF5,  24,   0N,    0W,  31,    0,   ,   0,    ,    0,    0,    0,    0, 
EP, 85, 2014052812, 03, SHF5,  36,   0N,    0W,  33,    0,   ,   0,    ,    0,    0,    0,    0, 
EP, 85, 2014052812, 03, SHF5,  48,   0N,    0W,  33,    0,   ,   0,    ,    0,    0,    0,    0, 
EP, 85, 2014052812, 03, SHF5,  60,   0N,    0W,  41,    0,   ,   0,    ,    0,    0,    0,    0, 
EP, 85, 2014052812, 03, SHF5,  72,   0N,    0W,  41,    0,   ,   0,    ,    0,    0,    0,    0, 
EP, 85, 2014052812, 03, SHF5,  84,   0N,    0W,  41,    0,   ,   0,    ,    0,    0,    0,    0, 
EP, 85, 2014052812, 03, SHF5,  96,   0N,    0W,  38,    0,   ,   0,    ,    0,    0,    0,    0, 
EP, 85, 2014052812, 03, SHF5, 108,   0N,    0W,  37,    0,   ,   0,    ,    0,    0,    0,    0, 
EP, 85, 2014052812, 03, SHF5, 120,   0N,    0W,  44,    0,   ,   0,    ,    0,    0,    0,    0, 
EP, 85, 2014052812, 03, SHFR,  12,   0N,    0W,  27,    0,   ,   0,    ,    0,    0,    0,    0, 
EP, 85, 2014052812, 03, SHFR,  24,   0N,    0W,  31,    0,   ,   0,    ,    0,    0,    0,    0, 
EP, 85, 2014052812, 03, SHFR,  36,   0N,    0W,  35,    0,   ,   0,    ,    0,    0,    0,    0, 
EP, 85, 2014052812, 03, SHFR,  48,   0N,    0W,  39,    0,   ,   0,    ,    0,    0,    0,    0, 
EP, 85, 2014052812, 03, SHFR,  60,   0N,    0W,  43,    0,   ,   0,    ,    0,    0,    0,    0, 
EP, 85, 2014052812, 03, SHFR,  72,   0N,    0W,  46,    0,   ,   0,    ,    0,    0,    0,    0, 
EP, 85, 2014052812, 03, SHIP,   0, 125N, 1255W,  25,    0, TD,   0,    ,    0,    0,    0,    0, 
EP, 85, 2014052812, 03, SHIP,  12, 128N, 1249W,  23,    0, TD,   0,    ,    0,    0,    0,    0, 
EP, 85, 2014052812, 03, SHIP,  24, 128N, 1248W,  20,    0, TD,   0,    ,    0,    0,    0,    0, 
EP, 85, 2014052812, 03, SHIP,  36, 127N, 1250W,  18,    0, TD,   0,    ,    0,    0,    0,    0, 
EP, 85, 2014052812, 03, SHIP,  48, 126N, 1258W,  18,    0, TD,   0,    ,    0,    0,    0,    0, 
EP, 85, 2014052812, 03, SHIP,  60, 126N, 1269W,  17,    0, TD,   0,    ,    0,    0,    0,    0, 
EP, 85, 2014052812, 03, SHIP,  72, 128N, 1284W,  16,    0, TD,   0,    ,    0,    0,    0,    0, 
EP, 85, 2014052812, 03, XTRP,   0, 125N, 1255W,   0,    0,   ,   0,    ,    0,    0,    0,    0, 
EP, 85, 2014052812, 03, XTRP,  12, 128N, 1275W,   0,    0,   ,   0,    ,    0,    0,    0,    0, 
EP, 85, 2014052812, 03, XTRP,  24, 131N, 1296W,   0,    0,   ,   0,    ,    0,    0,    0,    0, 
EP, 85, 2014052812, 03, XTRP,  36, 134N, 1317W,   0,    0,   ,   0,    ,    0,    0,    0,    0, 
EP, 85, 2014052812, 03, XTRP,  48, 137N, 1338W,   0,    0,   ,   0,    ,    0,    0,    0,    0, 
EP, 85, 2014052812, 03, XTRP,  60, 139N, 1359W,   0,    0,   ,   0,    ,    0,    0,    0,    0, 
EP, 85, 2014052812, 03, XTRP,  72, 142N, 1381W,   0,    0,   ,   0,    ,    0,    0,    0,    0, 
EP, 85, 2014052812, 03, XTRP,  84, 145N, 1402W,   0,    0,   ,   0,    ,    0,    0,    0,    0, 
EP, 85, 2014052812, 03, XTRP,  96, 148N, 1423W,   0,    0,   ,   0,    ,    0,    0,    0,    0, 
EP, 85, 2014052812, 03, XTRP, 108, 151N, 1444W,   0,    0,   ,   0,    ,    0,    0,    0,    0, 
EP, 85, 2014052812, 03, XTRP, 120, 154N, 1466W,   0,    0,   ,   0,    ,    0,    0,    0,    0, 
EP, 85, 2014052812, 03, XTRP, 132, 157N, 1487W,   0,    0,   ,   0,    ,    0,    0,    0,    0, 
EP, 85, 2014052812, 03, XTRP, 144, 160N, 1508W,   0,    0,   ,   0,    ,    0,    0,    0,    0, 
EP, 85, 2014052812, 03, XTRP, 156, 163N, 1530W,   0,    0,   ,   0,    ,    0,    0,    0,    0, 
EP, 85, 2014052812, 03, XTRP, 168, 165N, 1551W,   0,    0,   ,   0,    ,    0,    0,    0,    0, 
EP, 85, 2014052900, 01, CARQ, -24, 117N, 1211W,  20,    0, TD,  34, AAA,    0,    0,    0,    0,    0,    0,   0,   0,   0,   E,   0,   X,   0,   0,       TEST,  , 
EP, 85, 2014052900, 01, CARQ, -18, 117N, 1222W,  20,    0, TD,  34, AAA,    0,    0,    0,    0,    0,    0,   0,   0,   0,   E,   0,   X,   0,   0,       TEST,  , 
EP, 85, 2014052900, 01, CARQ, -12, 117N, 1233W,  25,    0, TD,  34, AAA,    0,    0,    0,    0,    0,    0,   0,   0,   0,   E,   0,   X, 273,  10,       TEST,  , 
EP, 85, 2014052900, 01, CARQ,  -6, 118N, 1243W,  25,    0, TD,  34, AAA,    0,    0,    0,    0,    0,    0,   0,   0,   0,   E,   0,   X,   0,   0,       TEST,  , 
EP, 85, 2014052900, 01, CARQ,   0, 120N, 1253W,  30, 1007, TD,  34, NEQ,    0,    0,    0,    0, 1010,  150,  50,   0,   0,   E,   0,   X, 275,  10,       TEST, S, 
EP, 85, 2014052900, 01, CARQ,   0, 120N, 1253W,  30, 1007, TD,  50, NEQ,    0,    0,    0,    0, 1010,  150,  50,   0,   0,   E,   0,   X, 275,  10,       TEST, S, 
EP, 85, 2014052900, 01, CARQ,   0, 120N, 1253W,  30, 1007, TD,  64, NEQ,    0,    0,    0,    0, 1010,  150,  50,   0,   0,   E,   0,   X, 275,  10,       TEST, S, 
EP, 85, 2014052900, 03, BAMD,  12, 119N, 1254W,   0,    0,   ,   0,    ,    0,    0,    0,    0, 
EP, 85, 2014052900, 03, BAMD,  24, 119N, 1258W,   0,    0,   ,   0,    ,    0,    0,    0,    0, 
EP, 85, 2014052900, 03, BAMD,  36, 121N, 1266W,   0,    0,   ,   0,    ,    0,    0,    0,    0, 
EP, 85, 2014052900, 03, BAMD,  48, 126N, 1276W,   0,    0,   ,   0,    ,    0,    0,    0,    0, 
EP, 85, 2014052900, 03, BAMD,  60, 134N, 1287W,   0,    0,   ,   0,    ,    0,    0,    0,    0, 
EP, 85, 2014052900, 03, BAMD,  72, 142N, 1298W,   0,    0,   ,   0,    ,    0,    0,    0,    0, 
EP, 85, 2014052900, 03, BAMD,  84, 150N, 1306W,   0,    0,   ,   0,    ,    0,    0,    0,    0, 
EP, 85, 2014052900, 03, BAMD,  96, 155N, 1312W,   0,    0,   ,   0,    ,    0,    0,    0,    0, 
EP, 85, 2014052900, 03, BAMD, 108, 157N, 1318W,   0,    0,   ,   0,    ,    0,    0,    0,    0, 
EP, 85, 2014052900, 03, BAMD, 120, 156N, 1326W,   0,    0,   ,   0,    ,    0,    0,    0,    0, 
EP, 85, 2014052900, 03, BAMD, 132, 154N, 1336W,   0,    0,   ,   0,    ,    0,    0,    0,    0, 
EP, 85, 2014052900, 03, BAMD, 144, 153N, 1348W,   0,    0,   ,   0,    ,    0,    0,    0,    0, 
EP, 85, 2014052900, 03, BAMD, 156, 153N, 1362W,   0,    0,   ,   0,    ,    0,    0,    0,    0, 
EP, 85, 2014052900, 03, BAMD, 168, 155N, 1377W,   0,    0,   ,   0,    ,    0,    0,    0,    0, 
EP, 85, 2014052900, 03, BAMM,  12, 121N, 1256W,   0,    0,   ,   0,    ,    0,    0,    0,    0, 
EP, 85, 2014052900, 03, BAMM,  24, 122N, 1261W,   0,    0,   ,   0,    ,    0,    0,    0,    0, 
EP, 85, 2014052900, 03, BAMM,  36, 123N, 1270W,   0,    0,   ,   0,    ,    0,    0,    0,    0, 
EP, 85, 2014052900, 03, BAMM,  48, 126N, 1282W,   0,    0,   ,   0,    ,    0,    0,    0,    0, 
EP, 85, 2014052900, 03, BAMM,  60, 131N, 1295W,   0,    0,   ,   0,    ,    0,    0,    0,    0, 
EP, 85, 2014052900, 03, BAMM,  72, 136N, 1307W,   0,    0,   ,   0,    ,    0,    0,    0,    0, 
EP, 85, 2014052900, 03, BAMM,  84, 137N, 1318W,   0,    0,   ,   0,    ,    0,    0,    0,    0, 
EP, 85, 2014052900, 03, BAMM,  96, 134N, 1330W,   0,    0,   ,   0,    ,    0,    0,    0,    0, 
EP, 85, 2014052900, 03, BAMM, 108, 129N, 1346W,   0,    0,   ,   0,    ,    0,    0,    0,    0, 
EP, 85, 2014052900, 03, BAMM, 120, 124N, 1366W,   0,    0,   ,   0,    ,    0,    0,    0,    0, 
EP, 85, 2014052900, 03, BAMM, 132, 120N, 1386W,   0,    0,   ,   0,    ,    0,    0,    0,    0, 
EP, 85, 2014052900, 03, BAMM, 144, 118N, 1405W,   0,    0,   ,   0,    ,    0,    0,    0,    0, 
EP, 85, 2014052900, 03, BAMM, 156, 117N, 1423W,   0,    0,   ,   0,    ,    0,    0,    0,    0, 
EP, 85, 2014052900, 03, BAMM, 168, 116N, 1441W,   0,    0,   ,   0,    ,    0,    0,    0,    0, 
EP, 85, 2014052900, 03, BAMS,  12, 124N, 1263W,   0,    0,   ,   0,    ,    0,    0,    0,    0, 
EP, 85, 2014052900, 03, BAMS,  24, 131N, 1272W,   0,    0,   ,   0,    ,    0,    0,    0,    0, 
EP, 85, 2014052900, 03, BAMS,  36, 136N, 1281W,   0,    0,   ,   0,    ,    0,    0,    0,    0, 
EP, 85, 2014052900, 03, BAMS,  48, 140N, 1289W,   0,    0,   ,   0,    ,    0,    0,    0,    0, 
EP, 85, 2014052900, 03, BAMS,  60, 142N, 1298W,   0,    0,   ,   0,    ,    0,    0,    0,    0, 
EP, 85, 2014052900, 03, BAMS,  72, 143N, 1306W,   0,    0,   ,   0,    ,    0,    0,    0,    0, 
EP, 85, 2014052900, 03, BAMS,  84, 140N, 1316W,   0,    0,   ,   0,    ,    0,    0,    0,    0, 
EP, 85, 2014052900, 03, BAMS,  96, 136N, 1328W,   0,    0,   ,   0,    ,    0,    0,    0,    0, 
EP, 85, 2014052900, 03, BAMS, 108, 131N, 1342W,   0,    0,   ,   0,    ,    0,    0,    0,    0, 
EP, 85, 2014052900, 03, BAMS, 120, 126N, 1358W,   0,    0,   ,   0,    ,    0,    0,    0,    0, 
EP, 85, 2014052900, 03, BAMS, 132, 120N, 1373W,   0,    0,   ,   0,    ,    0,    0,    0,    0, 
EP, 85, 2014052900, 03, BAMS, 144, 116N, 1388W,   0,    0,   ,   0,    ,    0,    0,    0,    0, 
EP, 85, 2014052900, 03, BAMS, 156, 111N, 1403W,   0,    0,   ,   0,    ,    0,    0,    0,    0, 
EP, 85, 2014052900, 03, BAMS, 168, 107N, 1420W,   0,    0,   ,   0,    ,    0,    0,    0,    0, 
EP, 85, 2014052900, 03, CLIP,  12, 122N, 1272W,   0,    0,   ,   0,    ,    0,    0,    0,    0, 
EP, 85, 2014052900, 03, CLIP,  24, 123N, 1287W,   0,    0,   ,   0,    ,    0,    0,    0,    0, 
EP, 85, 2014052900, 03, CLIP,  36, 124N, 1300W,   0,    0,   ,   0,    ,    0,    0,    0,    0, 
EP, 85, 2014052900, 03, CLIP,  48, 126N, 1312W,   0,    0,   ,   0,    ,    0,    0,    0,    0, 
EP, 85, 2014052900, 03, CLIP,  60, 124N, 1327W,   0,    0,   ,   0,    ,    0,    0,    0,    0, 
EP, 85, 2014052900, 03, CLIP,  72, 118N, 1339W,   0,    0,   ,   0,    ,    0,    0,    0,    0, 
EP, 85, 2014052900, 03, CLP5,  12, 123N, 1274W,   0,    0,   ,   0,    ,    0,    0,    0,    0, 
EP, 85, 2014052900, 03, CLP5,  24, 127N, 1294W,   0,    0,   ,   0,    ,    0,    0,    0,    0, 
EP, 85, 2014052900, 03, CLP5,  36, 131N, 1315W,   0,    0,   ,   0,    ,    0,    0,    0,    0, 
EP, 85, 2014052900, 03, CLP5,  48, 135N, 1334W,   0,    0,   ,   0,    ,    0,    0,    0,    0, 
EP, 85, 2014052900, 03, CLP5,  60, 139N, 1356W,   0,    0,   ,   0,    ,    0,    0,    0,    0, 
EP, 85, 2014052900, 03, CLP5,  72, 144N, 1379W,   0,    0,   ,   0,    ,    0,    0,    0,    0, 
EP, 85, 2014052900, 03, CLP5,  84, 147N, 1399W,   0,    0,   ,   0,    ,    0,    0,    0,    0, 
EP, 85, 2014052900, 03, CLP5,  96, 152N, 1420W,   0,    0,   ,   0,    ,    0,    0,    0,    0, 
EP, 85, 2014052900, 03, CLP5, 108, 157N, 1442W,   0,    0,   ,   0,    ,    0,    0,    0,    0, 
EP, 85, 2014052900, 03, CLP5, 120, 162N, 1465W,   0,    0,   ,   0,    ,    0,    0,    0,    0, 
EP, 85, 2014052900, 03, DSHP,   0, 120N, 1253W,  30,    0, TD,   0,    ,    0,    0,    0,    0, 
EP, 85, 2014052900, 03, DSHP,  12, 121N, 1256W,  27,    0, TD,   0,    ,    0,    0,    0,    0, 
EP, 85, 2014052900, 03, DSHP,  24, 122N, 1261W,  25,    0, TD,   0,    ,    0,    0,    0,    0, 
EP, 85, 2014052900, 03, DSHP,  36, 123N, 1270W,  20,    0, TD,   0,    ,    0,    0,    0,    0, 
EP, 85, 2014052900, 03, LBAR,   0, 120N, 1253W,  30,    0,   ,   0,    ,    0,    0,    0,    0, 
EP, 85, 2014052900, 03, LBAR,  12, 120N, 1260W,   0,    0,   ,   0,    ,    0,    0,    0,    0, 
EP, 85, 2014052900, 03, LBAR,  24, 124N, 1269W,   0,    0,   ,   0,    ,    0,    0,    0,    0, 
EP, 85, 2014052900, 03, LBAR,  36, 130N, 1278W,   0,    0,   ,   0,    ,    0,    0,    0,    0, 
EP, 85, 2014052900, 03, LBAR,  48, 137N, 1288W,   0,    0,   ,   0,    ,    0,    0,    0,    0, 
EP, 85, 2014052900, 03, LBAR,  60, 146N, 1296W,   0,    0,   ,   0,    ,    0,    0,    0,    0, 
EP, 85, 2014052900, 03, LBAR,  72, 157N, 1300W,   0,    0,   ,   0,    ,    0,    0,    0,    0, 
EP, 85, 2014052900, 03, LBAR,  84, 169N, 1302W,   0,    0,   ,   0,    ,    0,    0,    0,    0, 
EP, 85, 2014052900, 03, LBAR,  96, 169N, 1300W,   0,    0,   ,   0,    ,    0,    0,    0,    0, 
EP, 85, 2014052900, 03, LBAR, 108, 163N, 1299W,   0,    0,   ,   0,    ,    0,    0,    0,    0, 
EP, 85, 2014052900, 03, LBAR, 120, 142N, 1298W,   0,    0,   ,   0,    ,    0,    0,    0,    0, 
EP, 85, 2014052900, 03, LGEM,   0, 120N, 1253W,  30,    0, TD,   0,    ,    0,    0,    0,    0, 
EP, 85, 2014052900, 03, LGEM,  12, 121N, 1256W,  30,    0, TD,   0,    ,    0,    0,    0,    0, 
EP, 85, 2014052900, 03, LGEM,  24, 122N, 1261W,  27,    0, TD,   0,    ,    0,    0,    0,    0, 
EP, 85, 2014052900, 03, LGEM,  36, 123N, 1270W,  24,    0, TD,   0,    ,    0,    0,    0,    0, 
EP, 85, 2014052900, 03, LGEM,  48, 126N, 1282W,  22,    0, TD,   0,    ,    0,    0,    0,    0, 
EP, 85, 2014052900, 03, LGEM,  60, 131N, 1295W,  20,    0, TD,   0,    ,    0,    0,    0,    0, 
EP, 85, 2014052900, 03, LGEM,  72, 136N, 1307W,  18,    0, TD,   0,    ,    0,    0,    0,    0, 
EP, 85, 2014052900, 03, LGEM,  84, 137N, 1318W,  16,    0, TD,   0,    ,    0,    0,    0,    0, 
EP, 85, 2014052900, 03, OCD5,   0, 120N, 1253W,  30,    0,   ,   0,    ,    0,    0,    0,    0, 
EP, 85, 2014052900, 03, OCD5,  12, 123N, 1274W,  35,    0,   ,   0,    ,    0,    0,    0,    0, 
EP, 85, 2014052900, 03, OCD5,  24, 127N, 1294W,  37,    0,   ,   0,    ,    0,    0,    0,    0, 
EP, 85, 2014052900, 03, OCD5,  36, 131N, 1315W,  39,    0,   ,   0,    ,    0,    0,    0,    0, 
EP, 85, 2014052900, 03, OCD5,  48, 135N, 1334W,  39,    0,   ,   0,    ,    0,    0,    0,    0, 
EP, 85, 2014052900, 03, OCD5,  60, 139N, 1356W,  47,    0,   ,   0,    ,    0,    0,    0,    0, 
EP, 85, 2014052900, 03, OCD5,  72, 144N, 1379W,  46,    0,   ,   0,    ,    0,    0,    0,    0, 
EP, 85, 2014052900, 03, OCD5,  84, 147N, 1399W,  46,    0,   ,   0,    ,    0,    0,    0,    0, 
EP, 85, 2014052900, 03, OCD5,  96, 152N, 1420W,  43,    0,   ,   0,    ,    0,    0,    0,    0, 
EP, 85, 2014052900, 03, OCD5, 108, 157N, 1442W,  42,    0,   ,   0,    ,    0,    0,    0,    0, 
EP, 85, 2014052900, 03, OCD5, 120, 162N, 1465W,  46,    0,   ,   0,    ,    0,    0,    0,    0, 
EP, 85, 2014052900, 03, SHF5,   0,   0N,    0W,  30,    0,   ,   0,    ,    0,    0,    0,    0, 
EP, 85, 2014052900, 03, SHF5,  12,   0N,    0W,  35,    0,   ,   0,    ,    0,    0,    0,    0, 
EP, 85, 2014052900, 03, SHF5,  24,   0N,    0W,  37,    0,   ,   0,    ,    0,    0,    0,    0, 
EP, 85, 2014052900, 03, SHF5,  36,   0N,    0W,  39,    0,   ,   0,    ,    0,    0,    0,    0, 
EP, 85, 2014052900, 03, SHF5,  48,   0N,    0W,  39,    0,   ,   0,    ,    0,    0,    0,    0, 
EP, 85, 2014052900, 03, SHF5,  60,   0N,    0W,  47,    0,   ,   0,    ,    0,    0,    0,    0, 
EP, 85, 2014052900, 03, SHF5,  72,   0N,    0W,  46,    0,   ,   0,    ,    0,    0,    0,    0, 
EP, 85, 2014052900, 03, SHF5,  84,   0N,    0W,  46,    0,   ,   0,    ,    0,    0,    0,    0, 
EP, 85, 2014052900, 03, SHF5,  96,   0N,    0W,  43,    0,   ,   0,    ,    0,    0,    0,    0, 
EP, 85, 2014052900, 03, SHF5, 108,   0N,    0W,  42,    0,   ,   0,    ,    0,    0,    0,    0, 
EP, 85, 2014052900, 03, SHF5, 120,   0N,    0W,  46,    0,   ,   0,    ,    0,    0,    0,    0, 
EP, 85, 2014052900, 03, SHFR,  12,   0N,    0W,  32,    0,   ,   0,    ,    0,    0,    0,    0, 
EP, 85, 2014052900, 03, SHFR,  24,   0N,    0W,  35,    0,   ,   0,    ,    0,    0,    0,    0, 
EP, 85, 2014052900, 03, SHFR,  36,   0N,    0W,  39,    0,   ,   0,    ,    0,    0,    0,    0, 
EP, 85, 2014052900, 03, SHFR,  48,   0N,    0W,  42,    0,   ,   0,    ,    0,    0,    0,    0, 
EP, 85, 2014052900, 03, SHFR,  60,   0N,    0W,  45,    0,   ,   0,    ,    0,    0,    0,    0, 
EP, 85, 2014052900, 03, SHFR,  72,   0N,    0W,  48,    0,   ,   0,    ,    0,    0,    0,    0, 
EP, 85, 2014052900, 03, SHIP,   0, 120N, 1253W,  30,    0, TD,   0,    ,    0,    0,    0,    0, 
EP, 85, 2014052900, 03, SHIP,  12, 121N, 1256W,  27,    0, TD,   0,    ,    0,    0,    0,    0, 
EP, 85, 2014052900, 03, SHIP,  24, 122N, 1261W,  25,    0, TD,   0,    ,    0,    0,    0,    0, 
EP, 85, 2014052900, 03, SHIP,  36, 123N, 1270W,  20,    0, TD,   0,    ,    0,    0,    0,    0, 
EP, 85, 2014052900, 03, XTRP,   0, 120N, 1253W,   0,    0,   ,   0,    ,    0,    0,    0,    0, 
EP, 85, 2014052900, 03, XTRP,  12, 123N, 1272W,   0,    0,   ,   0,    ,    0,    0,    0,    0, 
EP, 85, 2014052900, 03, XTRP,  24, 126N, 1292W,   0,    0,   ,   0,    ,    0,    0,    0,    0, 
EP, 85, 2014052900, 03, XTRP,  36, 129N, 1312W,   0,    0,   ,   0,    ,    0,    0,    0,    0, 
EP, 85, 2014052900, 03, XTRP,  48, 132N, 1332W,   0,    0,   ,   0,    ,    0,    0,    0,    0, 
EP, 85, 2014052900, 03, XTRP,  60, 135N, 1352W,   0,    0,   ,   0,    ,    0,    0,    0,    0, 
EP, 85, 2014052900, 03, XTRP,  72, 139N, 1372W,   0,    0,   ,   0,    ,    0,    0,    0,    0, 
EP, 85, 2014052900, 03, XTRP,  84, 142N, 1393W,   0,    0,   ,   0,    ,    0,    0,    0,    0, 
EP, 85, 2014052900, 03, XTRP,  96, 145N, 1413W,   0,    0,   ,   0,    ,    0,    0,    0,    0, 
EP, 85, 2014052900, 03, XTRP, 108, 148N, 1433W,   0,    0,   ,   0,    ,    0,    0,    0,    0, 
EP, 85, 2014052900, 03, XTRP, 120, 151N, 1453W,   0,    0,   ,   0,    ,    0,    0,    0,    0, 
EP, 85, 2014052900, 03, XTRP, 132, 154N, 1473W,   0,    0,   ,   0,    ,    0,    0,    0,    0, 
EP, 85, 2014052900, 03, XTRP, 144, 157N, 1494W,   0,    0,   ,   0,    ,    0,    0,    0,    0, 
EP, 85, 2014052900, 03, XTRP, 156, 160N, 1514W,   0,    0,   ,   0,    ,    0,    0,    0,    0, 
EP, 85, 2014052900, 03, XTRP, 168, 163N, 1534W,   0,    0,   ,   0,    ,    0,    0,    0,    0, 
EP, 85, 2014060218, 01, CARQ, -24, 125N, 1259W,  20,    0, TD,  34, AAA,    0,    0,    0,    0,    0,    0,   0,   0,   0,   E,   0,   X,   0,   0,       TEST,  , 
EP, 85, 2014060218, 01, CARQ, -18, 128N, 1273W,  20,    0, TD,  34, AAA,    0,    0,    0,    0,    0,    0,   0,   0,   0,   E,   0,   X,   0,   0,       TEST,  , 
EP, 85, 2014060218, 01, CARQ, -12, 130N, 1287W,  25,    0, TD,  34, AAA,    0,    0,    0,    0,    0,    0,   0,   0,   0,   E,   0,   X, 281,  14,       TEST,  , 
EP, 85, 2014060218, 01, CARQ,  -6, 133N, 1301W,  25,    0, TD,  34, AAA,    0,    0,    0,    0,    0,    0,   0,   0,   0,   E,   0,   X,   0,   0,       TEST,  , 
EP, 85, 2014060218, 01, CARQ,   0, 135N, 1316W,  25, 1007, TD,  34, NEQ,    0,    0,    0,    0, 1010,  150,  45,   0,   0,   E,   0,   X, 280,  14,       TEST, M, 
EP, 85, 2014060218, 01, CARQ,   0, 135N, 1316W,  25, 1007, TD,  50, NEQ,    0,    0,    0,    0, 1010,  150,  45,   0,   0,   E,   0,   X, 280,  14,       TEST, M, 
EP, 85, 2014060218, 01, CARQ,   0, 135N, 1316W,  25, 1007, TD,  64, NEQ,    0,    0,    0,    0, 1010,  150,  45,   0,   0,   E,   0,   X, 280,  14,       TEST, M, 
EP, 85, 2014060218, 03, BAMD,  12, 133N, 1322W,   0,    0,   ,   0,    ,    0,    0,    0,    0, 
EP, 85, 2014060218, 03, BAMD,  24, 131N, 1328W,   0,    0,   ,   0,    ,    0,    0,    0,    0, 
EP, 85, 2014060218, 03, BAMD,  36, 132N, 1335W,   0,    0,   ,   0,    ,    0,    0,    0,    0, 
EP, 85, 2014060218, 03, BAMD,  48, 132N, 1344W,   0,    0,   ,   0,    ,    0,    0,    0,    0, 
EP, 85, 2014060218, 03, BAMD,  60, 133N, 1353W,   0,    0,   ,   0,    ,    0,    0,    0,    0, 
EP, 85, 2014060218, 03, BAMD,  72, 138N, 1362W,   0,    0,   ,   0,    ,    0,    0,    0,    0, 
EP, 85, 2014060218, 03, BAMD,  84, 146N, 1370W,   0,    0,   ,   0,    ,    0,    0,    0,    0, 
EP, 85, 2014060218, 03, BAMD,  96, 154N, 1375W,   0,    0,   ,   0,    ,    0,    0,    0,    0, 
EP, 85, 2014060218, 03, BAMD, 108, 164N, 1379W,   0,    0,   ,   0,    ,    0,    0,    0,    0, 
EP, 85, 2014060218, 03, BAMD, 120, 176N, 1382W,   0,    0,   ,   0,    ,    0,    0,    0,    0, 
EP, 85, 2014060218, 03, BAMD, 132, 188N, 1385W,   0,    0,   ,   0,    ,    0,    0,    0,    0, 
EP, 85, 2014060218, 03, BAMD, 144, 203N, 1389W,   0,    0,   ,   0,    ,    0,    0,    0,    0, 
EP, 85, 2014060218, 03, BAMD, 156, 223N, 1397W,   0,    0,   ,   0,    ,    0,    0,    0,    0, 
EP, 85, 2014060218, 03, BAMD, 168, 247N, 1400W,   0,    0,   ,   0,    ,    0,    0,    0,    0, 
EP, 85, 2014060218, 03, BAMM,  12, 127N, 1332W,   0,    0,   ,   0,    ,    0,    0,    0,    0, 
EP, 85, 2014060218, 03, BAMM,  24, 120N, 1350W,   0,    0,   ,   0,    ,    0,    0,    0,    0, 
EP, 85, 2014060218, 03, BAMM,  36, 114N, 1368W,   0,    0,   ,   0,    ,    0,    0,    0,    0, 
EP, 85, 2014060218, 03, BAMM,  48, 108N, 1386W,   0,    0,   ,   0,    ,    0,    0,    0,    0, 
EP, 85, 2014060218, 03, BAMM,  60, 104N, 1405W,   0,    0,   ,   0,    ,    0,    0,    0,    0, 
EP, 85, 2014060218, 03, BAMM,  72, 103N, 1424W,   0,    0,   ,   0,    ,    0,    0,    0,    0, 
EP, 85, 2014060218, 03, BAMM,  84, 104N, 1441W,   0,    0,   ,   0,    ,    0,    0,    0,    0, 
EP, 85, 2014060218, 03, BAMM,  96, 104N, 1456W,   0,    0,   ,   0,    ,    0,    0,    0,    0, 
EP, 85, 2014060218, 03, BAMM, 108, 105N, 1469W,   0,    0,   ,   0,    ,    0,    0,    0,    0, 
EP, 85, 2014060218, 03, BAMM, 120, 107N, 1483W,   0,    0,   ,   0,    ,    0,    0,    0,    0, 
EP, 85, 2014060218, 03, BAMM, 132, 111N, 1494W,   0,    0,   ,   0,    ,    0,    0,    0,    0, 
EP, 85, 2014060218, 03, BAMM, 144, 118N, 1502W,   0,    0,   ,   0,    ,    0,    0,    0,    0, 
EP, 85, 2014060218, 03, BAMM, 156, 127N, 1509W,   0,    0,   ,   0,    ,    0,    0,    0,    0, 
EP, 85, 2014060218, 03, BAMM, 168, 137N, 1516W,   0,    0,   ,   0,    ,    0,    0,    0,    0, 
EP, 85, 2014060218, 03, BAMS,  12, 126N, 1335W,   0,    0,   ,   0,    ,    0,    0,    0,    0, 
EP, 85, 2014060218, 03, BAMS,  24, 117N, 1357W,   0,    0,   ,   0,    ,    0,    0,    0,    0, 
EP, 85, 2014060218, 03, BAMS,  36, 110N, 1378W,   0,    0,   ,   0,    ,    0,    0,    0,    0, 
EP, 85, 2014060218, 03, BAMS,  48, 102N, 1399W,   0,    0,   ,   0,    ,    0,    0,    0,    0, 
EP, 85, 2014060218, 03, BAMS,  60,  99N, 1418W,   0,    0,   ,   0,    ,    0,    0,    0,    0, 
EP, 85, 2014060218, 03, BAMS,  72,  98N, 1436W,   0,    0,   ,   0,    ,    0,    0,    0,    0, 
EP, 85, 2014060218, 03, BAMS,  84,  98N, 1454W,   0,    0,   ,   0,    ,    0,    0,    0,    0, 
EP, 85, 2014060218, 03, BAMS,  96,  99N, 1471W,   0,    0,   ,   0,    ,    0,    0,    0,    0, 
EP, 85, 2014060218, 03, BAMS, 108,  99N, 1487W,   0,    0,   ,   0,    ,    0,    0,    0,    0, 
EP, 85, 2014060218, 03, BAMS, 120,  99N, 1502W,   0,    0,   ,   0,    ,    0,    0,    0,    0, 
EP, 85, 2014060218, 03, BAMS, 132,  99N, 1516W,   0,    0,   ,   0,    ,    0,    0,    0,    0, 
EP, 85, 2014060218, 03, BAMS, 144, 101N, 1532W,   0,    0,   ,   0,    ,    0,    0,    0,    0, 
EP, 85, 2014060218, 03, BAMS, 156, 104N, 1551W,   0,    0,   ,   0,    ,    0,    0,    0,    0, 
EP, 85, 2014060218, 03, BAMS, 168, 109N, 1573W,   0,    0,   ,   0,    ,    0,    0,    0,    0, 
EP, 85, 2014060218, 03, CLIP,  12, 139N, 1342W,   0,    0,   ,   0,    ,    0,    0,    0,    0, 
EP, 85, 2014060218, 03, CLIP,  24, 140N, 1363W,   0,    0,   ,   0,    ,    0,    0,    0,    0, 
EP, 85, 2014060218, 03, CLIP,  36, 141N, 1381W,   0,    0,   ,   0,    ,    0,    0,    0,    0, 
EP, 85, 2014060218, 03, CLIP,  48, 143N, 1393W,   0,    0,   ,   0,    ,    0,    0,    0,    0, 
EP, 85, 2014060218, 03, CLIP,  60, 139N, 1413W,   0,    0,   ,   0,    ,    0,    0,    0,    0, 
EP, 85, 2014060218, 03, CLIP,  72, 130N, 1431W,   0,    0,   ,   0,    ,    0,    0,    0,    0, 
EP, 85, 2014060218, 03, CLP5,  12, 140N, 1343W,   0,    0,   ,   0,    ,    0,    0,    0,    0, 
EP, 85, 2014060218, 03, CLP5,  24, 144N, 1370W,   0,    0,   ,   0,    ,    0,    0,    0,    0, 
EP, 85, 2014060218, 03, CLP5,  36, 148N, 1395W,   0,    0,   ,   0,    ,    0,    0,    0,    0, 
EP, 85, 2014060218, 03, CLP5,  48, 151N, 1419W,   0,    0,   ,   0,    ,    0,    0,    0,    0, 
EP, 85, 2014060218, 03, CLP5,  60, 155N, 1444W,   0,    0,   ,   0,    ,    0,    0,    0,    0, 
EP, 85, 2014060218, 03, CLP5,  72, 160N, 1469W,   0,    0,   ,   0,    ,    0,    0,    0,    0, 
EP, 85, 2014060218, 03, CLP5,  84, 162N, 1492W,   0,    0,   ,   0,    ,    0,    0,    0,    0, 
EP, 85, 2014060218, 03, CLP5,  96, 168N, 1516W,   0,    0,   ,   0,    ,    0,    0,    0,    0, 
EP, 85, 2014060218, 03, CLP5, 108, 173N, 1541W,   0,    0,   ,   0,    ,    0,    0,    0,    0, 
EP, 85, 2014060218, 03, CLP5, 120, 178N, 1568W,   0,    0,   ,   0,    ,    0,    0,    0,    0, 
EP, 85, 2014060218, 03, DSHP,   0, 135N, 1316W,  25,    0, TD,   0,    ,    0,    0,    0,    0, 
EP, 85, 2014060218, 03, DSHP,  12, 127N, 1332W,  19,    0, TD,   0,    ,    0,    0,    0,    0, 
EP, 85, 2014060218, 03, IVCN,   0,   0N,    0W,  25,    0,   ,   0,    ,    0,    0,    0,    0, 
EP, 85, 2014060218, 03, IVCN,  12,   0N,    0W,  20,    0,   ,   0,    ,    0,    0,    0,    0, 
EP, 85, 2014060218, 03, LBAR,   0, 135N, 1316W,  25,    0,   ,   0,    ,    0,    0,    0,    0, 
EP, 85, 2014060218, 03, LBAR,  12, 138N, 1330W,   0,    0,   ,   0,    ,    0,    0,    0,    0, 
EP, 85, 2014060218, 03, LBAR,  24, 138N, 1348W,   0,    0,   ,   0,    ,    0,    0,    0,    0, 
EP, 85, 2014060218, 03, LBAR,  36, 137N, 1368W,   0,    0,   ,   0,    ,    0,    0,    0,    0, 
EP, 85, 2014060218, 03, LBAR,  48, 132N, 1387W,   0,    0,   ,   0,    ,    0,    0,    0,    0, 
EP, 85, 2014060218, 03, LBAR,  60, 130N, 1403W,   0,    0,   ,   0,    ,    0,    0,    0,    0, 
EP, 85, 2014060218, 03, LBAR,  72, 130N, 1419W,   0,    0,   ,   0,    ,    0,    0,    0,    0, 
EP, 85, 2014060218, 03, LBAR,  84, 133N, 1429W,   0,    0,   ,   0,    ,    0,    0,    0,    0, 
EP, 85, 2014060218, 03, LBAR,  96, 137N, 1439W,   0,    0,   ,   0,    ,    0,    0,    0,    0, 
EP, 85, 2014060218, 03, LBAR, 108, 145N, 1448W,   0,    0,   ,   0,    ,    0,    0,    0,    0, 
EP, 85, 2014060218, 03, LBAR, 120, 151N, 1457W,   0,    0,   ,   0,    ,    0,    0,    0,    0, 
EP, 85, 2014060218, 03, LGEM,   0, 135N, 1316W,  25,    0, TD,   0,    ,    0,    0,    0,    0, 
EP, 85, 2014060218, 03, LGEM,  12, 127N, 1332W,  21,    0, TD,   0,    ,    0,    0,    0,    0, 
EP, 85, 2014060218, 03, LGEM,  24, 120N, 1350W,  17,    0, TD,   0,    ,    0,    0,    0,    0, 
EP, 85, 2014060218, 03, OCD5,   0, 135N, 1316W,  25,    0,   ,   0,    ,    0,    0,    0,    0, 
EP, 85, 2014060218, 03, OCD5,  12, 140N, 1343W,  26,    0,   ,   0,    ,    0,    0,    0,    0, 
EP, 85, 2014060218, 03, OCD5,  24, 144N, 1370W,  24,    0,   ,   0,    ,    0,    0,    0,    0, 
EP, 85, 2014060218, 03, OCD5,  36, 148N, 1395W,  24,    0,   ,   0,    ,    0,    0,    0,    0, 
EP, 85, 2014060218, 03, OCD5,  48, 151N, 1419W,  22,    0,   ,   0,    ,    0,    0,    0,    0, 
EP, 85, 2014060218, 03, OCD5,  60, 155N, 1444W,  30,    0,   ,   0,    ,    0,    0,    0,    0, 
EP, 85, 2014060218, 03, OCD5,  72, 160N, 1469W,  30,    0,   ,   0,    ,    0,    0,    0,    0, 
EP, 85, 2014060218, 03, OCD5,  84, 162N, 1492W,  30,    0,   ,   0,    ,    0,    0,    0,    0, 
EP, 85, 2014060218, 03, OCD5,  96, 168N, 1516W,  30,    0,   ,   0,    ,    0,    0,    0,    0, 
EP, 85, 2014060218, 03, OCD5, 108, 173N, 1541W,  30,    0,   ,   0,    ,    0,    0,    0,    0, 
EP, 85, 2014060218, 03, OCD5, 120, 178N, 1568W,  38,    0,   ,   0,    ,    0,    0,    0,    0, 
EP, 85, 2014060218, 03, SHF5,   0,   0N,    0W,  25,    0,   ,   0,    ,    0,    0,    0,    0, 
EP, 85, 2014060218, 03, SHF5,  12,   0N,    0W,  26,    0,   ,   0,    ,    0,    0,    0,    0, 
EP, 85, 2014060218, 03, SHF5,  24,   0N,    0W,  24,    0,   ,   0,    ,    0,    0,    0,    0, 
EP, 85, 2014060218, 03, SHF5,  36,   0N,    0W,  24,    0,   ,   0,    ,    0,    0,    0,    0, 
EP, 85, 2014060218, 03, SHF5,  48,   0N,    0W,  22,    0,   ,   0,    ,    0,    0,    0,    0, 
EP, 85, 2014060218, 03, SHF5,  60,   0N,    0W,  30,    0,   ,   0,    ,    0,    0,    0,    0, 
EP, 85, 2014060218, 03, SHF5,  72,   0N,    0W,  30,    0,   ,   0,    ,    0,    0,    0,    0, 
EP, 85, 2014060218, 03, SHF5,  84,   0N,    0W,  30,    0,   ,   0,    ,    0,    0,    0,    0, 
EP, 85, 2014060218, 03, SHF5,  96,   0N,    0W,  30,    0,   ,   0,    ,    0,    0,    0,    0, 
EP, 85, 2014060218, 03, SHF5, 108,   0N,    0W,  30,    0,   ,   0,    ,    0,    0,    0,    0, 
EP, 85, 2014060218, 03, SHF5, 120,   0N,    0W,  38,    0,   ,   0,    ,    0,    0,    0,    0, 
EP, 85, 2014060218, 03, SHFR,  12,   0N,    0W,  25,    0,   ,   0,    ,    0,    0,    0,    0, 
EP, 85, 2014060218, 03, SHFR,  24,   0N,    0W,  26,    0,   ,   0,    ,    0,    0,    0,    0, 
EP, 85, 2014060218, 03, SHFR,  36,   0N,    0W,  28,    0,   ,   0,    ,    0,    0,    0,    0, 
EP, 85, 2014060218, 03, SHFR,  48,   0N,    0W,  31,    0,   ,   0,    ,    0,    0,    0,    0, 
EP, 85, 2014060218, 03, SHFR,  60,   0N,    0W,  34,    0,   ,   0,    ,    0,    0,    0,    0, 
EP, 85, 2014060218, 03, SHFR,  72,   0N,    0W,  37,    0,   ,   0,    ,    0,    0,    0,    0, 
EP, 85, 2014060218, 03, SHIP,   0, 135N, 1316W,  25,    0, TD,   0,    ,    0,    0,    0,    0, 
EP, 85, 2014060218, 03, SHIP,  12, 127N, 1332W,  19,    0, TD,   0,    ,    0,    0,    0,    0, 
EP, 85, 2014060218, 03, XTRP,   0, 135N, 1316W,   0,    0,   ,   0,    ,    0,    0,    0,    0, 
EP, 85, 2014060218, 03, XTRP,  12, 140N, 1344W,   0,    0,   ,   0,    ,    0,    0,    0,    0, 
EP, 85, 2014060218, 03, XTRP,  24, 145N, 1373W,   0,    0,   ,   0,    ,    0,    0,    0,    0, 
EP, 85, 2014060218, 03, XTRP,  36, 150N, 1402W,   0,    0,   ,   0,    ,    0,    0,    0,    0, 
EP, 85, 2014060218, 03, XTRP,  48, 155N, 1432W,   0,    0,   ,   0,    ,    0,    0,    0,    0, 
EP, 85, 2014060218, 03, XTRP,  60, 160N, 1461W,   0,    0,   ,   0,    ,    0,    0,    0,    0, 
EP, 85, 2014060218, 03, XTRP,  72, 165N, 1490W,   0,    0,   ,   0,    ,    0,    0,    0,    0, 
EP, 85, 2014060218, 03, XTRP,  84, 170N, 1520W,   0,    0,   ,   0,    ,    0,    0,    0,    0, 
EP, 85, 2014060218, 03, XTRP,  96, 175N, 1549W,   0,    0,   ,   0,    ,    0,    0,    0,    0, 
EP, 85, 2014060218, 03, XTRP, 108, 180N, 1579W,   0,    0,   ,   0,    ,    0,    0,    0,    0, 
EP, 85, 2014060218, 03, XTRP, 120, 185N, 1609W,   0,    0,   ,   0,    ,    0,    0,    0,    0, 
EP, 85, 2014060218, 03, XTRP, 132, 190N, 1639W,   0,    0,   ,   0,    ,    0,    0,    0,    0, 
EP, 85, 2014060218, 03, XTRP, 144, 195N, 1668W,   0,    0,   ,   0,    ,    0,    0,    0,    0, 
EP, 85, 2014060218, 03, XTRP, 156, 200N, 1698W,   0,    0,   ,   0,    ,    0,    0,    0,    0, 
EP, 85, 2014060218, 03, XTRP, 168, 205N, 1729W,   0,    0,   ,   0,    ,    0,    0,    0,    0, 
