EP, 80, 2014030612, 01, CARQ, -24, 148N, 1167W,  30,    0, TD,  34, AAA,    0,    0,    0,    0,    0,    0,   0,   0,   0,   E,   0,   X,   0,   0,       TEST,  , 
EP, 80, 2014030612, 01, CARQ, -18, 148N, 1175W,  30,    0, TD,  34, AAA,    0,    0,    0,    0,    0,    0,   0,   0,   0,   E,   0,   X,   0,   0,       TEST,  , 
EP, 80, 2014030612, 01, CARQ, -12, 148N, 1185W,  30,    0, TD,  34, AAA,    0,    0,    0,    0,    0,    0,   0,   0,   0,   E,   0,   X, 274,   9,       TEST,  , 
EP, 80, 2014030612, 01, CARQ,  -6, 149N, 1193W,  30,    0, TD,  34, AAA,    0,    0,    0,    0,    0,    0,   0,   0,   0,   E,   0,   X,   0,   0,       TEST,  , 
EP, 80, 2014030612, 01, CARQ,   0, 150N, 1200W,  30, 1007, TD,  34, NEQ,    0,    0,    0,    0, 1008,  150,   0,   0,   0,   E,   0,   X, 275,   8,       TEST, S , 
EP, 80, 2014030612, 01, CARQ,   0, 150N, 1200W,  30, 1007, TD,  50, NEQ,    0,    0,    0,    0, 1008,  150,   0,   0,   0,   E,   0,   X, 275,   8,       TEST, S , 
EP, 80, 2014030612, 01, CARQ,   0, 150N, 1200W,  30, 1007, TD,  64, NEQ,    0,    0,    0,    0, 1008,  150,   0,   0,   0,   E,   0,   X, 275,   8,       TEST, S , 
EP, 80, 2014030612, 03, BAMD,  12, 136N, 1229W,   0,    0,   ,   0,    ,    0,    0,    0,    0, 
EP, 80, 2014030612, 03, BAMD,  24, 127N, 1250W,   0,    0,   ,   0,    ,    0,    0,    0,    0, 
EP, 80, 2014030612, 03, BAMD,  36, 120N, 1263W,   0,    0,   ,   0,    ,    0,    0,    0,    0, 
EP, 80, 2014030612, 03, BAMD,  48, 114N, 1267W,   0,    0,   ,   0,    ,    0,    0,    0,    0, 
EP, 80, 2014030612, 03, BAMD,  60, 108N, 1264W,   0,    0,   ,   0,    ,    0,    0,    0,    0, 
EP, 80, 2014030612, 03, BAMD,  72, 105N, 1254W,   0,    0,   ,   0,    ,    0,    0,    0,    0, 
EP, 80, 2014030612, 03, BAMD,  84, 109N, 1241W,   0,    0,   ,   0,    ,    0,    0,    0,    0, 
EP, 80, 2014030612, 03, BAMD,  96, 118N, 1228W,   0,    0,   ,   0,    ,    0,    0,    0,    0, 
EP, 80, 2014030612, 03, BAMD, 108, 127N, 1217W,   0,    0,   ,   0,    ,    0,    0,    0,    0, 
EP, 80, 2014030612, 03, BAMD, 120, 136N, 1203W,   0,    0,   ,   0,    ,    0,    0,    0,    0, 
EP, 80, 2014030612, 03, BAMD, 132, 150N, 1186W,   0,    0,   ,   0,    ,    0,    0,    0,    0, 
EP, 80, 2014030612, 03, BAMD, 144, 166N, 1162W,   0,    0,   ,   0,    ,    0,    0,    0,    0, 
EP, 80, 2014030612, 03, BAMD, 156, 182N, 1130W,   0,    0,   ,   0,    ,    0,    0,    0,    0, 
EP, 80, 2014030612, 03, BAMD, 168, 195N, 1088W,   0,    0,   ,   0,    ,    0,    0,    0,    0, 
EP, 80, 2014030612, 03, BAMM,  12, 144N, 1227W,   0,    0,   ,   0,    ,    0,    0,    0,    0, 
EP, 80, 2014030612, 03, BAMM,  24, 139N, 1250W,   0,    0,   ,   0,    ,    0,    0,    0,    0, 
EP, 80, 2014030612, 03, BAMM,  36, 135N, 1270W,   0,    0,   ,   0,    ,    0,    0,    0,    0, 
EP, 80, 2014030612, 03, BAMM,  48, 132N, 1286W,   0,    0,   ,   0,    ,    0,    0,    0,    0, 
EP, 80, 2014030612, 03, BAMM,  60, 130N, 1299W,   0,    0,   ,   0,    ,    0,    0,    0,    0, 
EP, 80, 2014030612, 03, BAMM,  72, 129N, 1312W,   0,    0,   ,   0,    ,    0,    0,    0,    0, 
EP, 80, 2014030612, 03, BAMM,  84, 131N, 1323W,   0,    0,   ,   0,    ,    0,    0,    0,    0, 
EP, 80, 2014030612, 03, BAMM,  96, 135N, 1331W,   0,    0,   ,   0,    ,    0,    0,    0,    0, 
EP, 80, 2014030612, 03, BAMM, 108, 143N, 1337W,   0,    0,   ,   0,    ,    0,    0,    0,    0, 
EP, 80, 2014030612, 03, BAMM, 120, 155N, 1337W,   0,    0,   ,   0,    ,    0,    0,    0,    0, 
EP, 80, 2014030612, 03, BAMM, 132, 170N, 1332W,   0,    0,   ,   0,    ,    0,    0,    0,    0, 
EP, 80, 2014030612, 03, BAMM, 144, 191N, 1322W,   0,    0,   ,   0,    ,    0,    0,    0,    0, 
EP, 80, 2014030612, 03, BAMM, 156, 215N, 1317W,   0,    0,   ,   0,    ,    0,    0,    0,    0, 
EP, 80, 2014030612, 03, BAMM, 168, 238N, 1318W,   0,    0,   ,   0,    ,    0,    0,    0,    0, 
EP, 80, 2014030612, 03, BAMS,  12, 143N, 1220W,   0,    0,   ,   0,    ,    0,    0,    0,    0, 
EP, 80, 2014030612, 03, BAMS,  24, 136N, 1240W,   0,    0,   ,   0,    ,    0,    0,    0,    0, 
EP, 80, 2014030612, 03, BAMS,  36, 129N, 1261W,   0,    0,   ,   0,    ,    0,    0,    0,    0, 
EP, 80, 2014030612, 03, BAMS,  48, 123N, 1283W,   0,    0,   ,   0,    ,    0,    0,    0,    0, 
EP, 80, 2014030612, 03, BAMS,  60, 119N, 1303W,   0,    0,   ,   0,    ,    0,    0,    0,    0, 
EP, 80, 2014030612, 03, BAMS,  72, 115N, 1325W,   0,    0,   ,   0,    ,    0,    0,    0,    0, 
EP, 80, 2014030612, 03, BAMS,  84, 114N, 1348W,   0,    0,   ,   0,    ,    0,    0,    0,    0, 
EP, 80, 2014030612, 03, BAMS,  96, 118N, 1371W,   0,    0,   ,   0,    ,    0,    0,    0,    0, 
EP, 80, 2014030612, 03, BAMS, 108, 127N, 1394W,   0,    0,   ,   0,    ,    0,    0,    0,    0, 
EP, 80, 2014030612, 03, BAMS, 120, 138N, 1411W,   0,    0,   ,   0,    ,    0,    0,    0,    0, 
EP, 80, 2014030612, 03, BAMS, 132, 149N, 1420W,   0,    0,   ,   0,    ,    0,    0,    0,    0, 
EP, 80, 2014030612, 03, BAMS, 144, 157N, 1419W,   0,    0,   ,   0,    ,    0,    0,    0,    0, 
EP, 80, 2014030612, 03, BAMS, 156, 160N, 1413W,   0,    0,   ,   0,    ,    0,    0,    0,    0, 
EP, 80, 2014030612, 03, BAMS, 168, 156N, 1409W,   0,    0,   ,   0,    ,    0,    0,    0,    0, 
EP, 80, 2014030612, 03, CLIP,  12, 151N, 1215W,   0,    0,   ,   0,    ,    0,    0,    0,    0, 
EP, 80, 2014030612, 03, CLIP,  24, 151N, 1228W,   0,    0,   ,   0,    ,    0,    0,    0,    0, 
EP, 80, 2014030612, 03, CLIP,  36, 151N, 1238W,   0,    0,   ,   0,    ,    0,    0,    0,    0, 
EP, 80, 2014030612, 03, CLIP,  48, 151N, 1246W,   0,    0,   ,   0,    ,    0,    0,    0,    0, 
EP, 80, 2014030612, 03, CLIP,  60, 145N, 1260W,   0,    0,   ,   0,    ,    0,    0,    0,    0, 
EP, 80, 2014030612, 03, CLIP,  72, 131N, 1278W,   0,    0,   ,   0,    ,    0,    0,    0,    0, 
EP, 80, 2014030612, 03, CLP5,  12, 152N, 1217W,   0,    0,   ,   0,    ,    0,    0,    0,    0, 
EP, 80, 2014030612, 03, CLP5,  24, 155N, 1235W,   0,    0,   ,   0,    ,    0,    0,    0,    0, 
EP, 80, 2014030612, 03, CLP5,  36, 159N, 1253W,   0,    0,   ,   0,    ,    0,    0,    0,    0, 
EP, 80, 2014030612, 03, CLP5,  48, 162N, 1268W,   0,    0,   ,   0,    ,    0,    0,    0,    0, 
EP, 80, 2014030612, 03, CLP5,  60, 167N, 1287W,   0,    0,   ,   0,    ,    0,    0,    0,    0, 
EP, 80, 2014030612, 03, CLP5,  72, 171N, 1307W,   0,    0,   ,   0,    ,    0,    0,    0,    0, 
EP, 80, 2014030612, 03, CLP5,  84, 172N, 1323W,   0,    0,   ,   0,    ,    0,    0,    0,    0, 
EP, 80, 2014030612, 03, CLP5,  96, 177N, 1339W,   0,    0,   ,   0,    ,    0,    0,    0,    0, 
EP, 80, 2014030612, 03, CLP5, 108, 181N, 1359W,   0,    0,   ,   0,    ,    0,    0,    0,    0, 
EP, 80, 2014030612, 03, CLP5, 120, 186N, 1379W,   0,    0,   ,   0,    ,    0,    0,    0,    0, 
EP, 80, 2014030612, 03, DSHP,   0, 150N, 1200W,  30,    0, TD,   0,    ,    0,    0,    0,    0, 
EP, 80, 2014030612, 03, DSHP,  12, 144N, 1227W,  27,    0, TD,   0,    ,    0,    0,    0,    0, 
EP, 80, 2014030612, 03, DSHP,  24, 139N, 1250W,  24,    0, TD,   0,    ,    0,    0,    0,    0, 
EP, 80, 2014030612, 03, DSHP,  36, 135N, 1270W,  16,    0, TD,   0,    ,    0,    0,    0,    0, 
EP, 80, 2014030612, 03, LBAR,   0, 150N, 1200W,  30,    0,   ,   0,    ,    0,    0,    0,    0, 
EP, 80, 2014030612, 03, LBAR,  12, 143N, 1218W,   0,    0,   ,   0,    ,    0,    0,    0,    0, 
EP, 80, 2014030612, 03, LBAR,  24, 136N, 1240W,   0,    0,   ,   0,    ,    0,    0,    0,    0, 
EP, 80, 2014030612, 03, LBAR,  36, 130N, 1264W,   0,    0,   ,   0,    ,    0,    0,    0,    0, 
EP, 80, 2014030612, 03, LBAR,  48, 120N, 1285W,   0,    0,   ,   0,    ,    0,    0,    0,    0, 
EP, 80, 2014030612, 03, LBAR,  60, 110N, 1302W,   0,    0,   ,   0,    ,    0,    0,    0,    0, 
EP, 80, 2014030612, 03, LBAR,  72,  96N, 1310W,   0,    0,   ,   0,    ,    0,    0,    0,    0, 
EP, 80, 2014030612, 03, LBAR,  84,  87N, 1306W,   0,    0,   ,   0,    ,    0,    0,    0,    0, 
EP, 80, 2014030612, 03, LBAR,  96,  84N, 1308W,   0,    0,   ,   0,    ,    0,    0,    0,    0, 
EP, 80, 2014030612, 03, LBAR, 108,  85N, 1304W,   0,    0,   ,   0,    ,    0,    0,    0,    0, 
EP, 80, 2014030612, 03, LBAR, 120,  84N, 1297W,   0,    0,   ,   0,    ,    0,    0,    0,    0, 
EP, 80, 2014030612, 03, LGEM,   0, 150N, 1200W,  30,    0, TD,   0,    ,    0,    0,    0,    0, 
EP, 80, 2014030612, 03, LGEM,  12, 144N, 1227W,  28,    0, TD,   0,    ,    0,    0,    0,    0, 
EP, 80, 2014030612, 03, LGEM,  24, 139N, 1250W,  25,    0, TD,   0,    ,    0,    0,    0,    0, 
EP, 80, 2014030612, 03, LGEM,  36, 135N, 1270W,  22,    0, TD,   0,    ,    0,    0,    0,    0, 
EP, 80, 2014030612, 03, LGEM,  48, 132N, 1286W,  19,    0, TD,   0,    ,    0,    0,    0,    0, 
EP, 80, 2014030612, 03, LGEM,  60, 130N, 1299W,  15,    0, TD,   0,    ,    0,    0,    0,    0, 
EP, 80, 2014030612, 03, OCD5,   0, 150N, 1200W,  30,    0,   ,   0,    ,    0,    0,    0,    0, 
EP, 80, 2014030612, 03, OCD5,  12, 152N, 1217W,  26,    0,   ,   0,    ,    0,    0,    0,    0, 
EP, 80, 2014030612, 03, OCD5,  24, 155N, 1235W,  19,    0,   ,   0,    ,    0,    0,    0,    0, 
EP, 80, 2014030612, 03, OCD5,  36, 159N, 1253W,  13,    0,   ,   0,    ,    0,    0,    0,    0, 
EP, 80, 2014030612, 03, OCD5,  48, 162N, 1268W,   7,    0,   ,   0,    ,    0,    0,    0,    0, 
EP, 80, 2014030612, 03, OCD5,  60, 167N, 1287W,   9,    0,   ,   0,    ,    0,    0,    0,    0, 
EP, 80, 2014030612, 03, OCD5,  72, 171N, 1307W,   7,    0,   ,   0,    ,    0,    0,    0,    0, 
EP, 80, 2014030612, 03, OCD5,  84, 172N, 1323W,   7,    0,   ,   0,    ,    0,    0,    0,    0, 
EP, 80, 2014030612, 03, OCD5,  96, 177N, 1339W,   8,    0,   ,   0,    ,    0,    0,    0,    0, 
EP, 80, 2014030612, 03, OCD5, 108, 181N, 1359W,  10,    0,   ,   0,    ,    0,    0,    0,    0, 
EP, 80, 2014030612, 03, OCD5, 120, 186N, 1379W,  19,    0,   ,   0,    ,    0,    0,    0,    0, 
EP, 80, 2014030612, 03, SHF5,   0,   0N,    0W,  30,    0,   ,   0,    ,    0,    0,    0,    0, 
EP, 80, 2014030612, 03, SHF5,  12,   0N,    0W,  26,    0,   ,   0,    ,    0,    0,    0,    0, 
EP, 80, 2014030612, 03, SHF5,  24,   0N,    0W,  19,    0,   ,   0,    ,    0,    0,    0,    0, 
EP, 80, 2014030612, 03, SHF5,  36,   0N,    0W,  13,    0,   ,   0,    ,    0,    0,    0,    0, 
EP, 80, 2014030612, 03, SHF5,  48,   0N,    0W,   7,    0,   ,   0,    ,    0,    0,    0,    0, 
EP, 80, 2014030612, 03, SHF5,  60,   0N,    0W,   9,    0,   ,   0,    ,    0,    0,    0,    0, 
EP, 80, 2014030612, 03, SHF5,  72,   0N,    0W,   7,    0,   ,   0,    ,    0,    0,    0,    0, 
EP, 80, 2014030612, 03, SHF5,  84,   0N,    0W,   7,    0,   ,   0,    ,    0,    0,    0,    0, 
EP, 80, 2014030612, 03, SHF5,  96,   0N,    0W,   8,    0,   ,   0,    ,    0,    0,    0,    0, 
EP, 80, 2014030612, 03, SHF5, 108,   0N,    0W,  10,    0,   ,   0,    ,    0,    0,    0,    0, 
EP, 80, 2014030612, 03, SHF5, 120,   0N,    0W,  19,    0,   ,   0,    ,    0,    0,    0,    0, 
EP, 80, 2014030612, 03, SHFR,  12,   0N,    0W,  30,    0,   ,   0,    ,    0,    0,    0,    0, 
EP, 80, 2014030612, 03, SHFR,  24,   0N,    0W,  32,    0,   ,   0,    ,    0,    0,    0,    0, 
EP, 80, 2014030612, 03, SHFR,  36,   0N,    0W,  33,    0,   ,   0,    ,    0,    0,    0,    0, 
EP, 80, 2014030612, 03, SHFR,  48,   0N,    0W,  35,    0,   ,   0,    ,    0,    0,    0,    0, 
EP, 80, 2014030612, 03, SHFR,  60,   0N,    0W,  37,    0,   ,   0,    ,    0,    0,    0,    0, 
EP, 80, 2014030612, 03, SHFR,  72,   0N,    0W,  38,    0,   ,   0,    ,    0,    0,    0,    0, 
EP, 80, 2014030612, 03, SHIP,   0, 150N, 1200W,  30,    0, TD,   0,    ,    0,    0,    0,    0, 
EP, 80, 2014030612, 03, SHIP,  12, 144N, 1227W,  27,    0, TD,   0,    ,    0,    0,    0,    0, 
EP, 80, 2014030612, 03, SHIP,  24, 139N, 1250W,  24,    0, TD,   0,    ,    0,    0,    0,    0, 
EP, 80, 2014030612, 03, SHIP,  36, 135N, 1270W,  16,    0, TD,   0,    ,    0,    0,    0,    0, 
EP, 80, 2014030612, 03, XTRP,   0, 150N, 1200W,   0,    0,   ,   0,    ,    0,    0,    0,    0, 
EP, 80, 2014030612, 03, XTRP,  12, 152N, 1214W,   0,    0,   ,   0,    ,    0,    0,    0,    0, 
EP, 80, 2014030612, 03, XTRP,  24, 154N, 1229W,   0,    0,   ,   0,    ,    0,    0,    0,    0, 
EP, 80, 2014030612, 03, XTRP,  36, 156N, 1244W,   0,    0,   ,   0,    ,    0,    0,    0,    0, 
EP, 80, 2014030612, 03, XTRP,  48, 158N, 1259W,   0,    0,   ,   0,    ,    0,    0,    0,    0, 
EP, 80, 2014030612, 03, XTRP,  60, 160N, 1274W,   0,    0,   ,   0,    ,    0,    0,    0,    0, 
EP, 80, 2014030612, 03, XTRP,  72, 162N, 1289W,   0,    0,   ,   0,    ,    0,    0,    0,    0, 
EP, 80, 2014030612, 03, XTRP,  84, 164N, 1304W,   0,    0,   ,   0,    ,    0,    0,    0,    0, 
EP, 80, 2014030612, 03, XTRP,  96, 166N, 1319W,   0,    0,   ,   0,    ,    0,    0,    0,    0, 
EP, 80, 2014030612, 03, XTRP, 108, 168N, 1335W,   0,    0,   ,   0,    ,    0,    0,    0,    0, 
EP, 80, 2014030612, 03, XTRP, 120, 170N, 1350W,   0,    0,   ,   0,    ,    0,    0,    0,    0, 
EP, 80, 2014030612, 03, XTRP, 132, 172N, 1365W,   0,    0,   ,   0,    ,    0,    0,    0,    0, 
EP, 80, 2014030612, 03, XTRP, 144, 174N, 1380W,   0,    0,   ,   0,    ,    0,    0,    0,    0, 
EP, 80, 2014030612, 03, XTRP, 156, 176N, 1395W,   0,    0,   ,   0,    ,    0,    0,    0,    0, 
EP, 80, 2014030612, 03, XTRP, 168, 179N, 1411W,   0,    0,   ,   0,    ,    0,    0,    0,    0, 
EP, 80, 2014042912, 01, CARQ, -24, 148N, 1018W,  25,    0, TD,  34, AAA,    0,    0,    0,    0,    0,    0,   0,   0,   0,   E,   0,   X,   0,   0,       TEST,  , 
EP, 80, 2014042912, 01, CARQ, -18, 148N, 1027W,  25,    0, TD,  34, AAA,    0,    0,    0,    0,    0,    0,   0,   0,   0,   E,   0,   X,   0,   0,       TEST,  , 
EP, 80, 2014042912, 01, CARQ, -12, 148N, 1035W,  25,    0, TD,  34, AAA,    0,    0,    0,    0,    0,    0,   0,   0,   0,   E,   0,   X, 274,   8,       TEST,  , 
EP, 80, 2014042912, 01, CARQ,  -6, 149N, 1043W,  25,    0, TD,  34, AAA,    0,    0,    0,    0,    0,    0,   0,   0,   0,   E,   0,   X,   0,   0,       TEST,  , 
EP, 80, 2014042912, 01, CARQ,   0, 150N, 1050W,  25, 1004, TD,  34, NEQ,    0,    0,    0,    0, 1008,  150,   0,   0,   0,   E,   0,   X, 275,   7,       TEST, S, 
EP, 80, 2014042912, 01, CARQ,   0, 150N, 1050W,  25, 1004, TD,  50, NEQ,    0,    0,    0,    0, 1008,  150,   0,   0,   0,   E,   0,   X, 275,   7,       TEST, S, 
EP, 80, 2014042912, 01, CARQ,   0, 150N, 1050W,  25, 1004, TD,  64, NEQ,    0,    0,    0,    0, 1008,  150,   0,   0,   0,   E,   0,   X, 275,   7,       TEST, S, 
EP, 80, 2014042912, 03, BAMD,  12, 161N, 1035W,   0,    0,   ,   0,    ,    0,    0,    0,    0, 
EP, 80, 2014042912, 03, BAMD,  24, 175N, 1012W,   0,    0,   ,   0,    ,    0,    0,    0,    0, 
EP, 80, 2014042912, 03, BAMD,  36, 194N,  980W,   0,    0,   ,   0,    ,    0,    0,    0,    0, 
EP, 80, 2014042912, 03, BAMD,  48, 218N,  942W,   0,    0,   ,   0,    ,    0,    0,    0,    0, 
EP, 80, 2014042912, 03, BAMD,  60, 249N,  898W,   0,    0,   ,   0,    ,    0,    0,    0,    0, 
EP, 80, 2014042912, 03, BAMD,  72, 287N,  839W,   0,    0,   ,   0,    ,    0,    0,    0,    0, 
EP, 80, 2014042912, 03, BAMD,  84, 331N,  758W,   0,    0,   ,   0,    ,    0,    0,    0,    0, 
EP, 80, 2014042912, 03, BAMD,  96, 370N,  647W,   0,    0,   ,   0,    ,    0,    0,    0,    0, 
EP, 80, 2014042912, 03, BAMD, 108, 391N,  512W,   0,    0,   ,   0,    ,    0,    0,    0,    0, 
EP, 80, 2014042912, 03, BAMD, 120, 388N,  379W,   0,    0,   ,   0,    ,    0,    0,    0,    0, 
EP, 80, 2014042912, 03, BAMD, 132, 378N,  273W,   0,    0,   ,   0,    ,    0,    0,    0,    0, 
EP, 80, 2014042912, 03, BAMD, 144, 363N,  209W,   0,    0,   ,   0,    ,    0,    0,    0,    0, 
EP, 80, 2014042912, 03, BAMD, 156, 345N,  183W,   0,    0,   ,   0,    ,    0,    0,    0,    0, 
EP, 80, 2014042912, 03, BAMD, 168, 325N,  178W,   0,    0,   ,   0,    ,    0,    0,    0,    0, 
EP, 80, 2014042912, 03, BAMM,  12, 157N, 1051W,   0,    0,   ,   0,    ,    0,    0,    0,    0, 
EP, 80, 2014042912, 03, BAMM,  24, 169N, 1047W,   0,    0,   ,   0,    ,    0,    0,    0,    0, 
EP, 80, 2014042912, 03, BAMM,  36, 185N, 1033W,   0,    0,   ,   0,    ,    0,    0,    0,    0, 
EP, 80, 2014042912, 03, BAMM,  48, 205N, 1011W,   0,    0,   ,   0,    ,    0,    0,    0,    0, 
EP, 80, 2014042912, 03, BAMM,  60, 229N,  978W,   0,    0,   ,   0,    ,    0,    0,    0,    0, 
EP, 80, 2014042912, 03, BAMM,  72, 252N,  936W,   0,    0,   ,   0,    ,    0,    0,    0,    0, 
EP, 80, 2014042912, 03, BAMM,  84, 282N,  881W,   0,    0,   ,   0,    ,    0,    0,    0,    0, 
EP, 80, 2014042912, 03, BAMM,  96, 311N,  817W,   0,    0,   ,   0,    ,    0,    0,    0,    0, 
EP, 80, 2014042912, 03, BAMM, 108, 335N,  744W,   0,    0,   ,   0,    ,    0,    0,    0,    0, 
EP, 80, 2014042912, 03, BAMM, 120, 356N,  658W,   0,    0,   ,   0,    ,    0,    0,    0,    0, 
EP, 80, 2014042912, 03, BAMM, 132, 382N,  570W,   0,    0,   ,   0,    ,    0,    0,    0,    0, 
EP, 80, 2014042912, 03, BAMM, 144, 414N,  491W,   0,    0,   ,   0,    ,    0,    0,    0,    0, 
EP, 80, 2014042912, 03, BAMM, 156, 440N,  419W,   0,    0,   ,   0,    ,    0,    0,    0,    0, 
EP, 80, 2014042912, 03, BAMM, 168, 455N,  336W,   0,    0,   ,   0,    ,    0,    0,    0,    0, 
EP, 80, 2014042912, 03, BAMS,  12, 155N, 1051W,   0,    0,   ,   0,    ,    0,    0,    0,    0, 
EP, 80, 2014042912, 03, BAMS,  24, 160N, 1050W,   0,    0,   ,   0,    ,    0,    0,    0,    0, 
EP, 80, 2014042912, 03, BAMS,  36, 167N, 1047W,   0,    0,   ,   0,    ,    0,    0,    0,    0, 
EP, 80, 2014042912, 03, BAMS,  48, 172N, 1042W,   0,    0,   ,   0,    ,    0,    0,    0,    0, 
EP, 80, 2014042912, 03, BAMS,  60, 178N, 1035W,   0,    0,   ,   0,    ,    0,    0,    0,    0, 
EP, 80, 2014042912, 03, BAMS,  72, 182N, 1023W,   0,    0,   ,   0,    ,    0,    0,    0,    0, 
EP, 80, 2014042912, 03, BAMS,  84, 184N, 1014W,   0,    0,   ,   0,    ,    0,    0,    0,    0, 
EP, 80, 2014042912, 03, BAMS,  96, 184N, 1009W,   0,    0,   ,   0,    ,    0,    0,    0,    0, 
EP, 80, 2014042912, 03, BAMS, 108, 186N, 1010W,   0,    0,   ,   0,    ,    0,    0,    0,    0, 
EP, 80, 2014042912, 03, BAMS, 120, 189N, 1011W,   0,    0,   ,   0,    ,    0,    0,    0,    0, 
EP, 80, 2014042912, 03, BAMS, 132, 191N, 1012W,   0,    0,   ,   0,    ,    0,    0,    0,    0, 
EP, 80, 2014042912, 03, BAMS, 144, 191N, 1012W,   0,    0,   ,   0,    ,    0,    0,    0,    0, 
EP, 80, 2014042912, 03, BAMS, 156, 191N, 1007W,   0,    0,   ,   0,    ,    0,    0,    0,    0, 
EP, 80, 2014042912, 03, BAMS, 168, 189N,  998W,   0,    0,   ,   0,    ,    0,    0,    0,    0, 
EP, 80, 2014042912, 03, CLIP,  12, 152N, 1063W,   0,    0,   ,   0,    ,    0,    0,    0,    0, 
EP, 80, 2014042912, 03, CLIP,  24, 154N, 1074W,   0,    0,   ,   0,    ,    0,    0,    0,    0, 
EP, 80, 2014042912, 03, CLIP,  36, 157N, 1083W,   0,    0,   ,   0,    ,    0,    0,    0,    0, 
EP, 80, 2014042912, 03, CLIP,  48, 160N, 1093W,   0,    0,   ,   0,    ,    0,    0,    0,    0, 
EP, 80, 2014042912, 03, CLIP,  60, 154N, 1109W,   0,    0,   ,   0,    ,    0,    0,    0,    0, 
EP, 80, 2014042912, 03, CLIP,  72, 140N, 1128W,   0,    0,   ,   0,    ,    0,    0,    0,    0, 
EP, 80, 2014042912, 03, CLP5,  12, 152N, 1065W,   0,    0,   ,   0,    ,    0,    0,    0,    0, 
EP, 80, 2014042912, 03, CLP5,  24, 156N, 1080W,   0,    0,   ,   0,    ,    0,    0,    0,    0, 
EP, 80, 2014042912, 03, CLP5,  36, 160N, 1096W,   0,    0,   ,   0,    ,    0,    0,    0,    0, 
EP, 80, 2014042912, 03, CLP5,  48, 164N, 1108W,   0,    0,   ,   0,    ,    0,    0,    0,    0, 
EP, 80, 2014042912, 03, CLP5,  60, 170N, 1125W,   0,    0,   ,   0,    ,    0,    0,    0,    0, 
EP, 80, 2014042912, 03, CLP5,  72, 175N, 1142W,   0,    0,   ,   0,    ,    0,    0,    0,    0, 
EP, 80, 2014042912, 03, CLP5,  84, 176N, 1155W,   0,    0,   ,   0,    ,    0,    0,    0,    0, 
EP, 80, 2014042912, 03, CLP5,  96, 180N, 1168W,   0,    0,   ,   0,    ,    0,    0,    0,    0, 
EP, 80, 2014042912, 03, CLP5, 108, 185N, 1186W,   0,    0,   ,   0,    ,    0,    0,    0,    0, 
EP, 80, 2014042912, 03, CLP5, 120, 189N, 1203W,   0,    0,   ,   0,    ,    0,    0,    0,    0, 
EP, 80, 2014042912, 03, DSHP,   0, 150N, 1050W,  25,    0, TD,   0,    ,    0,    0,    0,    0, 
EP, 80, 2014042912, 03, DSHP,  12, 157N, 1051W,  22,    0, TD,   0,    ,    0,    0,    0,    0, 
EP, 80, 2014042912, 03, DSHP,  24, 169N, 1047W,  19,    0, TD,   0,    ,    0,    0,    0,    0, 
EP, 80, 2014042912, 03, DSHP,  36, 185N, 1033W,  16,    0, TD,   0,    ,    0,    0,    0,    0, 
EP, 80, 2014042912, 03, LBAR,   0, 150N, 1050W,  25,    0,   ,   0,    ,    0,    0,    0,    0, 
EP, 80, 2014042912, 03, LBAR,  12, 156N, 1049W,   0,    0,   ,   0,    ,    0,    0,    0,    0, 
EP, 80, 2014042912, 03, LBAR,  24, 165N, 1044W,   0,    0,   ,   0,    ,    0,    0,    0,    0, 
EP, 80, 2014042912, 03, LBAR,  36, 178N, 1029W,   0,    0,   ,   0,    ,    0,    0,    0,    0, 
EP, 80, 2014042912, 03, LBAR,  48, 193N, 1006W,   0,    0,   ,   0,    ,    0,    0,    0,    0, 
EP, 80, 2014042912, 03, LBAR,  60, 214N,  972W,   0,    0,   ,   0,    ,    0,    0,    0,    0, 
EP, 80, 2014042912, 03, LBAR,  72, 233N,  925W,   0,    0,   ,   0,    ,    0,    0,    0,    0, 
EP, 80, 2014042912, 03, LBAR,  84, 240N,  883W,   0,    0,   ,   0,    ,    0,    0,    0,    0, 
EP, 80, 2014042912, 03, LBAR,  96, 234N,  854W,   0,    0,   ,   0,    ,    0,    0,    0,    0, 
EP, 80, 2014042912, 03, LBAR, 108, 215N,  868W,   0,    0,   ,   0,    ,    0,    0,    0,    0, 
EP, 80, 2014042912, 03, LBAR, 120, 219N,  896W,   0,    0,   ,   0,    ,    0,    0,    0,    0, 
EP, 80, 2014042912, 03, LGEM,   0, 150N, 1050W,  25,    0, TD,   0,    ,    0,    0,    0,    0, 
EP, 80, 2014042912, 03, LGEM,  12, 157N, 1051W,  23,    0, TD,   0,    ,    0,    0,    0,    0, 
EP, 80, 2014042912, 03, LGEM,  24, 169N, 1047W,  20,    0, TD,   0,    ,    0,    0,    0,    0, 
EP, 80, 2014042912, 03, LGEM,  36, 185N, 1033W,  16,    0, TD,   0,    ,    0,    0,    0,    0, 
EP, 80, 2014042912, 03, LGEM,  48, 205N, 1011W,  23,    0, TD,   0,    ,    0,    0,    0,    0, 
EP, 80, 2014042912, 03, LGEM,  60, 229N,  978W,  26,    0, EX,   0,    ,    0,    0,    0,    0, 
EP, 80, 2014042912, 03, LGEM,  72, 252N,  936W,  21,    0, EX,   0,    ,    0,    0,    0,    0, 
EP, 80, 2014042912, 03, LGEM,  84, 282N,  881W,  16,    0, EX,   0,    ,    0,    0,    0,    0, 
EP, 80, 2014042912, 03, OCD5,   0, 150N, 1050W,  25,    0,   ,   0,    ,    0,    0,    0,    0, 
EP, 80, 2014042912, 03, OCD5,  12, 152N, 1065W,  25,    0,   ,   0,    ,    0,    0,    0,    0, 
EP, 80, 2014042912, 03, OCD5,  24, 156N, 1080W,  25,    0,   ,   0,    ,    0,    0,    0,    0, 
EP, 80, 2014042912, 03, OCD5,  36, 160N, 1096W,  26,    0,   ,   0,    ,    0,    0,    0,    0, 
EP, 80, 2014042912, 03, OCD5,  48, 164N, 1108W,  25,    0,   ,   0,    ,    0,    0,    0,    0, 
EP, 80, 2014042912, 03, OCD5,  60, 170N, 1125W,  26,    0,   ,   0,    ,    0,    0,    0,    0, 
EP, 80, 2014042912, 03, OCD5,  72, 175N, 1142W,  26,    0,   ,   0,    ,    0,    0,    0,    0, 
EP, 80, 2014042912, 03, OCD5,  84, 176N, 1155W,  27,    0,   ,   0,    ,    0,    0,    0,    0, 
EP, 80, 2014042912, 03, OCD5,  96, 180N, 1168W,  28,    0,   ,   0,    ,    0,    0,    0,    0, 
EP, 80, 2014042912, 03, OCD5, 108, 185N, 1186W,  28,    0,   ,   0,    ,    0,    0,    0,    0, 
EP, 80, 2014042912, 03, OCD5, 120, 189N, 1203W,  34,    0,   ,   0,    ,    0,    0,    0,    0, 
EP, 80, 2014042912, 03, SHF5,   0,   0N,    0W,  25,    0,   ,   0,    ,    0,    0,    0,    0, 
EP, 80, 2014042912, 03, SHF5,  12,   0N,    0W,  25,    0,   ,   0,    ,    0,    0,    0,    0, 
EP, 80, 2014042912, 03, SHF5,  24,   0N,    0W,  25,    0,   ,   0,    ,    0,    0,    0,    0, 
EP, 80, 2014042912, 03, SHF5,  36,   0N,    0W,  26,    0,   ,   0,    ,    0,    0,    0,    0, 
EP, 80, 2014042912, 03, SHF5,  48,   0N,    0W,  25,    0,   ,   0,    ,    0,    0,    0,    0, 
EP, 80, 2014042912, 03, SHF5,  60,   0N,    0W,  26,    0,   ,   0,    ,    0,    0,    0,    0, 
EP, 80, 2014042912, 03, SHF5,  72,   0N,    0W,  26,    0,   ,   0,    ,    0,    0,    0,    0, 
EP, 80, 2014042912, 03, SHF5,  84,   0N,    0W,  27,    0,   ,   0,    ,    0,    0,    0,    0, 
EP, 80, 2014042912, 03, SHF5,  96,   0N,    0W,  28,    0,   ,   0,    ,    0,    0,    0,    0, 
EP, 80, 2014042912, 03, SHF5, 108,   0N,    0W,  28,    0,   ,   0,    ,    0,    0,    0,    0, 
EP, 80, 2014042912, 03, SHF5, 120,   0N,    0W,  34,    0,   ,   0,    ,    0,    0,    0,    0, 
EP, 80, 2014042912, 03, SHFR,  12,   0N,    0W,  28,    0,   ,   0,    ,    0,    0,    0,    0, 
EP, 80, 2014042912, 03, SHFR,  24,   0N,    0W,  33,    0,   ,   0,    ,    0,    0,    0,    0, 
EP, 80, 2014042912, 03, SHFR,  36,   0N,    0W,  37,    0,   ,   0,    ,    0,    0,    0,    0, 
EP, 80, 2014042912, 03, SHFR,  48,   0N,    0W,  41,    0,   ,   0,    ,    0,    0,    0,    0, 
EP, 80, 2014042912, 03, SHFR,  60,   0N,    0W,  44,    0,   ,   0,    ,    0,    0,    0,    0, 
EP, 80, 2014042912, 03, SHFR,  72,   0N,    0W,  46,    0,   ,   0,    ,    0,    0,    0,    0, 
EP, 80, 2014042912, 03, SHIP,   0, 150N, 1050W,  25,    0, TD,   0,    ,    0,    0,    0,    0, 
EP, 80, 2014042912, 03, SHIP,  12, 157N, 1051W,  22,    0, TD,   0,    ,    0,    0,    0,    0, 
EP, 80, 2014042912, 03, SHIP,  24, 169N, 1047W,  19,    0, TD,   0,    ,    0,    0,    0,    0, 
EP, 80, 2014042912, 03, SHIP,  36, 185N, 1033W,  15,    0, TD,   0,    ,    0,    0,    0,    0, 
EP, 80, 2014042912, 03, XTRP,   0, 150N, 1050W,   0,    0,   ,   0,    ,    0,    0,    0,    0, 
EP, 80, 2014042912, 03, XTRP,  12, 152N, 1064W,   0,    0,   ,   0,    ,    0,    0,    0,    0, 
EP, 80, 2014042912, 03, XTRP,  24, 154N, 1079W,   0,    0,   ,   0,    ,    0,    0,    0,    0, 
EP, 80, 2014042912, 03, XTRP,  36, 156N, 1094W,   0,    0,   ,   0,    ,    0,    0,    0,    0, 
EP, 80, 2014042912, 03, XTRP,  48, 158N, 1109W,   0,    0,   ,   0,    ,    0,    0,    0,    0, 
EP, 80, 2014042912, 03, XTRP,  60, 160N, 1124W,   0,    0,   ,   0,    ,    0,    0,    0,    0, 
EP, 80, 2014042912, 03, XTRP,  72, 162N, 1139W,   0,    0,   ,   0,    ,    0,    0,    0,    0, 
EP, 80, 2014042912, 03, XTRP,  84, 164N, 1154W,   0,    0,   ,   0,    ,    0,    0,    0,    0, 
EP, 80, 2014042912, 03, XTRP,  96, 166N, 1169W,   0,    0,   ,   0,    ,    0,    0,    0,    0, 
EP, 80, 2014042912, 03, XTRP, 108, 168N, 1185W,   0,    0,   ,   0,    ,    0,    0,    0,    0, 
EP, 80, 2014042912, 03, XTRP, 120, 170N, 1200W,   0,    0,   ,   0,    ,    0,    0,    0,    0, 
EP, 80, 2014042912, 03, XTRP, 132, 172N, 1215W,   0,    0,   ,   0,    ,    0,    0,    0,    0, 
EP, 80, 2014042912, 03, XTRP, 144, 174N, 1230W,   0,    0,   ,   0,    ,    0,    0,    0,    0, 
EP, 80, 2014042912, 03, XTRP, 156, 176N, 1245W,   0,    0,   ,   0,    ,    0,    0,    0,    0, 
EP, 80, 2014042912, 03, XTRP, 168, 179N, 1261W,   0,    0,   ,   0,    ,    0,    0,    0,    0, 
EP, 80, 2014043006, 01, CARQ, -24, 149N, 1043W,  25,    0, TD,  34, AAA,    0,    0,    0,    0,    0,    0,   0,   0,   0,   E,   0,   X,   0,   0,       TEST,  , 
EP, 80, 2014043006, 01, CARQ, -18, 150N, 1050W,  25,    0, TD,  34, AAA,    0,    0,    0,    0,    0,    0,   0,   0,   0,   E,   0,   X,   0,   0,       TEST,  , 
EP, 80, 2014043006, 01, CARQ, -12, 151N, 1054W,  25,    0, TD,  34, AAA,    0,    0,    0,    0,    0,    0,   0,   0,   0,   E,   0,   X, 285,   4,       TEST,  , 
EP, 80, 2014043006, 01, CARQ,  -6, 152N, 1058W,  25,    0, TD,  34, AAA,    0,    0,    0,    0,    0,    0,   0,   0,   0,   E,   0,   X,   0,   0,       TEST,  , 
EP, 80, 2014043006, 01, CARQ,   0, 153N, 1063W,  25, 1004, TD,  34, NEQ,    0,    0,    0,    0, 1008,  150,   0,   0,   0,   E,   0,   X, 285,   4,       TEST, S, 
EP, 80, 2014043006, 01, CARQ,   0, 153N, 1063W,  25, 1004, TD,  50, NEQ,    0,    0,    0,    0, 1008,  150,   0,   0,   0,   E,   0,   X, 285,   4,       TEST, S, 
EP, 80, 2014043006, 01, CARQ,   0, 153N, 1063W,  25, 1004, TD,  64, NEQ,    0,    0,    0,    0, 1008,  150,   0,   0,   0,   E,   0,   X, 285,   4,       TEST, S, 
EP, 80, 2014043006, 03, BAMD,  12, 175N, 1036W,   0,    0,   ,   0,    ,    0,    0,    0,    0, 
EP, 80, 2014043006, 03, BAMD,  24, 203N,  998W,   0,    0,   ,   0,    ,    0,    0,    0,    0, 
EP, 80, 2014043006, 03, BAMD,  36, 237N,  947W,   0,    0,   ,   0,    ,    0,    0,    0,    0, 
EP, 80, 2014043006, 03, BAMD,  48, 275N,  881W,   0,    0,   ,   0,    ,    0,    0,    0,    0, 
EP, 80, 2014043006, 03, BAMD,  60, 319N,  797W,   0,    0,   ,   0,    ,    0,    0,    0,    0, 
EP, 80, 2014043006, 03, BAMD,  72, 363N,  688W,   0,    0,   ,   0,    ,    0,    0,    0,    0, 
EP, 80, 2014043006, 03, BAMD,  84, 393N,  549W,   0,    0,   ,   0,    ,    0,    0,    0,    0, 
EP, 80, 2014043006, 03, BAMD,  96, 401N,  396W,   0,    0,   ,   0,    ,    0,    0,    0,    0, 
EP, 80, 2014043006, 03, BAMD, 108, 403N,  271W,   0,    0,   ,   0,    ,    0,    0,    0,    0, 
EP, 80, 2014043006, 03, BAMD, 120, 403N,  191W,   0,    0,   ,   0,    ,    0,    0,    0,    0, 
EP, 80, 2014043006, 03, BAMD, 132, 400N,  140W,   0,    0,   ,   0,    ,    0,    0,    0,    0, 
EP, 80, 2014043006, 03, BAMD, 144, 397N,  102W,   0,    0,   ,   0,    ,    0,    0,    0,    0, 
EP, 80, 2014043006, 03, BAMD, 156, 397N,   62W,   0,    0,   ,   0,    ,    0,    0,    0,    0, 
EP, 80, 2014043006, 03, BAMD, 168, 393N,   13W,   0,    0,   ,   0,    ,    0,    0,    0,    0, 
EP, 80, 2014043006, 03, BAMM,  12, 170N, 1058W,   0,    0,   ,   0,    ,    0,    0,    0,    0, 
EP, 80, 2014043006, 03, BAMM,  24, 192N, 1039W,   0,    0,   ,   0,    ,    0,    0,    0,    0, 
EP, 80, 2014043006, 03, BAMM,  36, 216N, 1007W,   0,    0,   ,   0,    ,    0,    0,    0,    0, 
EP, 80, 2014043006, 03, BAMM,  48, 240N,  961W,   0,    0,   ,   0,    ,    0,    0,    0,    0, 
EP, 80, 2014043006, 03, BAMM,  60, 267N,  908W,   0,    0,   ,   0,    ,    0,    0,    0,    0, 
EP, 80, 2014043006, 03, BAMM,  72, 298N,  841W,   0,    0,   ,   0,    ,    0,    0,    0,    0, 
EP, 80, 2014043006, 03, BAMM,  84, 326N,  763W,   0,    0,   ,   0,    ,    0,    0,    0,    0, 
EP, 80, 2014043006, 03, BAMM,  96, 348N,  671W,   0,    0,   ,   0,    ,    0,    0,    0,    0, 
EP, 80, 2014043006, 03, BAMM, 108, 367N,  572W,   0,    0,   ,   0,    ,    0,    0,    0,    0, 
EP, 80, 2014043006, 03, BAMM, 120, 388N,  476W,   0,    0,   ,   0,    ,    0,    0,    0,    0, 
EP, 80, 2014043006, 03, BAMM, 132, 410N,  379W,   0,    0,   ,   0,    ,    0,    0,    0,    0, 
EP, 80, 2014043006, 03, BAMM, 144, 422N,  279W,   0,    0,   ,   0,    ,    0,    0,    0,    0, 
EP, 80, 2014043006, 03, BAMM, 156, 415N,  199W,   0,    0,   ,   0,    ,    0,    0,    0,    0, 
EP, 80, 2014043006, 03, BAMM, 168, 399N,  163W,   0,    0,   ,   0,    ,    0,    0,    0,    0, 
EP, 80, 2014043006, 03, BAMS,  12, 162N, 1065W,   0,    0,   ,   0,    ,    0,    0,    0,    0, 
EP, 80, 2014043006, 03, BAMS,  24, 171N, 1065W,   0,    0,   ,   0,    ,    0,    0,    0,    0, 
EP, 80, 2014043006, 03, BAMS,  36, 181N, 1062W,   0,    0,   ,   0,    ,    0,    0,    0,    0, 
EP, 80, 2014043006, 03, BAMS,  48, 193N, 1049W,   0,    0,   ,   0,    ,    0,    0,    0,    0, 
EP, 80, 2014043006, 03, BAMS,  60, 203N, 1035W,   0,    0,   ,   0,    ,    0,    0,    0,    0, 
EP, 80, 2014043006, 03, BAMS,  72, 209N, 1026W,   0,    0,   ,   0,    ,    0,    0,    0,    0, 
EP, 80, 2014043006, 03, BAMS,  84, 213N, 1027W,   0,    0,   ,   0,    ,    0,    0,    0,    0, 
EP, 80, 2014043006, 03, BAMS,  96, 221N, 1028W,   0,    0,   ,   0,    ,    0,    0,    0,    0, 
EP, 80, 2014043006, 03, BAMS, 108, 229N, 1030W,   0,    0,   ,   0,    ,    0,    0,    0,    0, 
EP, 80, 2014043006, 03, BAMS, 120, 234N, 1030W,   0,    0,   ,   0,    ,    0,    0,    0,    0, 
EP, 80, 2014043006, 03, BAMS, 132, 240N, 1030W,   0,    0,   ,   0,    ,    0,    0,    0,    0, 
EP, 80, 2014043006, 03, BAMS, 144, 247N, 1024W,   0,    0,   ,   0,    ,    0,    0,    0,    0, 
EP, 80, 2014043006, 03, BAMS, 156, 259N, 1012W,   0,    0,   ,   0,    ,    0,    0,    0,    0, 
EP, 80, 2014043006, 03, BAMS, 168, 277N,  995W,   0,    0,   ,   0,    ,    0,    0,    0,    0, 
EP, 80, 2014043006, 03, CLIP,  12, 155N, 1070W,   0,    0,   ,   0,    ,    0,    0,    0,    0, 
EP, 80, 2014043006, 03, CLIP,  24, 157N, 1076W,   0,    0,   ,   0,    ,    0,    0,    0,    0, 
EP, 80, 2014043006, 03, CLIP,  36, 159N, 1081W,   0,    0,   ,   0,    ,    0,    0,    0,    0, 
EP, 80, 2014043006, 03, CLIP,  48, 162N, 1086W,   0,    0,   ,   0,    ,    0,    0,    0,    0, 
EP, 80, 2014043006, 03, CLIP,  60, 155N, 1097W,   0,    0,   ,   0,    ,    0,    0,    0,    0, 
EP, 80, 2014043006, 03, CLIP,  72, 141N, 1113W,   0,    0,   ,   0,    ,    0,    0,    0,    0, 
EP, 80, 2014043006, 03, CLP5,  12, 156N, 1072W,   0,    0,   ,   0,    ,    0,    0,    0,    0, 
EP, 80, 2014043006, 03, CLP5,  24, 160N, 1083W,   0,    0,   ,   0,    ,    0,    0,    0,    0, 
EP, 80, 2014043006, 03, CLP5,  36, 164N, 1095W,   0,    0,   ,   0,    ,    0,    0,    0,    0, 
EP, 80, 2014043006, 03, CLP5,  48, 168N, 1103W,   0,    0,   ,   0,    ,    0,    0,    0,    0, 
EP, 80, 2014043006, 03, CLP5,  60, 174N, 1116W,   0,    0,   ,   0,    ,    0,    0,    0,    0, 
EP, 80, 2014043006, 03, CLP5,  72, 178N, 1130W,   0,    0,   ,   0,    ,    0,    0,    0,    0, 
EP, 80, 2014043006, 03, CLP5,  84, 179N, 1141W,   0,    0,   ,   0,    ,    0,    0,    0,    0, 
EP, 80, 2014043006, 03, CLP5,  96, 184N, 1150W,   0,    0,   ,   0,    ,    0,    0,    0,    0, 
EP, 80, 2014043006, 03, CLP5, 108, 188N, 1165W,   0,    0,   ,   0,    ,    0,    0,    0,    0, 
EP, 80, 2014043006, 03, CLP5, 120, 192N, 1178W,   0,    0,   ,   0,    ,    0,    0,    0,    0, 
EP, 80, 2014043006, 03, DSHP,   0, 153N, 1063W,  25,    0, TD,   0,    ,    0,    0,    0,    0, 
EP, 80, 2014043006, 03, DSHP,  12, 170N, 1058W,  21,    0, TD,   0,    ,    0,    0,    0,    0, 
EP, 80, 2014043006, 03, DSHP,  24, 192N, 1039W,  18,    0, TD,   0,    ,    0,    0,    0,    0, 
EP, 80, 2014043006, 03, LBAR,   0, 153N, 1063W,  25,    0,   ,   0,    ,    0,    0,    0,    0, 
EP, 80, 2014043006, 03, LBAR,  12, 166N, 1053W,   0,    0,   ,   0,    ,    0,    0,    0,    0, 
EP, 80, 2014043006, 03, LBAR,  24, 185N, 1038W,   0,    0,   ,   0,    ,    0,    0,    0,    0, 
EP, 80, 2014043006, 03, LBAR,  36, 203N, 1011W,   0,    0,   ,   0,    ,    0,    0,    0,    0, 
EP, 80, 2014043006, 03, LBAR,  48, 228N,  972W,   0,    0,   ,   0,    ,    0,    0,    0,    0, 
EP, 80, 2014043006, 03, LBAR,  60, 254N,  918W,   0,    0,   ,   0,    ,    0,    0,    0,    0, 
EP, 80, 2014043006, 03, LBAR,  72, 280N,  853W,   0,    0,   ,   0,    ,    0,    0,    0,    0, 
EP, 80, 2014043006, 03, LBAR,  84, 293N,  786W,   0,    0,   ,   0,    ,    0,    0,    0,    0, 
EP, 80, 2014043006, 03, LGEM,   0, 153N, 1063W,  25,    0, TD,   0,    ,    0,    0,    0,    0, 
EP, 80, 2014043006, 03, LGEM,  12, 170N, 1058W,  22,    0, TD,   0,    ,    0,    0,    0,    0, 
EP, 80, 2014043006, 03, LGEM,  24, 192N, 1039W,  18,    0, TD,   0,    ,    0,    0,    0,    0, 
EP, 80, 2014043006, 03, LGEM,  36, 216N, 1007W,  24,    0, TD,   0,    ,    0,    0,    0,    0, 
EP, 80, 2014043006, 03, LGEM,  48, 240N,  961W,  25,    0, EX,   0,    ,    0,    0,    0,    0, 
EP, 80, 2014043006, 03, LGEM,  60, 267N,  908W,  18,    0, EX,   0,    ,    0,    0,    0,    0, 
EP, 80, 2014043006, 03, OCD5,   0, 153N, 1063W,  25,    0,   ,   0,    ,    0,    0,    0,    0, 
EP, 80, 2014043006, 03, OCD5,  12, 156N, 1072W,  25,    0,   ,   0,    ,    0,    0,    0,    0, 
EP, 80, 2014043006, 03, OCD5,  24, 160N, 1083W,  24,    0,   ,   0,    ,    0,    0,    0,    0, 
EP, 80, 2014043006, 03, OCD5,  36, 164N, 1095W,  25,    0,   ,   0,    ,    0,    0,    0,    0, 
EP, 80, 2014043006, 03, OCD5,  48, 168N, 1103W,  23,    0,   ,   0,    ,    0,    0,    0,    0, 
EP, 80, 2014043006, 03, OCD5,  60, 174N, 1116W,  24,    0,   ,   0,    ,    0,    0,    0,    0, 
EP, 80, 2014043006, 03, OCD5,  72, 178N, 1130W,  24,    0,   ,   0,    ,    0,    0,    0,    0, 
EP, 80, 2014043006, 03, OCD5,  84, 179N, 1141W,  25,    0,   ,   0,    ,    0,    0,    0,    0, 
EP, 80, 2014043006, 03, OCD5,  96, 184N, 1150W,  26,    0,   ,   0,    ,    0,    0,    0,    0, 
EP, 80, 2014043006, 03, OCD5, 108, 188N, 1165W,  26,    0,   ,   0,    ,    0,    0,    0,    0, 
EP, 80, 2014043006, 03, OCD5, 120, 192N, 1178W,  33,    0,   ,   0,    ,    0,    0,    0,    0, 
EP, 80, 2014043006, 03, SHF5,   0,   0N,    0W,  25,    0,   ,   0,    ,    0,    0,    0,    0, 
EP, 80, 2014043006, 03, SHF5,  12,   0N,    0W,  25,    0,   ,   0,    ,    0,    0,    0,    0, 
EP, 80, 2014043006, 03, SHF5,  24,   0N,    0W,  24,    0,   ,   0,    ,    0,    0,    0,    0, 
EP, 80, 2014043006, 03, SHF5,  36,   0N,    0W,  25,    0,   ,   0,    ,    0,    0,    0,    0, 
EP, 80, 2014043006, 03, SHF5,  48,   0N,    0W,  23,    0,   ,   0,    ,    0,    0,    0,    0, 
EP, 80, 2014043006, 03, SHF5,  60,   0N,    0W,  24,    0,   ,   0,    ,    0,    0,    0,    0, 
EP, 80, 2014043006, 03, SHF5,  72,   0N,    0W,  24,    0,   ,   0,    ,    0,    0,    0,    0, 
EP, 80, 2014043006, 03, SHF5,  84,   0N,    0W,  25,    0,   ,   0,    ,    0,    0,    0,    0, 
EP, 80, 2014043006, 03, SHF5,  96,   0N,    0W,  26,    0,   ,   0,    ,    0,    0,    0,    0, 
EP, 80, 2014043006, 03, SHF5, 108,   0N,    0W,  26,    0,   ,   0,    ,    0,    0,    0,    0, 
EP, 80, 2014043006, 03, SHF5, 120,   0N,    0W,  33,    0,   ,   0,    ,    0,    0,    0,    0, 
EP, 80, 2014043006, 03, SHFR,  12,   0N,    0W,  28,    0,   ,   0,    ,    0,    0,    0,    0, 
EP, 80, 2014043006, 03, SHFR,  24,   0N,    0W,  32,    0,   ,   0,    ,    0,    0,    0,    0, 
EP, 80, 2014043006, 03, SHFR,  36,   0N,    0W,  36,    0,   ,   0,    ,    0,    0,    0,    0, 
EP, 80, 2014043006, 03, SHFR,  48,   0N,    0W,  40,    0,   ,   0,    ,    0,    0,    0,    0, 
EP, 80, 2014043006, 03, SHFR,  60,   0N,    0W,  43,    0,   ,   0,    ,    0,    0,    0,    0, 
EP, 80, 2014043006, 03, SHFR,  72,   0N,    0W,  45,    0,   ,   0,    ,    0,    0,    0,    0, 
EP, 80, 2014043006, 03, SHIP,   0, 153N, 1063W,  25,    0, TD,   0,    ,    0,    0,    0,    0, 
EP, 80, 2014043006, 03, SHIP,  12, 170N, 1058W,  21,    0, TD,   0,    ,    0,    0,    0,    0, 
EP, 80, 2014043006, 03, SHIP,  24, 192N, 1039W,  18,    0, TD,   0,    ,    0,    0,    0,    0, 
EP, 80, 2014043006, 03, XTRP,   0, 153N, 1063W,   0,    0,   ,   0,    ,    0,    0,    0,    0, 
EP, 80, 2014043006, 03, XTRP,  12, 155N, 1071W,   0,    0,   ,   0,    ,    0,    0,    0,    0, 
EP, 80, 2014043006, 03, XTRP,  24, 157N, 1080W,   0,    0,   ,   0,    ,    0,    0,    0,    0, 
EP, 80, 2014043006, 03, XTRP,  36, 159N, 1089W,   0,    0,   ,   0,    ,    0,    0,    0,    0, 
EP, 80, 2014043006, 03, XTRP,  48, 161N, 1098W,   0,    0,   ,   0,    ,    0,    0,    0,    0, 
EP, 80, 2014043006, 03, XTRP,  60, 163N, 1107W,   0,    0,   ,   0,    ,    0,    0,    0,    0, 
EP, 80, 2014043006, 03, XTRP,  72, 165N, 1116W,   0,    0,   ,   0,    ,    0,    0,    0,    0, 
EP, 80, 2014043006, 03, XTRP,  84, 167N, 1125W,   0,    0,   ,   0,    ,    0,    0,    0,    0, 
EP, 80, 2014043006, 03, XTRP,  96, 169N, 1134W,   0,    0,   ,   0,    ,    0,    0,    0,    0, 
EP, 80, 2014043006, 03, XTRP, 108, 171N, 1143W,   0,    0,   ,   0,    ,    0,    0,    0,    0, 
EP, 80, 2014043006, 03, XTRP, 120, 173N, 1153W,   0,    0,   ,   0,    ,    0,    0,    0,    0, 
EP, 80, 2014043006, 03, XTRP, 132, 175N, 1162W,   0,    0,   ,   0,    ,    0,    0,    0,    0, 
EP, 80, 2014043006, 03, XTRP, 144, 177N, 1171W,   0,    0,   ,   0,    ,    0,    0,    0,    0, 
EP, 80, 2014043006, 03, XTRP, 156, 179N, 1180W,   0,    0,   ,   0,    ,    0,    0,    0,    0, 
EP, 80, 2014043006, 03, XTRP, 168, 181N, 1189W,   0,    0,   ,   0,    ,    0,    0,    0,    0, 
EP, 80, 2014043012, 01, CARQ, -24,  94N, 1003W,  20,    0, DB,  34, AAA,    0,    0,    0,    0,    0,    0,   0,   0,   0,   E,   0,   X,   0,   0,     NONAME,  , 
EP, 80, 2014043012, 01, CARQ, -18,  95N, 1017W,  20,    0, DB,  34, AAA,    0,    0,    0,    0,    0,    0,   0,   0,   0,   E,   0,   X,   0,   0,     NONAME,  , 
EP, 80, 2014043012, 01, CARQ, -12,  95N, 1029W,  20,    0, DB,  34, AAA,    0,    0,    0,    0,    0,    0,   0,   0,   0,   E,   0,   X, 275,  11,     NONAME,  , 
EP, 80, 2014043012, 01, CARQ,  -6,  97N, 1040W,  20,    0, DB,  34, AAA,    0,    0,    0,    0,    0,    0,   0,   0,   0,   E,   0,   X,   0,   0,     NONAME,  , 
EP, 80, 2014043012, 01, CARQ,   0, 100N, 1050W,  20, 1009, DB,  34, NEQ,    0,    0,    0,    0, 1010,  150,   0,   0,   0,   E,   0,   X, 280,  11,     NONAME, S, 
EP, 80, 2014043012, 01, CARQ,   0, 100N, 1050W,  20, 1009, DB,  50, NEQ,    0,    0,    0,    0, 1010,  150,   0,   0,   0,   E,   0,   X, 280,  11,     NONAME, S, 
EP, 80, 2014043012, 01, CARQ,   0, 100N, 1050W,  20, 1009, DB,  64, NEQ,    0,    0,    0,    0, 1010,  150,   0,   0,   0,   E,   0,   X, 280,  11,     NONAME, S, 
EP, 80, 2014043012, 03, BAMD,  12, 108N, 1053W,   0,    0,   ,   0,    ,    0,    0,    0,    0, 
EP, 80, 2014043012, 03, BAMD,  24, 115N, 1050W,   0,    0,   ,   0,    ,    0,    0,    0,    0, 
EP, 80, 2014043012, 03, BAMD,  36, 122N, 1041W,   0,    0,   ,   0,    ,    0,    0,    0,    0, 
EP, 80, 2014043012, 03, BAMD,  48, 127N, 1028W,   0,    0,   ,   0,    ,    0,    0,    0,    0, 
EP, 80, 2014043012, 03, BAMD,  60, 134N, 1014W,   0,    0,   ,   0,    ,    0,    0,    0,    0, 
EP, 80, 2014043012, 03, BAMD,  72, 142N, 1001W,   0,    0,   ,   0,    ,    0,    0,    0,    0, 
EP, 80, 2014043012, 03, BAMD,  84, 152N,  988W,   0,    0,   ,   0,    ,    0,    0,    0,    0, 
EP, 80, 2014043012, 03, BAMD,  96, 160N,  977W,   0,    0,   ,   0,    ,    0,    0,    0,    0, 
EP, 80, 2014043012, 03, BAMD, 108, 164N,  969W,   0,    0,   ,   0,    ,    0,    0,    0,    0, 
EP, 80, 2014043012, 03, BAMD, 120, 164N,  964W,   0,    0,   ,   0,    ,    0,    0,    0,    0, 
EP, 80, 2014043012, 03, BAMD, 132, 165N,  961W,   0,    0,   ,   0,    ,    0,    0,    0,    0, 
EP, 80, 2014043012, 03, BAMD, 144, 166N,  954W,   0,    0,   ,   0,    ,    0,    0,    0,    0, 
EP, 80, 2014043012, 03, BAMD, 156, 169N,  945W,   0,    0,   ,   0,    ,    0,    0,    0,    0, 
EP, 80, 2014043012, 03, BAMD, 168, 170N,  937W,   0,    0,   ,   0,    ,    0,    0,    0,    0, 
EP, 80, 2014043012, 03, BAMM,  12, 108N, 1060W,   0,    0,   ,   0,    ,    0,    0,    0,    0, 
EP, 80, 2014043012, 03, BAMM,  24, 117N, 1065W,   0,    0,   ,   0,    ,    0,    0,    0,    0, 
EP, 80, 2014043012, 03, BAMM,  36, 126N, 1063W,   0,    0,   ,   0,    ,    0,    0,    0,    0, 
EP, 80, 2014043012, 03, BAMM,  48, 131N, 1056W,   0,    0,   ,   0,    ,    0,    0,    0,    0, 
EP, 80, 2014043012, 03, BAMM,  60, 136N, 1047W,   0,    0,   ,   0,    ,    0,    0,    0,    0, 
EP, 80, 2014043012, 03, BAMM,  72, 141N, 1040W,   0,    0,   ,   0,    ,    0,    0,    0,    0, 
EP, 80, 2014043012, 03, BAMM,  84, 148N, 1035W,   0,    0,   ,   0,    ,    0,    0,    0,    0, 
EP, 80, 2014043012, 03, BAMM,  96, 153N, 1035W,   0,    0,   ,   0,    ,    0,    0,    0,    0, 
EP, 80, 2014043012, 03, BAMM, 108, 157N, 1038W,   0,    0,   ,   0,    ,    0,    0,    0,    0, 
EP, 80, 2014043012, 03, BAMM, 120, 159N, 1043W,   0,    0,   ,   0,    ,    0,    0,    0,    0, 
EP, 80, 2014043012, 03, BAMM, 132, 161N, 1044W,   0,    0,   ,   0,    ,    0,    0,    0,    0, 
EP, 80, 2014043012, 03, BAMM, 144, 161N, 1044W,   0,    0,   ,   0,    ,    0,    0,    0,    0, 
EP, 80, 2014043012, 03, BAMM, 156, 162N, 1039W,   0,    0,   ,   0,    ,    0,    0,    0,    0, 
EP, 80, 2014043012, 03, BAMM, 168, 162N, 1035W,   0,    0,   ,   0,    ,    0,    0,    0,    0, 
EP, 80, 2014043012, 03, BAMS,  12, 102N, 1059W,   0,    0,   ,   0,    ,    0,    0,    0,    0, 
EP, 80, 2014043012, 03, BAMS,  24, 102N, 1067W,   0,    0,   ,   0,    ,    0,    0,    0,    0, 
EP, 80, 2014043012, 03, BAMS,  36, 102N, 1077W,   0,    0,   ,   0,    ,    0,    0,    0,    0, 
EP, 80, 2014043012, 03, BAMS,  48, 103N, 1085W,   0,    0,   ,   0,    ,    0,    0,    0,    0, 
EP, 80, 2014043012, 03, BAMS,  60, 103N, 1094W,   0,    0,   ,   0,    ,    0,    0,    0,    0, 
EP, 80, 2014043012, 03, BAMS,  72, 104N, 1102W,   0,    0,   ,   0,    ,    0,    0,    0,    0, 
EP, 80, 2014043012, 03, BAMS,  84, 107N, 1116W,   0,    0,   ,   0,    ,    0,    0,    0,    0, 
EP, 80, 2014043012, 03, BAMS,  96, 114N, 1132W,   0,    0,   ,   0,    ,    0,    0,    0,    0, 
EP, 80, 2014043012, 03, BAMS, 108, 125N, 1152W,   0,    0,   ,   0,    ,    0,    0,    0,    0, 
EP, 80, 2014043012, 03, BAMS, 120, 137N, 1168W,   0,    0,   ,   0,    ,    0,    0,    0,    0, 
EP, 80, 2014043012, 03, BAMS, 132, 150N, 1179W,   0,    0,   ,   0,    ,    0,    0,    0,    0, 
EP, 80, 2014043012, 03, BAMS, 144, 160N, 1180W,   0,    0,   ,   0,    ,    0,    0,    0,    0, 
EP, 80, 2014043012, 03, BAMS, 156, 169N, 1174W,   0,    0,   ,   0,    ,    0,    0,    0,    0, 
EP, 80, 2014043012, 03, BAMS, 168, 176N, 1160W,   0,    0,   ,   0,    ,    0,    0,    0,    0, 
EP, 80, 2014043012, 03, CLIP,  12, 104N, 1069W,   0,    0,   ,   0,    ,    0,    0,    0,    0, 
EP, 80, 2014043012, 03, CLIP,  24, 109N, 1083W,   0,    0,   ,   0,    ,    0,    0,    0,    0, 
EP, 80, 2014043012, 03, CLIP,  36, 114N, 1093W,   0,    0,   ,   0,    ,    0,    0,    0,    0, 
EP, 80, 2014043012, 03, CLIP,  48, 117N, 1105W,   0,    0,   ,   0,    ,    0,    0,    0,    0, 
EP, 80, 2014043012, 03, CLIP,  60, 114N, 1117W,   0,    0,   ,   0,    ,    0,    0,    0,    0, 
EP, 80, 2014043012, 03, CLIP,  72, 108N, 1122W,   0,    0,   ,   0,    ,    0,    0,    0,    0, 
EP, 80, 2014043012, 03, CLP5,  12, 105N, 1071W,   0,    0,   ,   0,    ,    0,    0,    0,    0, 
EP, 80, 2014043012, 03, CLP5,  24, 111N, 1092W,   0,    0,   ,   0,    ,    0,    0,    0,    0, 
EP, 80, 2014043012, 03, CLP5,  36, 118N, 1113W,   0,    0,   ,   0,    ,    0,    0,    0,    0, 
EP, 80, 2014043012, 03, CLP5,  48, 124N, 1131W,   0,    0,   ,   0,    ,    0,    0,    0,    0, 
EP, 80, 2014043012, 03, CLP5,  60, 130N, 1152W,   0,    0,   ,   0,    ,    0,    0,    0,    0, 
EP, 80, 2014043012, 03, CLP5,  72, 134N, 1174W,   0,    0,   ,   0,    ,    0,    0,    0,    0, 
EP, 80, 2014043012, 03, CLP5,  84, 138N, 1192W,   0,    0,   ,   0,    ,    0,    0,    0,    0, 
EP, 80, 2014043012, 03, CLP5,  96, 143N, 1211W,   0,    0,   ,   0,    ,    0,    0,    0,    0, 
EP, 80, 2014043012, 03, CLP5, 108, 147N, 1235W,   0,    0,   ,   0,    ,    0,    0,    0,    0, 
EP, 80, 2014043012, 03, CLP5, 120, 152N, 1257W,   0,    0,   ,   0,    ,    0,    0,    0,    0, 
EP, 80, 2014043012, 03, DSHP,   0, 100N, 1050W,  20,    0, TD,   0,    ,    0,    0,    0,    0, 
EP, 80, 2014043012, 03, DSHP,  12, 108N, 1060W,  17,    0, TD,   0,    ,    0,    0,    0,    0, 
EP, 80, 2014043012, 03, LBAR,   0, 100N, 1050W,  20,    0,   ,   0,    ,    0,    0,    0,    0, 
EP, 80, 2014043012, 03, LBAR,  12, 108N, 1061W,   0,    0,   ,   0,    ,    0,    0,    0,    0, 
EP, 80, 2014043012, 03, LBAR,  24, 123N, 1065W,   0,    0,   ,   0,    ,    0,    0,    0,    0, 
EP, 80, 2014043012, 03, LBAR,  36, 138N, 1063W,   0,    0,   ,   0,    ,    0,    0,    0,    0, 
EP, 80, 2014043012, 03, LBAR,  48, 158N, 1048W,   0,    0,   ,   0,    ,    0,    0,    0,    0, 
EP, 80, 2014043012, 03, LBAR,  60, 184N, 1022W,   0,    0,   ,   0,    ,    0,    0,    0,    0, 
EP, 80, 2014043012, 03, LBAR,  72, 211N,  984W,   0,    0,   ,   0,    ,    0,    0,    0,    0, 
EP, 80, 2014043012, 03, LBAR,  84, 251N,  931W,   0,    0,   ,   0,    ,    0,    0,    0,    0, 
EP, 80, 2014043012, 03, LBAR,  96, 282N,  852W,   0,    0,   ,   0,    ,    0,    0,    0,    0, 
EP, 80, 2014043012, 03, LBAR, 108, 301N,  875W,   0,    0,   ,   0,    ,    0,    0,    0,    0, 
EP, 80, 2014043012, 03, LBAR, 120, 289N,  867W,   0,    0,   ,   0,    ,    0,    0,    0,    0, 
EP, 80, 2014043012, 03, LGEM,   0, 100N, 1050W,  20,    0, TD,   0,    ,    0,    0,    0,    0, 
EP, 80, 2014043012, 03, LGEM,  12, 108N, 1060W,  19,    0, TD,   0,    ,    0,    0,    0,    0, 
EP, 80, 2014043012, 03, LGEM,  24, 117N, 1065W,  17,    0, TD,   0,    ,    0,    0,    0,    0, 
EP, 80, 2014043012, 03, LGEM,  36, 126N, 1063W,  15,    0, TD,   0,    ,    0,    0,    0,    0, 
EP, 80, 2014043012, 03, OCD5,   0, 100N, 1050W,  20,    0,   ,   0,    ,    0,    0,    0,    0, 
EP, 80, 2014043012, 03, OCD5,  12, 105N, 1071W,  25,    0,   ,   0,    ,    0,    0,    0,    0, 
EP, 80, 2014043012, 03, OCD5,  24, 111N, 1092W,  31,    0,   ,   0,    ,    0,    0,    0,    0, 
EP, 80, 2014043012, 03, OCD5,  36, 118N, 1113W,  37,    0,   ,   0,    ,    0,    0,    0,    0, 
EP, 80, 2014043012, 03, OCD5,  48, 124N, 1131W,  45,    0,   ,   0,    ,    0,    0,    0,    0, 
EP, 80, 2014043012, 03, OCD5,  60, 130N, 1152W,  44,    0,   ,   0,    ,    0,    0,    0,    0, 
EP, 80, 2014043012, 03, OCD5,  72, 134N, 1174W,  46,    0,   ,   0,    ,    0,    0,    0,    0, 
EP, 80, 2014043012, 03, OCD5,  84, 138N, 1192W,  46,    0,   ,   0,    ,    0,    0,    0,    0, 
EP, 80, 2014043012, 03, OCD5,  96, 143N, 1211W,  49,    0,   ,   0,    ,    0,    0,    0,    0, 
EP, 80, 2014043012, 03, OCD5, 108, 147N, 1235W,  46,    0,   ,   0,    ,    0,    0,    0,    0, 
EP, 80, 2014043012, 03, OCD5, 120, 152N, 1257W,  52,    0,   ,   0,    ,    0,    0,    0,    0, 
EP, 80, 2014043012, 03, SHF5,   0,   0N,    0W,  20,    0,   ,   0,    ,    0,    0,    0,    0, 
EP, 80, 2014043012, 03, SHF5,  12,   0N,    0W,  25,    0,   ,   0,    ,    0,    0,    0,    0, 
EP, 80, 2014043012, 03, SHF5,  24,   0N,    0W,  31,    0,   ,   0,    ,    0,    0,    0,    0, 
EP, 80, 2014043012, 03, SHF5,  36,   0N,    0W,  37,    0,   ,   0,    ,    0,    0,    0,    0, 
EP, 80, 2014043012, 03, SHF5,  48,   0N,    0W,  45,    0,   ,   0,    ,    0,    0,    0,    0, 
EP, 80, 2014043012, 03, SHF5,  60,   0N,    0W,  44,    0,   ,   0,    ,    0,    0,    0,    0, 
EP, 80, 2014043012, 03, SHF5,  72,   0N,    0W,  46,    0,   ,   0,    ,    0,    0,    0,    0, 
EP, 80, 2014043012, 03, SHF5,  84,   0N,    0W,  46,    0,   ,   0,    ,    0,    0,    0,    0, 
EP, 80, 2014043012, 03, SHF5,  96,   0N,    0W,  49,    0,   ,   0,    ,    0,    0,    0,    0, 
EP, 80, 2014043012, 03, SHF5, 108,   0N,    0W,  46,    0,   ,   0,    ,    0,    0,    0,    0, 
EP, 80, 2014043012, 03, SHF5, 120,   0N,    0W,  52,    0,   ,   0,    ,    0,    0,    0,    0, 
EP, 80, 2014043012, 03, SHFR,  12,   0N,    0W,  24,    0,   ,   0,    ,    0,    0,    0,    0, 
EP, 80, 2014043012, 03, SHFR,  24,   0N,    0W,  29,    0,   ,   0,    ,    0,    0,    0,    0, 
EP, 80, 2014043012, 03, SHFR,  36,   0N,    0W,  35,    0,   ,   0,    ,    0,    0,    0,    0, 
EP, 80, 2014043012, 03, SHFR,  48,   0N,    0W,  41,    0,   ,   0,    ,    0,    0,    0,    0, 
EP, 80, 2014043012, 03, SHFR,  60,   0N,    0W,  47,    0,   ,   0,    ,    0,    0,    0,    0, 
EP, 80, 2014043012, 03, SHFR,  72,   0N,    0W,  52,    0,   ,   0,    ,    0,    0,    0,    0, 
EP, 80, 2014043012, 03, SHIP,   0, 100N, 1050W,  20,    0, TD,   0,    ,    0,    0,    0,    0, 
EP, 80, 2014043012, 03, SHIP,  12, 108N, 1060W,  17,    0, TD,   0,    ,    0,    0,    0,    0, 
EP, 80, 2014043012, 03, XTRP,   0, 100N, 1050W,   0,    0,   ,   0,    ,    0,    0,    0,    0, 
EP, 80, 2014043012, 03, XTRP,  12, 105N, 1070W,   0,    0,   ,   0,    ,    0,    0,    0,    0, 
EP, 80, 2014043012, 03, XTRP,  24, 110N, 1091W,   0,    0,   ,   0,    ,    0,    0,    0,    0, 
EP, 80, 2014043012, 03, XTRP,  36, 115N, 1112W,   0,    0,   ,   0,    ,    0,    0,    0,    0, 
EP, 80, 2014043012, 03, XTRP,  48, 121N, 1133W,   0,    0,   ,   0,    ,    0,    0,    0,    0, 
EP, 80, 2014043012, 03, XTRP,  60, 126N, 1154W,   0,    0,   ,   0,    ,    0,    0,    0,    0, 
EP, 80, 2014043012, 03, XTRP,  72, 131N, 1176W,   0,    0,   ,   0,    ,    0,    0,    0,    0, 
EP, 80, 2014043012, 03, XTRP,  84, 136N, 1197W,   0,    0,   ,   0,    ,    0,    0,    0,    0, 
EP, 80, 2014043012, 03, XTRP,  96, 141N, 1218W,   0,    0,   ,   0,    ,    0,    0,    0,    0, 
EP, 80, 2014043012, 03, XTRP, 108, 146N, 1239W,   0,    0,   ,   0,    ,    0,    0,    0,    0, 
EP, 80, 2014043012, 03, XTRP, 120, 152N, 1261W,   0,    0,   ,   0,    ,    0,    0,    0,    0, 
EP, 80, 2014043012, 03, XTRP, 132, 157N, 1282W,   0,    0,   ,   0,    ,    0,    0,    0,    0, 
EP, 80, 2014043012, 03, XTRP, 144, 162N, 1304W,   0,    0,   ,   0,    ,    0,    0,    0,    0, 
EP, 80, 2014043012, 03, XTRP, 156, 167N, 1325W,   0,    0,   ,   0,    ,    0,    0,    0,    0, 
EP, 80, 2014043012, 03, XTRP, 168, 172N, 1347W,   0,    0,   ,   0,    ,    0,    0,    0,    0, 
EP, 80, 2014052118, 01, CARQ, -24,  98N, 1162W,  20,    0, TD,  34, AAA,    0,    0,    0,    0,    0,    0,   0,   0,   0,   E,   0,   X,   0,   0,       TEST,  , 
EP, 80, 2014052118, 01, CARQ, -18,  99N, 1177W,  20,    0, TD,  34, AAA,    0,    0,    0,    0,    0,    0,   0,   0,   0,   E,   0,   X,   0,   0,       TEST,  , 
EP, 80, 2014052118, 01, CARQ, -12,  99N, 1185W,  20,    0, TD,  34, AAA,    0,    0,    0,    0,    0,    0,   0,   0,   0,   E,   0,   X, 270,   8,       TEST,  , 
EP, 80, 2014052118, 01, CARQ,  -6,  99N, 1193W,  20,    0, TD,  34, AAA,    0,    0,    0,    0,    0,    0,   0,   0,   0,   E,   0,   X,   0,   0,       TEST,  , 
EP, 80, 2014052118, 01, CARQ,   0, 100N, 1200W,  20, 1009, TD,  34, NEQ,    0,    0,    0,    0, 1010,  150,   0,   0,   0,   E,   0,   X, 275,   8,       TEST, S, 
EP, 80, 2014052118, 01, CARQ,   0, 100N, 1200W,  20, 1009, TD,  50, NEQ,    0,    0,    0,    0, 1010,  150,   0,   0,   0,   E,   0,   X, 275,   8,       TEST, S, 
EP, 80, 2014052118, 01, CARQ,   0, 100N, 1200W,  20, 1009, TD,  64, NEQ,    0,    0,    0,    0, 1010,  150,   0,   0,   0,   E,   0,   X, 275,   8,       TEST, S, 
EP, 80, 2014052118, 03, BAMD,  12, 101N, 1191W,   0,    0,   ,   0,    ,    0,    0,    0,    0, 
EP, 80, 2014052118, 03, BAMD,  24, 100N, 1189W,   0,    0,   ,   0,    ,    0,    0,    0,    0, 
EP, 80, 2014052118, 03, BAMD,  36, 100N, 1191W,   0,    0,   ,   0,    ,    0,    0,    0,    0, 
EP, 80, 2014052118, 03, BAMD,  48, 100N, 1196W,   0,    0,   ,   0,    ,    0,    0,    0,    0, 
EP, 80, 2014052118, 03, BAMD,  60, 101N, 1201W,   0,    0,   ,   0,    ,    0,    0,    0,    0, 
EP, 80, 2014052118, 03, BAMD,  72, 104N, 1206W,   0,    0,   ,   0,    ,    0,    0,    0,    0, 
EP, 80, 2014052118, 03, BAMD,  84, 106N, 1208W,   0,    0,   ,   0,    ,    0,    0,    0,    0, 
EP, 80, 2014052118, 03, BAMD,  96, 106N, 1209W,   0,    0,   ,   0,    ,    0,    0,    0,    0, 
EP, 80, 2014052118, 03, BAMD, 108, 108N, 1208W,   0,    0,   ,   0,    ,    0,    0,    0,    0, 
EP, 80, 2014052118, 03, BAMD, 120, 111N, 1203W,   0,    0,   ,   0,    ,    0,    0,    0,    0, 
EP, 80, 2014052118, 03, BAMD, 132, 114N, 1198W,   0,    0,   ,   0,    ,    0,    0,    0,    0, 
EP, 80, 2014052118, 03, BAMD, 144, 115N, 1197W,   0,    0,   ,   0,    ,    0,    0,    0,    0, 
EP, 80, 2014052118, 03, BAMD, 156, 112N, 1200W,   0,    0,   ,   0,    ,    0,    0,    0,    0, 
EP, 80, 2014052118, 03, BAMD, 168, 107N, 1207W,   0,    0,   ,   0,    ,    0,    0,    0,    0, 
EP, 80, 2014052118, 03, BAMM,  12, 100N, 1200W,   0,    0,   ,   0,    ,    0,    0,    0,    0, 
EP, 80, 2014052118, 03, BAMM,  24, 100N, 1203W,   0,    0,   ,   0,    ,    0,    0,    0,    0, 
EP, 80, 2014052118, 03, BAMM,  36, 103N, 1207W,   0,    0,   ,   0,    ,    0,    0,    0,    0, 
EP, 80, 2014052118, 03, BAMM,  48, 105N, 1212W,   0,    0,   ,   0,    ,    0,    0,    0,    0, 
EP, 80, 2014052118, 03, BAMM,  60, 109N, 1218W,   0,    0,   ,   0,    ,    0,    0,    0,    0, 
EP, 80, 2014052118, 03, BAMM,  72, 113N, 1223W,   0,    0,   ,   0,    ,    0,    0,    0,    0, 
EP, 80, 2014052118, 03, BAMM,  84, 118N, 1226W,   0,    0,   ,   0,    ,    0,    0,    0,    0, 
EP, 80, 2014052118, 03, BAMM,  96, 123N, 1226W,   0,    0,   ,   0,    ,    0,    0,    0,    0, 
EP, 80, 2014052118, 03, BAMM, 108, 130N, 1223W,   0,    0,   ,   0,    ,    0,    0,    0,    0, 
EP, 80, 2014052118, 03, BAMM, 120, 139N, 1219W,   0,    0,   ,   0,    ,    0,    0,    0,    0, 
EP, 80, 2014052118, 03, BAMM, 132, 152N, 1214W,   0,    0,   ,   0,    ,    0,    0,    0,    0, 
EP, 80, 2014052118, 03, BAMM, 144, 165N, 1210W,   0,    0,   ,   0,    ,    0,    0,    0,    0, 
EP, 80, 2014052118, 03, BAMM, 156, 177N, 1208W,   0,    0,   ,   0,    ,    0,    0,    0,    0, 
EP, 80, 2014052118, 03, BAMM, 168, 183N, 1210W,   0,    0,   ,   0,    ,    0,    0,    0,    0, 
EP, 80, 2014052118, 03, BAMS,  12, 106N, 1209W,   0,    0,   ,   0,    ,    0,    0,    0,    0, 
EP, 80, 2014052118, 03, BAMS,  24, 110N, 1216W,   0,    0,   ,   0,    ,    0,    0,    0,    0, 
EP, 80, 2014052118, 03, BAMS,  36, 113N, 1222W,   0,    0,   ,   0,    ,    0,    0,    0,    0, 
EP, 80, 2014052118, 03, BAMS,  48, 115N, 1228W,   0,    0,   ,   0,    ,    0,    0,    0,    0, 
EP, 80, 2014052118, 03, BAMS,  60, 116N, 1234W,   0,    0,   ,   0,    ,    0,    0,    0,    0, 
EP, 80, 2014052118, 03, BAMS,  72, 117N, 1241W,   0,    0,   ,   0,    ,    0,    0,    0,    0, 
EP, 80, 2014052118, 03, BAMS,  84, 120N, 1249W,   0,    0,   ,   0,    ,    0,    0,    0,    0, 
EP, 80, 2014052118, 03, BAMS,  96, 123N, 1256W,   0,    0,   ,   0,    ,    0,    0,    0,    0, 
EP, 80, 2014052118, 03, BAMS, 108, 129N, 1262W,   0,    0,   ,   0,    ,    0,    0,    0,    0, 
EP, 80, 2014052118, 03, BAMS, 120, 135N, 1268W,   0,    0,   ,   0,    ,    0,    0,    0,    0, 
EP, 80, 2014052118, 03, BAMS, 132, 142N, 1275W,   0,    0,   ,   0,    ,    0,    0,    0,    0, 
EP, 80, 2014052118, 03, BAMS, 144, 150N, 1282W,   0,    0,   ,   0,    ,    0,    0,    0,    0, 
EP, 80, 2014052118, 03, BAMS, 156, 157N, 1290W,   0,    0,   ,   0,    ,    0,    0,    0,    0, 
EP, 80, 2014052118, 03, BAMS, 168, 162N, 1300W,   0,    0,   ,   0,    ,    0,    0,    0,    0, 
EP, 80, 2014052118, 03, CLIP,  12, 101N, 1214W,   0,    0,   ,   0,    ,    0,    0,    0,    0, 
EP, 80, 2014052118, 03, CLIP,  24, 103N, 1224W,   0,    0,   ,   0,    ,    0,    0,    0,    0, 
EP, 80, 2014052118, 03, CLIP,  36, 106N, 1232W,   0,    0,   ,   0,    ,    0,    0,    0,    0, 
EP, 80, 2014052118, 03, CLIP,  48, 108N, 1241W,   0,    0,   ,   0,    ,    0,    0,    0,    0, 
EP, 80, 2014052118, 03, CLIP,  60, 106N, 1251W,   0,    0,   ,   0,    ,    0,    0,    0,    0, 
EP, 80, 2014052118, 03, CLIP,  72, 101N, 1253W,   0,    0,   ,   0,    ,    0,    0,    0,    0, 
EP, 80, 2014052118, 03, CLP5,  12, 103N, 1217W,   0,    0,   ,   0,    ,    0,    0,    0,    0, 
EP, 80, 2014052118, 03, CLP5,  24, 108N, 1234W,   0,    0,   ,   0,    ,    0,    0,    0,    0, 
EP, 80, 2014052118, 03, CLP5,  36, 113N, 1252W,   0,    0,   ,   0,    ,    0,    0,    0,    0, 
EP, 80, 2014052118, 03, CLP5,  48, 118N, 1269W,   0,    0,   ,   0,    ,    0,    0,    0,    0, 
EP, 80, 2014052118, 03, CLP5,  60, 123N, 1289W,   0,    0,   ,   0,    ,    0,    0,    0,    0, 
EP, 80, 2014052118, 03, CLP5,  72, 128N, 1309W,   0,    0,   ,   0,    ,    0,    0,    0,    0, 
EP, 80, 2014052118, 03, CLP5,  84, 131N, 1327W,   0,    0,   ,   0,    ,    0,    0,    0,    0, 
EP, 80, 2014052118, 03, CLP5,  96, 136N, 1347W,   0,    0,   ,   0,    ,    0,    0,    0,    0, 
EP, 80, 2014052118, 03, CLP5, 108, 141N, 1368W,   0,    0,   ,   0,    ,    0,    0,    0,    0, 
EP, 80, 2014052118, 03, CLP5, 120, 145N, 1390W,   0,    0,   ,   0,    ,    0,    0,    0,    0, 
EP, 80, 2014052118, 03, DSHP,   0, 100N, 1200W,  20,    0, TD,   0,    ,    0,    0,    0,    0, 
EP, 80, 2014052118, 03, DSHP,  12, 100N, 1200W,  16,    0, TD,   0,    ,    0,    0,    0,    0, 
EP, 80, 2014052118, 03, IVCN,   0,   0N,    0W,  20,    0,   ,   0,    ,    0,    0,    0,    0, 
EP, 80, 2014052118, 03, IVCN,  12,   0N,    0W,  17,    0,   ,   0,    ,    0,    0,    0,    0, 
EP, 80, 2014052118, 03, LBAR,   0, 100N, 1200W,  20,    0,   ,   0,    ,    0,    0,    0,    0, 
EP, 80, 2014052118, 03, LBAR,  12, 104N, 1204W,   0,    0,   ,   0,    ,    0,    0,    0,    0, 
EP, 80, 2014052118, 03, LBAR,  24, 110N, 1209W,   0,    0,   ,   0,    ,    0,    0,    0,    0, 
EP, 80, 2014052118, 03, LBAR,  36, 122N, 1215W,   0,    0,   ,   0,    ,    0,    0,    0,    0, 
EP, 80, 2014052118, 03, LBAR,  48, 134N, 1221W,   0,    0,   ,   0,    ,    0,    0,    0,    0, 
EP, 80, 2014052118, 03, LBAR,  60, 149N, 1223W,   0,    0,   ,   0,    ,    0,    0,    0,    0, 
EP, 80, 2014052118, 03, LBAR,  72, 165N, 1224W,   0,    0,   ,   0,    ,    0,    0,    0,    0, 
EP, 80, 2014052118, 03, LBAR,  84, 182N, 1225W,   0,    0,   ,   0,    ,    0,    0,    0,    0, 
EP, 80, 2014052118, 03, LBAR,  96, 195N, 1224W,   0,    0,   ,   0,    ,    0,    0,    0,    0, 
EP, 80, 2014052118, 03, LBAR, 108, 205N, 1224W,   0,    0,   ,   0,    ,    0,    0,    0,    0, 
EP, 80, 2014052118, 03, LBAR, 120, 222N, 1211W,   0,    0,   ,   0,    ,    0,    0,    0,    0, 
EP, 80, 2014052118, 03, LGEM,   0, 100N, 1200W,  20,    0, TD,   0,    ,    0,    0,    0,    0, 
EP, 80, 2014052118, 03, LGEM,  12, 100N, 1200W,  18,    0, TD,   0,    ,    0,    0,    0,    0, 
EP, 80, 2014052118, 03, LGEM,  24, 100N, 1203W,  16,    0, TD,   0,    ,    0,    0,    0,    0, 
EP, 80, 2014052118, 03, LGEM,  36, 103N, 1207W,  15,    0, TD,   0,    ,    0,    0,    0,    0, 
EP, 80, 2014052118, 03, OCD5,   0, 100N, 1200W,  20,    0,   ,   0,    ,    0,    0,    0,    0, 
EP, 80, 2014052118, 03, OCD5,  12, 103N, 1217W,  25,    0,   ,   0,    ,    0,    0,    0,    0, 
EP, 80, 2014052118, 03, OCD5,  24, 108N, 1234W,  28,    0,   ,   0,    ,    0,    0,    0,    0, 
EP, 80, 2014052118, 03, OCD5,  36, 113N, 1252W,  32,    0,   ,   0,    ,    0,    0,    0,    0, 
EP, 80, 2014052118, 03, OCD5,  48, 118N, 1269W,  35,    0,   ,   0,    ,    0,    0,    0,    0, 
EP, 80, 2014052118, 03, OCD5,  60, 123N, 1289W,  45,    0,   ,   0,    ,    0,    0,    0,    0, 
EP, 80, 2014052118, 03, OCD5,  72, 128N, 1309W,  46,    0,   ,   0,    ,    0,    0,    0,    0, 
EP, 80, 2014052118, 03, OCD5,  84, 131N, 1327W,  47,    0,   ,   0,    ,    0,    0,    0,    0, 
EP, 80, 2014052118, 03, OCD5,  96, 136N, 1347W,  50,    0,   ,   0,    ,    0,    0,    0,    0, 
EP, 80, 2014052118, 03, OCD5, 108, 141N, 1368W,  48,    0,   ,   0,    ,    0,    0,    0,    0, 
EP, 80, 2014052118, 03, OCD5, 120, 145N, 1390W,  54,    0,   ,   0,    ,    0,    0,    0,    0, 
EP, 80, 2014052118, 03, SHF5,   0,   0N,    0W,  20,    0,   ,   0,    ,    0,    0,    0,    0, 
EP, 80, 2014052118, 03, SHF5,  12,   0N,    0W,  25,    0,   ,   0,    ,    0,    0,    0,    0, 
EP, 80, 2014052118, 03, SHF5,  24,   0N,    0W,  28,    0,   ,   0,    ,    0,    0,    0,    0, 
EP, 80, 2014052118, 03, SHF5,  36,   0N,    0W,  32,    0,   ,   0,    ,    0,    0,    0,    0, 
EP, 80, 2014052118, 03, SHF5,  48,   0N,    0W,  35,    0,   ,   0,    ,    0,    0,    0,    0, 
EP, 80, 2014052118, 03, SHF5,  60,   0N,    0W,  45,    0,   ,   0,    ,    0,    0,    0,    0, 
EP, 80, 2014052118, 03, SHF5,  72,   0N,    0W,  46,    0,   ,   0,    ,    0,    0,    0,    0, 
EP, 80, 2014052118, 03, SHF5,  84,   0N,    0W,  47,    0,   ,   0,    ,    0,    0,    0,    0, 
EP, 80, 2014052118, 03, SHF5,  96,   0N,    0W,  50,    0,   ,   0,    ,    0,    0,    0,    0, 
EP, 80, 2014052118, 03, SHF5, 108,   0N,    0W,  48,    0,   ,   0,    ,    0,    0,    0,    0, 
EP, 80, 2014052118, 03, SHF5, 120,   0N,    0W,  54,    0,   ,   0,    ,    0,    0,    0,    0, 
EP, 80, 2014052118, 03, SHFR,  12,   0N,    0W,  21,    0,   ,   0,    ,    0,    0,    0,    0, 
EP, 80, 2014052118, 03, SHFR,  24,   0N,    0W,  24,    0,   ,   0,    ,    0,    0,    0,    0, 
EP, 80, 2014052118, 03, SHFR,  36,   0N,    0W,  28,    0,   ,   0,    ,    0,    0,    0,    0, 
EP, 80, 2014052118, 03, SHFR,  48,   0N,    0W,  32,    0,   ,   0,    ,    0,    0,    0,    0, 
EP, 80, 2014052118, 03, SHFR,  60,   0N,    0W,  38,    0,   ,   0,    ,    0,    0,    0,    0, 
EP, 80, 2014052118, 03, SHFR,  72,   0N,    0W,  43,    0,   ,   0,    ,    0,    0,    0,    0, 
EP, 80, 2014052118, 03, SHIP,   0, 100N, 1200W,  20,    0, TD,   0,    ,    0,    0,    0,    0, 
EP, 80, 2014052118, 03, SHIP,  12, 100N, 1200W,  16,    0, TD,   0,    ,    0,    0,    0,    0, 
EP, 80, 2014052118, 03, XTRP,   0, 100N, 1200W,   0,    0,   ,   0,    ,    0,    0,    0,    0, 
EP, 80, 2014052118, 03, XTRP,  12, 101N, 1214W,   0,    0,   ,   0,    ,    0,    0,    0,    0, 
EP, 80, 2014052118, 03, XTRP,  24, 102N, 1229W,   0,    0,   ,   0,    ,    0,    0,    0,    0, 
EP, 80, 2014052118, 03, XTRP,  36, 103N, 1244W,   0,    0,   ,   0,    ,    0,    0,    0,    0, 
EP, 80, 2014052118, 03, XTRP,  48, 104N, 1259W,   0,    0,   ,   0,    ,    0,    0,    0,    0, 
EP, 80, 2014052118, 03, XTRP,  60, 105N, 1274W,   0,    0,   ,   0,    ,    0,    0,    0,    0, 
EP, 80, 2014052118, 03, XTRP,  72, 106N, 1289W,   0,    0,   ,   0,    ,    0,    0,    0,    0, 
EP, 80, 2014052118, 03, XTRP,  84, 107N, 1304W,   0,    0,   ,   0,    ,    0,    0,    0,    0, 
EP, 80, 2014052118, 03, XTRP,  96, 108N, 1319W,   0,    0,   ,   0,    ,    0,    0,    0,    0, 
EP, 80, 2014052118, 03, XTRP, 108, 109N, 1334W,   0,    0,   ,   0,    ,    0,    0,    0,    0, 
EP, 80, 2014052118, 03, XTRP, 120, 110N, 1349W,   0,    0,   ,   0,    ,    0,    0,    0,    0, 
EP, 80, 2014052118, 03, XTRP, 132, 111N, 1364W,   0,    0,   ,   0,    ,    0,    0,    0,    0, 
EP, 80, 2014052118, 03, XTRP, 144, 112N, 1379W,   0,    0,   ,   0,    ,    0,    0,    0,    0, 
EP, 80, 2014052118, 03, XTRP, 156, 113N, 1395W,   0,    0,   ,   0,    ,    0,    0,    0,    0, 
EP, 80, 2014052118, 03, XTRP, 168, 114N, 1410W,   0,    0,   ,   0,    ,    0,    0,    0,    0, 
