EP, 86, 2014040912, 01, CARQ, -24, 119N, 1030W,  30,    0, TD,  34, AAA,    0,    0,    0,    0,    0,    0,   0,   0,   0,   E,   0,   X,   0,   0,       TEST,  , 
EP, 86, 2014040912, 01, CARQ, -18, 119N, 1035W,  30,    0, TD,  34, AAA,    0,    0,    0,    0,    0,    0,   0,   0,   0,   E,   0,   X,   0,   0,       TEST,  , 
EP, 86, 2014040912, 01, CARQ, -12, 119N, 1040W,  30,    0, TD,  34, AAA,    0,    0,    0,    0,    0,    0,   0,   0,   0,   E,   0,   X, 276,   5,       TEST,  , 
EP, 86, 2014040912, 01, CARQ,  -6, 120N, 1045W,  30,    0, TD,  34, AAA,    0,    0,    0,    0,    0,    0,   0,   0,   0,   E,   0,   X,   0,   0,       TEST,  , 
EP, 86, 2014040912, 01, CARQ,   0, 120N, 1050W,  30, 1009, TD,  34, NEQ,    0,    0,    0,    0, 1010,  150,   0,   0,   0,   E,   0,   X, 275,   5,       TEST, S , 
EP, 86, 2014040912, 01, CARQ,   0, 120N, 1050W,  30, 1009, TD,  50, NEQ,    0,    0,    0,    0, 1010,  150,   0,   0,   0,   E,   0,   X, 275,   5,       TEST, S , 
EP, 86, 2014040912, 01, CARQ,   0, 120N, 1050W,  30, 1009, TD,  64, NEQ,    0,    0,    0,    0, 1010,  150,   0,   0,   0,   E,   0,   X, 275,   5,       TEST, S , 
EP, 86, 2014040912, 03, BAMD,  12, 147N, 1048W,   0,    0,   ,   0,    ,    0,    0,    0,    0, 
EP, 86, 2014040912, 03, BAMD,  24, 166N, 1043W,   0,    0,   ,   0,    ,    0,    0,    0,    0, 
EP, 86, 2014040912, 03, BAMD,  36, 174N, 1039W,   0,    0,   ,   0,    ,    0,    0,    0,    0, 
EP, 86, 2014040912, 03, BAMD,  48, 174N, 1042W,   0,    0,   ,   0,    ,    0,    0,    0,    0, 
EP, 86, 2014040912, 03, BAMD,  60, 169N, 1050W,   0,    0,   ,   0,    ,    0,    0,    0,    0, 
EP, 86, 2014040912, 03, BAMD,  72, 165N, 1061W,   0,    0,   ,   0,    ,    0,    0,    0,    0, 
EP, 86, 2014040912, 03, BAMD,  84, 164N, 1071W,   0,    0,   ,   0,    ,    0,    0,    0,    0, 
EP, 86, 2014040912, 03, BAMD,  96, 165N, 1079W,   0,    0,   ,   0,    ,    0,    0,    0,    0, 
EP, 86, 2014040912, 03, BAMD, 108, 166N, 1086W,   0,    0,   ,   0,    ,    0,    0,    0,    0, 
EP, 86, 2014040912, 03, BAMD, 120, 165N, 1088W,   0,    0,   ,   0,    ,    0,    0,    0,    0, 
EP, 86, 2014040912, 03, BAMD, 132, 163N, 1091W,   0,    0,   ,   0,    ,    0,    0,    0,    0, 
EP, 86, 2014040912, 03, BAMD, 144, 159N, 1096W,   0,    0,   ,   0,    ,    0,    0,    0,    0, 
EP, 86, 2014040912, 03, BAMD, 156, 156N, 1102W,   0,    0,   ,   0,    ,    0,    0,    0,    0, 
EP, 86, 2014040912, 03, BAMD, 168, 151N, 1111W,   0,    0,   ,   0,    ,    0,    0,    0,    0, 
EP, 86, 2014040912, 03, BAMM,  12, 131N, 1064W,   0,    0,   ,   0,    ,    0,    0,    0,    0, 
EP, 86, 2014040912, 03, BAMM,  24, 139N, 1076W,   0,    0,   ,   0,    ,    0,    0,    0,    0, 
EP, 86, 2014040912, 03, BAMM,  36, 143N, 1088W,   0,    0,   ,   0,    ,    0,    0,    0,    0, 
EP, 86, 2014040912, 03, BAMM,  48, 143N, 1104W,   0,    0,   ,   0,    ,    0,    0,    0,    0, 
EP, 86, 2014040912, 03, BAMM,  60, 143N, 1123W,   0,    0,   ,   0,    ,    0,    0,    0,    0, 
EP, 86, 2014040912, 03, BAMM,  72, 143N, 1146W,   0,    0,   ,   0,    ,    0,    0,    0,    0, 
EP, 86, 2014040912, 03, BAMM,  84, 147N, 1168W,   0,    0,   ,   0,    ,    0,    0,    0,    0, 
EP, 86, 2014040912, 03, BAMM,  96, 153N, 1185W,   0,    0,   ,   0,    ,    0,    0,    0,    0, 
EP, 86, 2014040912, 03, BAMM, 108, 157N, 1199W,   0,    0,   ,   0,    ,    0,    0,    0,    0, 
EP, 86, 2014040912, 03, BAMM, 120, 159N, 1212W,   0,    0,   ,   0,    ,    0,    0,    0,    0, 
EP, 86, 2014040912, 03, BAMM, 132, 161N, 1226W,   0,    0,   ,   0,    ,    0,    0,    0,    0, 
EP, 86, 2014040912, 03, BAMM, 144, 165N, 1240W,   0,    0,   ,   0,    ,    0,    0,    0,    0, 
EP, 86, 2014040912, 03, BAMM, 156, 175N, 1251W,   0,    0,   ,   0,    ,    0,    0,    0,    0, 
EP, 86, 2014040912, 03, BAMM, 168, 196N, 1248W,   0,    0,   ,   0,    ,    0,    0,    0,    0, 
EP, 86, 2014040912, 03, BAMS,  12, 125N, 1081W,   0,    0,   ,   0,    ,    0,    0,    0,    0, 
EP, 86, 2014040912, 03, BAMS,  24, 128N, 1111W,   0,    0,   ,   0,    ,    0,    0,    0,    0, 
EP, 86, 2014040912, 03, BAMS,  36, 129N, 1143W,   0,    0,   ,   0,    ,    0,    0,    0,    0, 
EP, 86, 2014040912, 03, BAMS,  48, 133N, 1175W,   0,    0,   ,   0,    ,    0,    0,    0,    0, 
EP, 86, 2014040912, 03, BAMS,  60, 139N, 1203W,   0,    0,   ,   0,    ,    0,    0,    0,    0, 
EP, 86, 2014040912, 03, BAMS,  72, 143N, 1226W,   0,    0,   ,   0,    ,    0,    0,    0,    0, 
EP, 86, 2014040912, 03, BAMS,  84, 146N, 1246W,   0,    0,   ,   0,    ,    0,    0,    0,    0, 
EP, 86, 2014040912, 03, BAMS,  96, 148N, 1267W,   0,    0,   ,   0,    ,    0,    0,    0,    0, 
EP, 86, 2014040912, 03, BAMS, 108, 152N, 1289W,   0,    0,   ,   0,    ,    0,    0,    0,    0, 
EP, 86, 2014040912, 03, BAMS, 120, 156N, 1310W,   0,    0,   ,   0,    ,    0,    0,    0,    0, 
EP, 86, 2014040912, 03, BAMS, 132, 160N, 1331W,   0,    0,   ,   0,    ,    0,    0,    0,    0, 
EP, 86, 2014040912, 03, BAMS, 144, 165N, 1347W,   0,    0,   ,   0,    ,    0,    0,    0,    0, 
EP, 86, 2014040912, 03, BAMS, 156, 168N, 1357W,   0,    0,   ,   0,    ,    0,    0,    0,    0, 
EP, 86, 2014040912, 03, BAMS, 168, 167N, 1364W,   0,    0,   ,   0,    ,    0,    0,    0,    0, 
EP, 86, 2014040912, 03, CLIP,  12, 121N, 1059W,   0,    0,   ,   0,    ,    0,    0,    0,    0, 
EP, 86, 2014040912, 03, CLIP,  24, 124N, 1066W,   0,    0,   ,   0,    ,    0,    0,    0,    0, 
EP, 86, 2014040912, 03, CLIP,  36, 127N, 1071W,   0,    0,   ,   0,    ,    0,    0,    0,    0, 
EP, 86, 2014040912, 03, CLIP,  48, 128N, 1079W,   0,    0,   ,   0,    ,    0,    0,    0,    0, 
EP, 86, 2014040912, 03, CLIP,  60, 126N, 1090W,   0,    0,   ,   0,    ,    0,    0,    0,    0, 
EP, 86, 2014040912, 03, CLIP,  72, 123N, 1100W,   0,    0,   ,   0,    ,    0,    0,    0,    0, 
EP, 86, 2014040912, 03, CLP5,  12, 122N, 1062W,   0,    0,   ,   0,    ,    0,    0,    0,    0, 
EP, 86, 2014040912, 03, CLP5,  24, 127N, 1074W,   0,    0,   ,   0,    ,    0,    0,    0,    0, 
EP, 86, 2014040912, 03, CLP5,  36, 132N, 1087W,   0,    0,   ,   0,    ,    0,    0,    0,    0, 
EP, 86, 2014040912, 03, CLP5,  48, 138N, 1097W,   0,    0,   ,   0,    ,    0,    0,    0,    0, 
EP, 86, 2014040912, 03, CLP5,  60, 144N, 1113W,   0,    0,   ,   0,    ,    0,    0,    0,    0, 
EP, 86, 2014040912, 03, CLP5,  72, 149N, 1129W,   0,    0,   ,   0,    ,    0,    0,    0,    0, 
EP, 86, 2014040912, 03, CLP5,  84, 151N, 1141W,   0,    0,   ,   0,    ,    0,    0,    0,    0, 
EP, 86, 2014040912, 03, CLP5,  96, 156N, 1154W,   0,    0,   ,   0,    ,    0,    0,    0,    0, 
EP, 86, 2014040912, 03, CLP5, 108, 160N, 1171W,   0,    0,   ,   0,    ,    0,    0,    0,    0, 
EP, 86, 2014040912, 03, CLP5, 120, 164N, 1186W,   0,    0,   ,   0,    ,    0,    0,    0,    0, 
EP, 86, 2014040912, 03, DSHP,   0, 120N, 1050W,  30,    0, TD,   0,    ,    0,    0,    0,    0, 
EP, 86, 2014040912, 03, DSHP,  12, 131N, 1064W,  24,    0, TD,   0,    ,    0,    0,    0,    0, 
EP, 86, 2014040912, 03, DSHP,  24, 139N, 1076W,  17,    0, TD,   0,    ,    0,    0,    0,    0, 
EP, 86, 2014040912, 03, LBAR,   0, 120N, 1050W,  30,    0,   ,   0,    ,    0,    0,    0,    0, 
EP, 86, 2014040912, 03, LBAR,  12, 131N, 1057W,   0,    0,   ,   0,    ,    0,    0,    0,    0, 
EP, 86, 2014040912, 03, LBAR,  24, 149N, 1062W,   0,    0,   ,   0,    ,    0,    0,    0,    0, 
EP, 86, 2014040912, 03, LBAR,  36, 167N, 1067W,   0,    0,   ,   0,    ,    0,    0,    0,    0, 
EP, 86, 2014040912, 03, LBAR,  48, 185N, 1068W,   0,    0,   ,   0,    ,    0,    0,    0,    0, 
EP, 86, 2014040912, 03, LBAR,  60, 199N, 1065W,   0,    0,   ,   0,    ,    0,    0,    0,    0, 
EP, 86, 2014040912, 03, LBAR,  72, 210N, 1054W,   0,    0,   ,   0,    ,    0,    0,    0,    0, 
EP, 86, 2014040912, 03, LBAR,  84, 219N, 1036W,   0,    0,   ,   0,    ,    0,    0,    0,    0, 
EP, 86, 2014040912, 03, LBAR,  96, 232N, 1014W,   0,    0,   ,   0,    ,    0,    0,    0,    0, 
EP, 86, 2014040912, 03, LBAR, 108, 242N,  981W,   0,    0,   ,   0,    ,    0,    0,    0,    0, 
EP, 86, 2014040912, 03, LBAR, 120, 255N,  937W,   0,    0,   ,   0,    ,    0,    0,    0,    0, 
EP, 86, 2014040912, 03, LGEM,   0, 120N, 1050W,  30,    0, TD,   0,    ,    0,    0,    0,    0, 
EP, 86, 2014040912, 03, LGEM,  12, 131N, 1064W,  27,    0, TD,   0,    ,    0,    0,    0,    0, 
EP, 86, 2014040912, 03, LGEM,  24, 139N, 1076W,  22,    0, TD,   0,    ,    0,    0,    0,    0, 
EP, 86, 2014040912, 03, LGEM,  36, 143N, 1088W,  18,    0, TD,   0,    ,    0,    0,    0,    0, 
EP, 86, 2014040912, 03, LGEM,  48, 143N, 1104W,  15,    0, TD,   0,    ,    0,    0,    0,    0, 
EP, 86, 2014040912, 03, OCD5,   0, 120N, 1050W,  30,    0,   ,   0,    ,    0,    0,    0,    0, 
EP, 86, 2014040912, 03, OCD5,  12, 122N, 1062W,  32,    0,   ,   0,    ,    0,    0,    0,    0, 
EP, 86, 2014040912, 03, OCD5,  24, 127N, 1074W,  34,    0,   ,   0,    ,    0,    0,    0,    0, 
EP, 86, 2014040912, 03, OCD5,  36, 132N, 1087W,  37,    0,   ,   0,    ,    0,    0,    0,    0, 
EP, 86, 2014040912, 03, OCD5,  48, 138N, 1097W,  40,    0,   ,   0,    ,    0,    0,    0,    0, 
EP, 86, 2014040912, 03, OCD5,  60, 144N, 1113W,  38,    0,   ,   0,    ,    0,    0,    0,    0, 
EP, 86, 2014040912, 03, OCD5,  72, 149N, 1129W,  38,    0,   ,   0,    ,    0,    0,    0,    0, 
EP, 86, 2014040912, 03, OCD5,  84, 151N, 1141W,  39,    0,   ,   0,    ,    0,    0,    0,    0, 
EP, 86, 2014040912, 03, OCD5,  96, 156N, 1154W,  41,    0,   ,   0,    ,    0,    0,    0,    0, 
EP, 86, 2014040912, 03, OCD5, 108, 160N, 1171W,  40,    0,   ,   0,    ,    0,    0,    0,    0, 
EP, 86, 2014040912, 03, OCD5, 120, 164N, 1186W,  44,    0,   ,   0,    ,    0,    0,    0,    0, 
EP, 86, 2014040912, 03, SHF5,   0,   0N,    0W,  30,    0,   ,   0,    ,    0,    0,    0,    0, 
EP, 86, 2014040912, 03, SHF5,  12,   0N,    0W,  32,    0,   ,   0,    ,    0,    0,    0,    0, 
EP, 86, 2014040912, 03, SHF5,  24,   0N,    0W,  34,    0,   ,   0,    ,    0,    0,    0,    0, 
EP, 86, 2014040912, 03, SHF5,  36,   0N,    0W,  37,    0,   ,   0,    ,    0,    0,    0,    0, 
EP, 86, 2014040912, 03, SHF5,  48,   0N,    0W,  40,    0,   ,   0,    ,    0,    0,    0,    0, 
EP, 86, 2014040912, 03, SHF5,  60,   0N,    0W,  38,    0,   ,   0,    ,    0,    0,    0,    0, 
EP, 86, 2014040912, 03, SHF5,  72,   0N,    0W,  38,    0,   ,   0,    ,    0,    0,    0,    0, 
EP, 86, 2014040912, 03, SHF5,  84,   0N,    0W,  39,    0,   ,   0,    ,    0,    0,    0,    0, 
EP, 86, 2014040912, 03, SHF5,  96,   0N,    0W,  41,    0,   ,   0,    ,    0,    0,    0,    0, 
EP, 86, 2014040912, 03, SHF5, 108,   0N,    0W,  40,    0,   ,   0,    ,    0,    0,    0,    0, 
EP, 86, 2014040912, 03, SHF5, 120,   0N,    0W,  44,    0,   ,   0,    ,    0,    0,    0,    0, 
EP, 86, 2014040912, 03, SHFR,  12,   0N,    0W,  33,    0,   ,   0,    ,    0,    0,    0,    0, 
EP, 86, 2014040912, 03, SHFR,  24,   0N,    0W,  38,    0,   ,   0,    ,    0,    0,    0,    0, 
EP, 86, 2014040912, 03, SHFR,  36,   0N,    0W,  43,    0,   ,   0,    ,    0,    0,    0,    0, 
EP, 86, 2014040912, 03, SHFR,  48,   0N,    0W,  46,    0,   ,   0,    ,    0,    0,    0,    0, 
EP, 86, 2014040912, 03, SHFR,  60,   0N,    0W,  50,    0,   ,   0,    ,    0,    0,    0,    0, 
EP, 86, 2014040912, 03, SHFR,  72,   0N,    0W,  53,    0,   ,   0,    ,    0,    0,    0,    0, 
EP, 86, 2014040912, 03, SHIP,   0, 120N, 1050W,  30,    0, TD,   0,    ,    0,    0,    0,    0, 
EP, 86, 2014040912, 03, SHIP,  12, 131N, 1064W,  24,    0, TD,   0,    ,    0,    0,    0,    0, 
EP, 86, 2014040912, 03, SHIP,  24, 139N, 1076W,  17,    0, TD,   0,    ,    0,    0,    0,    0, 
EP, 86, 2014040912, 03, XTRP,   0, 120N, 1050W,   0,    0,   ,   0,    ,    0,    0,    0,    0, 
EP, 86, 2014040912, 03, XTRP,  12, 121N, 1059W,   0,    0,   ,   0,    ,    0,    0,    0,    0, 
EP, 86, 2014040912, 03, XTRP,  24, 122N, 1069W,   0,    0,   ,   0,    ,    0,    0,    0,    0, 
EP, 86, 2014040912, 03, XTRP,  36, 123N, 1079W,   0,    0,   ,   0,    ,    0,    0,    0,    0, 
EP, 86, 2014040912, 03, XTRP,  48, 124N, 1089W,   0,    0,   ,   0,    ,    0,    0,    0,    0, 
EP, 86, 2014040912, 03, XTRP,  60, 125N, 1099W,   0,    0,   ,   0,    ,    0,    0,    0,    0, 
EP, 86, 2014040912, 03, XTRP,  72, 126N, 1109W,   0,    0,   ,   0,    ,    0,    0,    0,    0, 
EP, 86, 2014040912, 03, XTRP,  84, 127N, 1119W,   0,    0,   ,   0,    ,    0,    0,    0,    0, 
EP, 86, 2014040912, 03, XTRP,  96, 128N, 1129W,   0,    0,   ,   0,    ,    0,    0,    0,    0, 
EP, 86, 2014040912, 03, XTRP, 108, 129N, 1139W,   0,    0,   ,   0,    ,    0,    0,    0,    0, 
EP, 86, 2014040912, 03, XTRP, 120, 130N, 1149W,   0,    0,   ,   0,    ,    0,    0,    0,    0, 
EP, 86, 2014040912, 03, XTRP, 132, 131N, 1159W,   0,    0,   ,   0,    ,    0,    0,    0,    0, 
EP, 86, 2014040912, 03, XTRP, 144, 132N, 1169W,   0,    0,   ,   0,    ,    0,    0,    0,    0, 
EP, 86, 2014040912, 03, XTRP, 156, 133N, 1179W,   0,    0,   ,   0,    ,    0,    0,    0,    0, 
EP, 86, 2014040912, 03, XTRP, 168, 134N, 1189W,   0,    0,   ,   0,    ,    0,    0,    0,    0, 
EP, 86, 2014041018, 01, CARQ, -24, 121N, 1055W,  35,    0, TS,  34, AAA,    0,    0,    0,    0,    0,    0,   0,   0,   0,   E,   0,   X,   0,   0,       TEST,  , 
EP, 86, 2014041018, 01, CARQ, -18, 122N, 1060W,  35,    0, TS,  34, AAA,    0,    0,    0,    0,    0,    0,   0,   0,   0,   E,   0,   X,   0,   0,       TEST,  , 
EP, 86, 2014041018, 01, CARQ, -12, 123N, 1064W,  35,    0, TS,  34, AAA,    0,    0,    0,    0,    0,    0,   0,   0,   0,   E,   0,   X, 294,   4,       TEST,  , 
EP, 86, 2014041018, 01, CARQ,  -6, 125N, 1067W,  35,    0, TS,  34, AAA,    0,    0,    0,    0,    0,    0,   0,   0,   0,   E,   0,   X,   0,   0,       TEST,  , 
EP, 86, 2014041018, 01, CARQ,   0, 127N, 1070W,  35, 1007, TS,  34, NEQ,   30,    0,    0,    0, 1010,  150,   0,   0,   0,   E,   0,   X, 295,   4,       TEST, S , 
EP, 86, 2014041018, 01, CARQ,   0, 127N, 1070W,  35, 1007, TS,  50, NEQ,    0,    0,    0,    0, 1010,  150,   0,   0,   0,   E,   0,   X, 295,   4,       TEST, S , 
EP, 86, 2014041018, 01, CARQ,   0, 127N, 1070W,  35, 1007, TS,  64, NEQ,    0,    0,    0,    0, 1010,  150,   0,   0,   0,   E,   0,   X, 295,   4,       TEST, S , 
EP, 86, 2014041018, 03, BAMD,  12, 127N, 1080W,   0,    0,   ,   0,    ,    0,    0,    0,    0, 
EP, 86, 2014041018, 03, BAMD,  24, 124N, 1096W,   0,    0,   ,   0,    ,    0,    0,    0,    0, 
EP, 86, 2014041018, 03, BAMD,  36, 121N, 1117W,   0,    0,   ,   0,    ,    0,    0,    0,    0, 
EP, 86, 2014041018, 03, BAMD,  48, 121N, 1137W,   0,    0,   ,   0,    ,    0,    0,    0,    0, 
EP, 86, 2014041018, 03, BAMD,  60, 123N, 1157W,   0,    0,   ,   0,    ,    0,    0,    0,    0, 
EP, 86, 2014041018, 03, BAMD,  72, 126N, 1174W,   0,    0,   ,   0,    ,    0,    0,    0,    0, 
EP, 86, 2014041018, 03, BAMD,  84, 130N, 1189W,   0,    0,   ,   0,    ,    0,    0,    0,    0, 
EP, 86, 2014041018, 03, BAMD,  96, 133N, 1203W,   0,    0,   ,   0,    ,    0,    0,    0,    0, 
EP, 86, 2014041018, 03, BAMD, 108, 134N, 1216W,   0,    0,   ,   0,    ,    0,    0,    0,    0, 
EP, 86, 2014041018, 03, BAMD, 120, 135N, 1228W,   0,    0,   ,   0,    ,    0,    0,    0,    0, 
EP, 86, 2014041018, 03, BAMD, 132, 137N, 1242W,   0,    0,   ,   0,    ,    0,    0,    0,    0, 
EP, 86, 2014041018, 03, BAMD, 144, 141N, 1254W,   0,    0,   ,   0,    ,    0,    0,    0,    0, 
EP, 86, 2014041018, 03, BAMD, 156, 146N, 1263W,   0,    0,   ,   0,    ,    0,    0,    0,    0, 
EP, 86, 2014041018, 03, BAMD, 168, 151N, 1269W,   0,    0,   ,   0,    ,    0,    0,    0,    0, 
EP, 86, 2014041018, 03, BAMM,  12, 129N, 1085W,   0,    0,   ,   0,    ,    0,    0,    0,    0, 
EP, 86, 2014041018, 03, BAMM,  24, 128N, 1105W,   0,    0,   ,   0,    ,    0,    0,    0,    0, 
EP, 86, 2014041018, 03, BAMM,  36, 127N, 1129W,   0,    0,   ,   0,    ,    0,    0,    0,    0, 
EP, 86, 2014041018, 03, BAMM,  48, 126N, 1155W,   0,    0,   ,   0,    ,    0,    0,    0,    0, 
EP, 86, 2014041018, 03, BAMM,  60, 130N, 1180W,   0,    0,   ,   0,    ,    0,    0,    0,    0, 
EP, 86, 2014041018, 03, BAMM,  72, 135N, 1202W,   0,    0,   ,   0,    ,    0,    0,    0,    0, 
EP, 86, 2014041018, 03, BAMM,  84, 140N, 1222W,   0,    0,   ,   0,    ,    0,    0,    0,    0, 
EP, 86, 2014041018, 03, BAMM,  96, 145N, 1241W,   0,    0,   ,   0,    ,    0,    0,    0,    0, 
EP, 86, 2014041018, 03, BAMM, 108, 150N, 1259W,   0,    0,   ,   0,    ,    0,    0,    0,    0, 
EP, 86, 2014041018, 03, BAMM, 120, 154N, 1277W,   0,    0,   ,   0,    ,    0,    0,    0,    0, 
EP, 86, 2014041018, 03, BAMM, 132, 159N, 1295W,   0,    0,   ,   0,    ,    0,    0,    0,    0, 
EP, 86, 2014041018, 03, BAMM, 144, 165N, 1312W,   0,    0,   ,   0,    ,    0,    0,    0,    0, 
EP, 86, 2014041018, 03, BAMM, 156, 173N, 1324W,   0,    0,   ,   0,    ,    0,    0,    0,    0, 
EP, 86, 2014041018, 03, BAMM, 168, 182N, 1331W,   0,    0,   ,   0,    ,    0,    0,    0,    0, 
EP, 86, 2014041018, 03, BAMS,  12, 135N, 1099W,   0,    0,   ,   0,    ,    0,    0,    0,    0, 
EP, 86, 2014041018, 03, BAMS,  24, 143N, 1125W,   0,    0,   ,   0,    ,    0,    0,    0,    0, 
EP, 86, 2014041018, 03, BAMS,  36, 150N, 1145W,   0,    0,   ,   0,    ,    0,    0,    0,    0, 
EP, 86, 2014041018, 03, BAMS,  48, 156N, 1163W,   0,    0,   ,   0,    ,    0,    0,    0,    0, 
EP, 86, 2014041018, 03, BAMS,  60, 163N, 1176W,   0,    0,   ,   0,    ,    0,    0,    0,    0, 
EP, 86, 2014041018, 03, BAMS,  72, 168N, 1185W,   0,    0,   ,   0,    ,    0,    0,    0,    0, 
EP, 86, 2014041018, 03, BAMS,  84, 171N, 1192W,   0,    0,   ,   0,    ,    0,    0,    0,    0, 
EP, 86, 2014041018, 03, BAMS,  96, 172N, 1198W,   0,    0,   ,   0,    ,    0,    0,    0,    0, 
EP, 86, 2014041018, 03, BAMS, 108, 171N, 1206W,   0,    0,   ,   0,    ,    0,    0,    0,    0, 
EP, 86, 2014041018, 03, BAMS, 120, 171N, 1214W,   0,    0,   ,   0,    ,    0,    0,    0,    0, 
EP, 86, 2014041018, 03, BAMS, 132, 170N, 1220W,   0,    0,   ,   0,    ,    0,    0,    0,    0, 
EP, 86, 2014041018, 03, BAMS, 144, 168N, 1226W,   0,    0,   ,   0,    ,    0,    0,    0,    0, 
EP, 86, 2014041018, 03, BAMS, 156, 168N, 1230W,   0,    0,   ,   0,    ,    0,    0,    0,    0, 
EP, 86, 2014041018, 03, BAMS, 168, 166N, 1232W,   0,    0,   ,   0,    ,    0,    0,    0,    0, 
EP, 86, 2014041018, 03, CLIP,  12, 130N, 1077W,   0,    0,   ,   0,    ,    0,    0,    0,    0, 
EP, 86, 2014041018, 03, CLIP,  24, 133N, 1082W,   0,    0,   ,   0,    ,    0,    0,    0,    0, 
EP, 86, 2014041018, 03, CLIP,  36, 136N, 1086W,   0,    0,   ,   0,    ,    0,    0,    0,    0, 
EP, 86, 2014041018, 03, CLIP,  48, 137N, 1092W,   0,    0,   ,   0,    ,    0,    0,    0,    0, 
EP, 86, 2014041018, 03, CLIP,  60, 135N, 1099W,   0,    0,   ,   0,    ,    0,    0,    0,    0, 
EP, 86, 2014041018, 03, CLIP,  72, 130N, 1108W,   0,    0,   ,   0,    ,    0,    0,    0,    0, 
EP, 86, 2014041018, 03, CLP5,  12, 131N, 1079W,   0,    0,   ,   0,    ,    0,    0,    0,    0, 
EP, 86, 2014041018, 03, CLP5,  24, 137N, 1090W,   0,    0,   ,   0,    ,    0,    0,    0,    0, 
EP, 86, 2014041018, 03, CLP5,  36, 142N, 1102W,   0,    0,   ,   0,    ,    0,    0,    0,    0, 
EP, 86, 2014041018, 03, CLP5,  48, 148N, 1111W,   0,    0,   ,   0,    ,    0,    0,    0,    0, 
EP, 86, 2014041018, 03, CLP5,  60, 153N, 1125W,   0,    0,   ,   0,    ,    0,    0,    0,    0, 
EP, 86, 2014041018, 03, CLP5,  72, 158N, 1140W,   0,    0,   ,   0,    ,    0,    0,    0,    0, 
EP, 86, 2014041018, 03, CLP5,  84, 159N, 1151W,   0,    0,   ,   0,    ,    0,    0,    0,    0, 
EP, 86, 2014041018, 03, CLP5,  96, 164N, 1162W,   0,    0,   ,   0,    ,    0,    0,    0,    0, 
EP, 86, 2014041018, 03, CLP5, 108, 168N, 1177W,   0,    0,   ,   0,    ,    0,    0,    0,    0, 
EP, 86, 2014041018, 03, CLP5, 120, 172N, 1191W,   0,    0,   ,   0,    ,    0,    0,    0,    0, 
EP, 86, 2014041018, 03, DSHP,   0, 127N, 1070W,  35,    0, TS,   0,    ,    0,    0,    0,    0, 
EP, 86, 2014041018, 03, DSHP,  12, 129N, 1085W,  28,    0, TD,   0,    ,    0,    0,    0,    0, 
EP, 86, 2014041018, 03, DSHP,  24, 128N, 1105W,  22,    0, TD,   0,    ,    0,    0,    0,    0, 
EP, 86, 2014041018, 03, DSHP,  36, 127N, 1129W,  17,    0, TD,   0,    ,    0,    0,    0,    0, 
EP, 86, 2014041018, 03, LBAR,   0, 127N, 1070W,  35,    0,   ,   0,    ,    0,    0,    0,    0, 
EP, 86, 2014041018, 03, LBAR,  12, 130N, 1078W,   0,    0,   ,   0,    ,    0,    0,    0,    0, 
EP, 86, 2014041018, 03, LBAR,  24, 139N, 1090W,   0,    0,   ,   0,    ,    0,    0,    0,    0, 
EP, 86, 2014041018, 03, LBAR,  36, 148N, 1103W,   0,    0,   ,   0,    ,    0,    0,    0,    0, 
EP, 86, 2014041018, 03, LBAR,  48, 156N, 1113W,   0,    0,   ,   0,    ,    0,    0,    0,    0, 
EP, 86, 2014041018, 03, LBAR,  60, 164N, 1120W,   0,    0,   ,   0,    ,    0,    0,    0,    0, 
EP, 86, 2014041018, 03, LBAR,  72, 166N, 1125W,   0,    0,   ,   0,    ,    0,    0,    0,    0, 
EP, 86, 2014041018, 03, LBAR,  84, 166N, 1126W,   0,    0,   ,   0,    ,    0,    0,    0,    0, 
EP, 86, 2014041018, 03, LBAR,  96, 163N, 1126W,   0,    0,   ,   0,    ,    0,    0,    0,    0, 
EP, 86, 2014041018, 03, LBAR, 108, 152N, 1132W,   0,    0,   ,   0,    ,    0,    0,    0,    0, 
EP, 86, 2014041018, 03, LBAR, 120, 142N, 1136W,   0,    0,   ,   0,    ,    0,    0,    0,    0, 
EP, 86, 2014041018, 03, LGEM,   0, 127N, 1070W,  35,    0, TS,   0,    ,    0,    0,    0,    0, 
EP, 86, 2014041018, 03, LGEM,  12, 129N, 1085W,  32,    0, TD,   0,    ,    0,    0,    0,    0, 
EP, 86, 2014041018, 03, LGEM,  24, 128N, 1105W,  27,    0, TD,   0,    ,    0,    0,    0,    0, 
EP, 86, 2014041018, 03, LGEM,  36, 127N, 1129W,  23,    0, TD,   0,    ,    0,    0,    0,    0, 
EP, 86, 2014041018, 03, LGEM,  48, 126N, 1155W,  19,    0, TD,   0,    ,    0,    0,    0,    0, 
EP, 86, 2014041018, 03, LGEM,  60, 130N, 1180W,  16,    0, TD,   0,    ,    0,    0,    0,    0, 
EP, 86, 2014041018, 03, OCD5,   0, 127N, 1070W,  35,    0,   ,   0,    ,    0,    0,    0,    0, 
EP, 86, 2014041018, 03, OCD5,  12, 131N, 1079W,  36,    0,   ,   0,    ,    0,    0,    0,    0, 
EP, 86, 2014041018, 03, OCD5,  24, 137N, 1090W,  37,    0,   ,   0,    ,    0,    0,    0,    0, 
EP, 86, 2014041018, 03, OCD5,  36, 142N, 1102W,  38,    0,   ,   0,    ,    0,    0,    0,    0, 
EP, 86, 2014041018, 03, OCD5,  48, 148N, 1111W,  38,    0,   ,   0,    ,    0,    0,    0,    0, 
EP, 86, 2014041018, 03, OCD5,  60, 153N, 1125W,  37,    0,   ,   0,    ,    0,    0,    0,    0, 
EP, 86, 2014041018, 03, OCD5,  72, 158N, 1140W,  36,    0,   ,   0,    ,    0,    0,    0,    0, 
EP, 86, 2014041018, 03, OCD5,  84, 159N, 1151W,  36,    0,   ,   0,    ,    0,    0,    0,    0, 
EP, 86, 2014041018, 03, OCD5,  96, 164N, 1162W,  37,    0,   ,   0,    ,    0,    0,    0,    0, 
EP, 86, 2014041018, 03, OCD5, 108, 168N, 1177W,  36,    0,   ,   0,    ,    0,    0,    0,    0, 
EP, 86, 2014041018, 03, OCD5, 120, 172N, 1191W,  39,    0,   ,   0,    ,    0,    0,    0,    0, 
EP, 86, 2014041018, 03, SHF5,   0,   0N,    0W,  35,    0,   ,   0,    ,    0,    0,    0,    0, 
EP, 86, 2014041018, 03, SHF5,  12,   0N,    0W,  36,    0,   ,   0,    ,    0,    0,    0,    0, 
EP, 86, 2014041018, 03, SHF5,  24,   0N,    0W,  37,    0,   ,   0,    ,    0,    0,    0,    0, 
EP, 86, 2014041018, 03, SHF5,  36,   0N,    0W,  38,    0,   ,   0,    ,    0,    0,    0,    0, 
EP, 86, 2014041018, 03, SHF5,  48,   0N,    0W,  38,    0,   ,   0,    ,    0,    0,    0,    0, 
EP, 86, 2014041018, 03, SHF5,  60,   0N,    0W,  37,    0,   ,   0,    ,    0,    0,    0,    0, 
EP, 86, 2014041018, 03, SHF5,  72,   0N,    0W,  36,    0,   ,   0,    ,    0,    0,    0,    0, 
EP, 86, 2014041018, 03, SHF5,  84,   0N,    0W,  36,    0,   ,   0,    ,    0,    0,    0,    0, 
EP, 86, 2014041018, 03, SHF5,  96,   0N,    0W,  37,    0,   ,   0,    ,    0,    0,    0,    0, 
EP, 86, 2014041018, 03, SHF5, 108,   0N,    0W,  36,    0,   ,   0,    ,    0,    0,    0,    0, 
EP, 86, 2014041018, 03, SHF5, 120,   0N,    0W,  39,    0,   ,   0,    ,    0,    0,    0,    0, 
EP, 86, 2014041018, 03, SHFR,  12,   0N,    0W,  38,    0,   ,   0,    ,    0,    0,    0,    0, 
EP, 86, 2014041018, 03, SHFR,  24,   0N,    0W,  41,    0,   ,   0,    ,    0,    0,    0,    0, 
EP, 86, 2014041018, 03, SHFR,  36,   0N,    0W,  45,    0,   ,   0,    ,    0,    0,    0,    0, 
EP, 86, 2014041018, 03, SHFR,  48,   0N,    0W,  47,    0,   ,   0,    ,    0,    0,    0,    0, 
EP, 86, 2014041018, 03, SHFR,  60,   0N,    0W,  50,    0,   ,   0,    ,    0,    0,    0,    0, 
EP, 86, 2014041018, 03, SHFR,  72,   0N,    0W,  51,    0,   ,   0,    ,    0,    0,    0,    0, 
EP, 86, 2014041018, 03, SHIP,   0, 127N, 1070W,  35,    0, TS,   0,    ,    0,    0,    0,    0, 
EP, 86, 2014041018, 03, SHIP,  12, 129N, 1085W,  28,    0, TD,   0,    ,    0,    0,    0,    0, 
EP, 86, 2014041018, 03, SHIP,  24, 128N, 1105W,  22,    0, TD,   0,    ,    0,    0,    0,    0, 
EP, 86, 2014041018, 03, SHIP,  36, 127N, 1129W,  17,    0, TD,   0,    ,    0,    0,    0,    0, 
EP, 86, 2014041018, 03, XTRP,   0, 127N, 1070W,   0,    0,   ,   0,    ,    0,    0,    0,    0, 
EP, 86, 2014041018, 03, XTRP,  12, 131N, 1075W,   0,    0,   ,   0,    ,    0,    0,    0,    0, 
EP, 86, 2014041018, 03, XTRP,  24, 135N, 1081W,   0,    0,   ,   0,    ,    0,    0,    0,    0, 
EP, 86, 2014041018, 03, XTRP,  36, 139N, 1087W,   0,    0,   ,   0,    ,    0,    0,    0,    0, 
EP, 86, 2014041018, 03, XTRP,  48, 143N, 1093W,   0,    0,   ,   0,    ,    0,    0,    0,    0, 
EP, 86, 2014041018, 03, XTRP,  60, 147N, 1099W,   0,    0,   ,   0,    ,    0,    0,    0,    0, 
EP, 86, 2014041018, 03, XTRP,  72, 151N, 1105W,   0,    0,   ,   0,    ,    0,    0,    0,    0, 
EP, 86, 2014041018, 03, XTRP,  84, 155N, 1111W,   0,    0,   ,   0,    ,    0,    0,    0,    0, 
EP, 86, 2014041018, 03, XTRP,  96, 159N, 1118W,   0,    0,   ,   0,    ,    0,    0,    0,    0, 
EP, 86, 2014041018, 03, XTRP, 108, 163N, 1124W,   0,    0,   ,   0,    ,    0,    0,    0,    0, 
EP, 86, 2014041018, 03, XTRP, 120, 167N, 1130W,   0,    0,   ,   0,    ,    0,    0,    0,    0, 
EP, 86, 2014041018, 03, XTRP, 132, 171N, 1136W,   0,    0,   ,   0,    ,    0,    0,    0,    0, 
EP, 86, 2014041018, 03, XTRP, 144, 175N, 1142W,   0,    0,   ,   0,    ,    0,    0,    0,    0, 
EP, 86, 2014041018, 03, XTRP, 156, 179N, 1148W,   0,    0,   ,   0,    ,    0,    0,    0,    0, 
EP, 86, 2014041018, 03, XTRP, 168, 183N, 1155W,   0,    0,   ,   0,    ,    0,    0,    0,    0, 
EP, 86, 2014052118, 01, CARQ, -24, 150N, 1237W,  30,    0, TD,  34, AAA,    0,    0,    0,    0,    0,    0,   0,   0,   0,   E,   0,   X,   0,   0,       TEST,  , 
EP, 86, 2014052118, 01, CARQ, -18, 150N, 1241W,  30,    0, TD,  34, AAA,    0,    0,    0,    0,    0,    0,   0,   0,   0,   E,   0,   X,   0,   0,       TEST,  , 
EP, 86, 2014052118, 01, CARQ, -12, 150N, 1245W,  30,    0, TD,  34, AAA,    0,    0,    0,    0,    0,    0,   0,   0,   0,   E,   0,   X, 270,   3,       TEST,  , 
EP, 86, 2014052118, 01, CARQ,  -6, 150N, 1248W,  30,    0, TD,  34, AAA,    0,    0,    0,    0,    0,    0,   0,   0,   0,   E,   0,   X,   0,   0,       TEST,  , 
EP, 86, 2014052118, 01, CARQ,   0, 150N, 1251W,  30, 1009, TD,  34, NEQ,    0,    0,    0,    0, 1010,  150,   0,   0,   0,   E,   0,   X, 270,   3,       TEST, S, 
EP, 86, 2014052118, 01, CARQ,   0, 150N, 1251W,  30, 1009, TD,  50, NEQ,    0,    0,    0,    0, 1010,  150,   0,   0,   0,   E,   0,   X, 270,   3,       TEST, S, 
EP, 86, 2014052118, 01, CARQ,   0, 150N, 1251W,  30, 1009, TD,  64, NEQ,    0,    0,    0,    0, 1010,  150,   0,   0,   0,   E,   0,   X, 270,   3,       TEST, S, 
EP, 86, 2014052118, 03, BAMD,  12, 146N, 1217W,   0,    0,   ,   0,    ,    0,    0,    0,    0, 
EP, 86, 2014052118, 03, BAMD,  24, 146N, 1186W,   0,    0,   ,   0,    ,    0,    0,    0,    0, 
EP, 86, 2014052118, 03, BAMD,  36, 152N, 1162W,   0,    0,   ,   0,    ,    0,    0,    0,    0, 
EP, 86, 2014052118, 03, BAMD,  48, 158N, 1146W,   0,    0,   ,   0,    ,    0,    0,    0,    0, 
EP, 86, 2014052118, 03, BAMD,  60, 168N, 1133W,   0,    0,   ,   0,    ,    0,    0,    0,    0, 
EP, 86, 2014052118, 03, BAMD,  72, 180N, 1116W,   0,    0,   ,   0,    ,    0,    0,    0,    0, 
EP, 86, 2014052118, 03, BAMD,  84, 199N, 1094W,   0,    0,   ,   0,    ,    0,    0,    0,    0, 
EP, 86, 2014052118, 03, BAMD,  96, 223N, 1060W,   0,    0,   ,   0,    ,    0,    0,    0,    0, 
EP, 86, 2014052118, 03, BAMD, 108, 250N, 1016W,   0,    0,   ,   0,    ,    0,    0,    0,    0, 
EP, 86, 2014052118, 03, BAMD, 120, 280N,  972W,   0,    0,   ,   0,    ,    0,    0,    0,    0, 
EP, 86, 2014052118, 03, BAMD, 132, 312N,  928W,   0,    0,   ,   0,    ,    0,    0,    0,    0, 
EP, 86, 2014052118, 03, BAMD, 144, 336N,  894W,   0,    0,   ,   0,    ,    0,    0,    0,    0, 
EP, 86, 2014052118, 03, BAMD, 156, 347N,  870W,   0,    0,   ,   0,    ,    0,    0,    0,    0, 
EP, 86, 2014052118, 03, BAMD, 168, 346N,  849W,   0,    0,   ,   0,    ,    0,    0,    0,    0, 
EP, 86, 2014052118, 03, BAMM,  12, 143N, 1250W,   0,    0,   ,   0,    ,    0,    0,    0,    0, 
EP, 86, 2014052118, 03, BAMM,  24, 139N, 1251W,   0,    0,   ,   0,    ,    0,    0,    0,    0, 
EP, 86, 2014052118, 03, BAMM,  36, 139N, 1253W,   0,    0,   ,   0,    ,    0,    0,    0,    0, 
EP, 86, 2014052118, 03, BAMM,  48, 140N, 1255W,   0,    0,   ,   0,    ,    0,    0,    0,    0, 
EP, 86, 2014052118, 03, BAMM,  60, 142N, 1259W,   0,    0,   ,   0,    ,    0,    0,    0,    0, 
EP, 86, 2014052118, 03, BAMM,  72, 146N, 1262W,   0,    0,   ,   0,    ,    0,    0,    0,    0, 
EP, 86, 2014052118, 03, BAMM,  84, 152N, 1264W,   0,    0,   ,   0,    ,    0,    0,    0,    0, 
EP, 86, 2014052118, 03, BAMM,  96, 159N, 1263W,   0,    0,   ,   0,    ,    0,    0,    0,    0, 
EP, 86, 2014052118, 03, BAMM, 108, 167N, 1261W,   0,    0,   ,   0,    ,    0,    0,    0,    0, 
EP, 86, 2014052118, 03, BAMM, 120, 176N, 1260W,   0,    0,   ,   0,    ,    0,    0,    0,    0, 
EP, 86, 2014052118, 03, BAMM, 132, 186N, 1260W,   0,    0,   ,   0,    ,    0,    0,    0,    0, 
EP, 86, 2014052118, 03, BAMM, 144, 193N, 1260W,   0,    0,   ,   0,    ,    0,    0,    0,    0, 
EP, 86, 2014052118, 03, BAMM, 156, 197N, 1260W,   0,    0,   ,   0,    ,    0,    0,    0,    0, 
EP, 86, 2014052118, 03, BAMM, 168, 197N, 1261W,   0,    0,   ,   0,    ,    0,    0,    0,    0, 
EP, 86, 2014052118, 03, BAMS,  12, 147N, 1262W,   0,    0,   ,   0,    ,    0,    0,    0,    0, 
EP, 86, 2014052118, 03, BAMS,  24, 145N, 1272W,   0,    0,   ,   0,    ,    0,    0,    0,    0, 
EP, 86, 2014052118, 03, BAMS,  36, 143N, 1281W,   0,    0,   ,   0,    ,    0,    0,    0,    0, 
EP, 86, 2014052118, 03, BAMS,  48, 141N, 1289W,   0,    0,   ,   0,    ,    0,    0,    0,    0, 
EP, 86, 2014052118, 03, BAMS,  60, 138N, 1299W,   0,    0,   ,   0,    ,    0,    0,    0,    0, 
EP, 86, 2014052118, 03, BAMS,  72, 136N, 1308W,   0,    0,   ,   0,    ,    0,    0,    0,    0, 
EP, 86, 2014052118, 03, BAMS,  84, 134N, 1316W,   0,    0,   ,   0,    ,    0,    0,    0,    0, 
EP, 86, 2014052118, 03, BAMS,  96, 132N, 1324W,   0,    0,   ,   0,    ,    0,    0,    0,    0, 
EP, 86, 2014052118, 03, BAMS, 108, 132N, 1330W,   0,    0,   ,   0,    ,    0,    0,    0,    0, 
EP, 86, 2014052118, 03, BAMS, 120, 133N, 1336W,   0,    0,   ,   0,    ,    0,    0,    0,    0, 
EP, 86, 2014052118, 03, BAMS, 132, 134N, 1342W,   0,    0,   ,   0,    ,    0,    0,    0,    0, 
EP, 86, 2014052118, 03, BAMS, 144, 136N, 1349W,   0,    0,   ,   0,    ,    0,    0,    0,    0, 
EP, 86, 2014052118, 03, BAMS, 156, 138N, 1356W,   0,    0,   ,   0,    ,    0,    0,    0,    0, 
EP, 86, 2014052118, 03, BAMS, 168, 139N, 1364W,   0,    0,   ,   0,    ,    0,    0,    0,    0, 
EP, 86, 2014052118, 03, CLIP,  12, 150N, 1257W,   0,    0,   ,   0,    ,    0,    0,    0,    0, 
EP, 86, 2014052118, 03, CLIP,  24, 149N, 1262W,   0,    0,   ,   0,    ,    0,    0,    0,    0, 
EP, 86, 2014052118, 03, CLIP,  36, 148N, 1267W,   0,    0,   ,   0,    ,    0,    0,    0,    0, 
EP, 86, 2014052118, 03, CLIP,  48, 147N, 1270W,   0,    0,   ,   0,    ,    0,    0,    0,    0, 
EP, 86, 2014052118, 03, CLIP,  60, 142N, 1276W,   0,    0,   ,   0,    ,    0,    0,    0,    0, 
EP, 86, 2014052118, 03, CLIP,  72, 131N, 1287W,   0,    0,   ,   0,    ,    0,    0,    0,    0, 
EP, 86, 2014052118, 03, CLP5,  12, 151N, 1259W,   0,    0,   ,   0,    ,    0,    0,    0,    0, 
EP, 86, 2014052118, 03, CLP5,  24, 153N, 1270W,   0,    0,   ,   0,    ,    0,    0,    0,    0, 
EP, 86, 2014052118, 03, CLP5,  36, 156N, 1281W,   0,    0,   ,   0,    ,    0,    0,    0,    0, 
EP, 86, 2014052118, 03, CLP5,  48, 159N, 1290W,   0,    0,   ,   0,    ,    0,    0,    0,    0, 
EP, 86, 2014052118, 03, CLP5,  60, 164N, 1305W,   0,    0,   ,   0,    ,    0,    0,    0,    0, 
EP, 86, 2014052118, 03, CLP5,  72, 169N, 1320W,   0,    0,   ,   0,    ,    0,    0,    0,    0, 
EP, 86, 2014052118, 03, CLP5,  84, 170N, 1332W,   0,    0,   ,   0,    ,    0,    0,    0,    0, 
EP, 86, 2014052118, 03, CLP5,  96, 174N, 1344W,   0,    0,   ,   0,    ,    0,    0,    0,    0, 
EP, 86, 2014052118, 03, CLP5, 108, 178N, 1358W,   0,    0,   ,   0,    ,    0,    0,    0,    0, 
EP, 86, 2014052118, 03, CLP5, 120, 182N, 1374W,   0,    0,   ,   0,    ,    0,    0,    0,    0, 
EP, 86, 2014052118, 03, DSHP,   0, 150N, 1251W,  30,    0, TD,   0,    ,    0,    0,    0,    0, 
EP, 86, 2014052118, 03, DSHP,  12, 143N, 1250W,  22,    0, TD,   0,    ,    0,    0,    0,    0, 
EP, 86, 2014052118, 03, LBAR,   0, 150N, 1251W,  30,    0,   ,   0,    ,    0,    0,    0,    0, 
EP, 86, 2014052118, 03, LBAR,  12, 152N, 1240W,   0,    0,   ,   0,    ,    0,    0,    0,    0, 
EP, 86, 2014052118, 03, LBAR,  24, 157N, 1232W,   0,    0,   ,   0,    ,    0,    0,    0,    0, 
EP, 86, 2014052118, 03, LBAR,  36, 169N, 1225W,   0,    0,   ,   0,    ,    0,    0,    0,    0, 
EP, 86, 2014052118, 03, LBAR,  48, 185N, 1217W,   0,    0,   ,   0,    ,    0,    0,    0,    0, 
EP, 86, 2014052118, 03, LBAR,  60, 202N, 1207W,   0,    0,   ,   0,    ,    0,    0,    0,    0, 
EP, 86, 2014052118, 03, LBAR,  72, 219N, 1190W,   0,    0,   ,   0,    ,    0,    0,    0,    0, 
EP, 86, 2014052118, 03, LBAR,  84, 232N, 1166W,   0,    0,   ,   0,    ,    0,    0,    0,    0, 
EP, 86, 2014052118, 03, LBAR,  96, 246N, 1138W,   0,    0,   ,   0,    ,    0,    0,    0,    0, 
EP, 86, 2014052118, 03, LBAR, 108, 260N, 1103W,   0,    0,   ,   0,    ,    0,    0,    0,    0, 
EP, 86, 2014052118, 03, LBAR, 120, 272N, 1068W,   0,    0,   ,   0,    ,    0,    0,    0,    0, 
EP, 86, 2014052118, 03, LGEM,   0, 150N, 1251W,  30,    0, TD,   0,    ,    0,    0,    0,    0, 
EP, 86, 2014052118, 03, LGEM,  12, 143N, 1250W,  25,    0, TD,   0,    ,    0,    0,    0,    0, 
EP, 86, 2014052118, 03, LGEM,  24, 139N, 1251W,  18,    0, TD,   0,    ,    0,    0,    0,    0, 
EP, 86, 2014052118, 03, OCD5,   0, 150N, 1251W,  30,    0,   ,   0,    ,    0,    0,    0,    0, 
EP, 86, 2014052118, 03, OCD5,  12, 151N, 1259W,  29,    0,   ,   0,    ,    0,    0,    0,    0, 
EP, 86, 2014052118, 03, OCD5,  24, 153N, 1270W,  26,    0,   ,   0,    ,    0,    0,    0,    0, 
EP, 86, 2014052118, 03, OCD5,  36, 156N, 1281W,  24,    0,   ,   0,    ,    0,    0,    0,    0, 
EP, 86, 2014052118, 03, OCD5,  48, 159N, 1290W,  21,    0,   ,   0,    ,    0,    0,    0,    0, 
EP, 86, 2014052118, 03, OCD5,  60, 164N, 1305W,  27,    0,   ,   0,    ,    0,    0,    0,    0, 
EP, 86, 2014052118, 03, OCD5,  72, 169N, 1320W,  26,    0,   ,   0,    ,    0,    0,    0,    0, 
EP, 86, 2014052118, 03, OCD5,  84, 170N, 1332W,  27,    0,   ,   0,    ,    0,    0,    0,    0, 
EP, 86, 2014052118, 03, OCD5,  96, 174N, 1344W,  28,    0,   ,   0,    ,    0,    0,    0,    0, 
EP, 86, 2014052118, 03, OCD5, 108, 178N, 1358W,  29,    0,   ,   0,    ,    0,    0,    0,    0, 
EP, 86, 2014052118, 03, OCD5, 120, 182N, 1374W,  35,    0,   ,   0,    ,    0,    0,    0,    0, 
EP, 86, 2014052118, 03, SHF5,   0,   0N,    0W,  30,    0,   ,   0,    ,    0,    0,    0,    0, 
EP, 86, 2014052118, 03, SHF5,  12,   0N,    0W,  29,    0,   ,   0,    ,    0,    0,    0,    0, 
EP, 86, 2014052118, 03, SHF5,  24,   0N,    0W,  26,    0,   ,   0,    ,    0,    0,    0,    0, 
EP, 86, 2014052118, 03, SHF5,  36,   0N,    0W,  24,    0,   ,   0,    ,    0,    0,    0,    0, 
EP, 86, 2014052118, 03, SHF5,  48,   0N,    0W,  21,    0,   ,   0,    ,    0,    0,    0,    0, 
EP, 86, 2014052118, 03, SHF5,  60,   0N,    0W,  27,    0,   ,   0,    ,    0,    0,    0,    0, 
EP, 86, 2014052118, 03, SHF5,  72,   0N,    0W,  26,    0,   ,   0,    ,    0,    0,    0,    0, 
EP, 86, 2014052118, 03, SHF5,  84,   0N,    0W,  27,    0,   ,   0,    ,    0,    0,    0,    0, 
EP, 86, 2014052118, 03, SHF5,  96,   0N,    0W,  28,    0,   ,   0,    ,    0,    0,    0,    0, 
EP, 86, 2014052118, 03, SHF5, 108,   0N,    0W,  29,    0,   ,   0,    ,    0,    0,    0,    0, 
EP, 86, 2014052118, 03, SHF5, 120,   0N,    0W,  35,    0,   ,   0,    ,    0,    0,    0,    0, 
EP, 86, 2014052118, 03, SHFR,  12,   0N,    0W,  30,    0,   ,   0,    ,    0,    0,    0,    0, 
EP, 86, 2014052118, 03, SHFR,  24,   0N,    0W,  31,    0,   ,   0,    ,    0,    0,    0,    0, 
EP, 86, 2014052118, 03, SHFR,  36,   0N,    0W,  32,    0,   ,   0,    ,    0,    0,    0,    0, 
EP, 86, 2014052118, 03, SHFR,  48,   0N,    0W,  34,    0,   ,   0,    ,    0,    0,    0,    0, 
EP, 86, 2014052118, 03, SHFR,  60,   0N,    0W,  35,    0,   ,   0,    ,    0,    0,    0,    0, 
EP, 86, 2014052118, 03, SHFR,  72,   0N,    0W,  36,    0,   ,   0,    ,    0,    0,    0,    0, 
EP, 86, 2014052118, 03, SHIP,   0, 150N, 1251W,  30,    0, TD,   0,    ,    0,    0,    0,    0, 
EP, 86, 2014052118, 03, SHIP,  12, 143N, 1250W,  22,    0, TD,   0,    ,    0,    0,    0,    0, 
EP, 86, 2014052118, 03, XTRP,   0, 150N, 1251W,   0,    0,   ,   0,    ,    0,    0,    0,    0, 
EP, 86, 2014052118, 03, XTRP,  12, 150N, 1256W,   0,    0,   ,   0,    ,    0,    0,    0,    0, 
EP, 86, 2014052118, 03, XTRP,  24, 150N, 1262W,   0,    0,   ,   0,    ,    0,    0,    0,    0, 
EP, 86, 2014052118, 03, XTRP,  36, 150N, 1268W,   0,    0,   ,   0,    ,    0,    0,    0,    0, 
EP, 86, 2014052118, 03, XTRP,  48, 150N, 1274W,   0,    0,   ,   0,    ,    0,    0,    0,    0, 
EP, 86, 2014052118, 03, XTRP,  60, 150N, 1280W,   0,    0,   ,   0,    ,    0,    0,    0,    0, 
EP, 86, 2014052118, 03, XTRP,  72, 150N, 1286W,   0,    0,   ,   0,    ,    0,    0,    0,    0, 
EP, 86, 2014052118, 03, XTRP,  84, 150N, 1292W,   0,    0,   ,   0,    ,    0,    0,    0,    0, 
EP, 86, 2014052118, 03, XTRP,  96, 150N, 1298W,   0,    0,   ,   0,    ,    0,    0,    0,    0, 
EP, 86, 2014052118, 03, XTRP, 108, 150N, 1304W,   0,    0,   ,   0,    ,    0,    0,    0,    0, 
EP, 86, 2014052118, 03, XTRP, 120, 150N, 1310W,   0,    0,   ,   0,    ,    0,    0,    0,    0, 
EP, 86, 2014052118, 03, XTRP, 132, 150N, 1316W,   0,    0,   ,   0,    ,    0,    0,    0,    0, 
EP, 86, 2014052118, 03, XTRP, 144, 150N, 1322W,   0,    0,   ,   0,    ,    0,    0,    0,    0, 
EP, 86, 2014052118, 03, XTRP, 156, 150N, 1328W,   0,    0,   ,   0,    ,    0,    0,    0,    0, 
EP, 86, 2014052118, 03, XTRP, 168, 150N, 1334W,   0,    0,   ,   0,    ,    0,    0,    0,    0, 
EP, 86, 2014061712, 01, CARQ, -24, 106N,  958W,  20,    0, TD,  34, AAA,    0,    0,    0,    0,    0,    0,   0,   0,   0,   E,   0,   X,   0,   0,     NONAME,  , 
EP, 86, 2014061712, 01, CARQ, -18, 107N,  967W,  20,    0, TD,  34, AAA,    0,    0,    0,    0,    0,    0,   0,   0,   0,   E,   0,   X,   0,   0,     NONAME,  , 
EP, 86, 2014061712, 01, CARQ, -12, 108N,  976W,  20,    0, TD,  34, AAA,    0,    0,    0,    0,    0,    0,   0,   0,   0,   E,   0,   X, 277,   8,     NONAME,  , 
EP, 86, 2014061712, 01, CARQ,  -6, 109N,  983W,  20,    0, TD,  34, AAA,    0,    0,    0,    0,    0,    0,   0,   0,   0,   E,   0,   X,   0,   0,     NONAME,  , 
EP, 86, 2014061712, 01, CARQ,   0, 110N,  990W,  20, 1009, TD,  34, NEQ,    0,    0,    0,    0, 1010,  175,  70,   0,   0,   E,   0,   X, 280,   8,     NONAME, S, 
EP, 86, 2014061712, 01, CARQ,   0, 110N,  990W,  20, 1009, TD,  50, NEQ,    0,    0,    0,    0, 1010,  175,  70,   0,   0,   E,   0,   X, 280,   8,     NONAME, S, 
EP, 86, 2014061712, 01, CARQ,   0, 110N,  990W,  20, 1009, TD,  64, NEQ,    0,    0,    0,    0, 1010,  175,  70,   0,   0,   E,   0,   X, 280,   8,     NONAME, S, 
EP, 86, 2014061712, 03, BAMD,  12, 110N, 1009W,   0,    0,   ,   0,    ,    0,    0,    0,    0, 
EP, 86, 2014061712, 03, BAMD,  24, 109N, 1027W,   0,    0,   ,   0,    ,    0,    0,    0,    0, 
EP, 86, 2014061712, 03, BAMD,  36, 111N, 1043W,   0,    0,   ,   0,    ,    0,    0,    0,    0, 
EP, 86, 2014061712, 03, BAMD,  48, 112N, 1057W,   0,    0,   ,   0,    ,    0,    0,    0,    0, 
EP, 86, 2014061712, 03, BAMD,  60, 115N, 1069W,   0,    0,   ,   0,    ,    0,    0,    0,    0, 
EP, 86, 2014061712, 03, BAMD,  72, 118N, 1080W,   0,    0,   ,   0,    ,    0,    0,    0,    0, 
EP, 86, 2014061712, 03, BAMD,  84, 123N, 1089W,   0,    0,   ,   0,    ,    0,    0,    0,    0, 
EP, 86, 2014061712, 03, BAMD,  96, 128N, 1095W,   0,    0,   ,   0,    ,    0,    0,    0,    0, 
EP, 86, 2014061712, 03, BAMD, 108, 137N, 1099W,   0,    0,   ,   0,    ,    0,    0,    0,    0, 
EP, 86, 2014061712, 03, BAMD, 120, 148N, 1103W,   0,    0,   ,   0,    ,    0,    0,    0,    0, 
EP, 86, 2014061712, 03, BAMD, 132, 164N, 1110W,   0,    0,   ,   0,    ,    0,    0,    0,    0, 
EP, 86, 2014061712, 03, BAMD, 144, 181N, 1124W,   0,    0,   ,   0,    ,    0,    0,    0,    0, 
EP, 86, 2014061712, 03, BAMD, 156, 199N, 1146W,   0,    0,   ,   0,    ,    0,    0,    0,    0, 
EP, 86, 2014061712, 03, BAMD, 168, 215N, 1173W,   0,    0,   ,   0,    ,    0,    0,    0,    0, 
EP, 86, 2014061712, 03, BAMM,  12, 112N, 1008W,   0,    0,   ,   0,    ,    0,    0,    0,    0, 
EP, 86, 2014061712, 03, BAMM,  24, 114N, 1025W,   0,    0,   ,   0,    ,    0,    0,    0,    0, 
EP, 86, 2014061712, 03, BAMM,  36, 116N, 1043W,   0,    0,   ,   0,    ,    0,    0,    0,    0, 
EP, 86, 2014061712, 03, BAMM,  48, 118N, 1060W,   0,    0,   ,   0,    ,    0,    0,    0,    0, 
EP, 86, 2014061712, 03, BAMM,  60, 120N, 1075W,   0,    0,   ,   0,    ,    0,    0,    0,    0, 
EP, 86, 2014061712, 03, BAMM,  72, 122N, 1090W,   0,    0,   ,   0,    ,    0,    0,    0,    0, 
EP, 86, 2014061712, 03, BAMM,  84, 124N, 1103W,   0,    0,   ,   0,    ,    0,    0,    0,    0, 
EP, 86, 2014061712, 03, BAMM,  96, 125N, 1112W,   0,    0,   ,   0,    ,    0,    0,    0,    0, 
EP, 86, 2014061712, 03, BAMM, 108, 130N, 1119W,   0,    0,   ,   0,    ,    0,    0,    0,    0, 
EP, 86, 2014061712, 03, BAMM, 120, 134N, 1124W,   0,    0,   ,   0,    ,    0,    0,    0,    0, 
EP, 86, 2014061712, 03, BAMM, 132, 142N, 1130W,   0,    0,   ,   0,    ,    0,    0,    0,    0, 
EP, 86, 2014061712, 03, BAMM, 144, 152N, 1137W,   0,    0,   ,   0,    ,    0,    0,    0,    0, 
EP, 86, 2014061712, 03, BAMM, 156, 166N, 1148W,   0,    0,   ,   0,    ,    0,    0,    0,    0, 
EP, 86, 2014061712, 03, BAMM, 168, 178N, 1164W,   0,    0,   ,   0,    ,    0,    0,    0,    0, 
EP, 86, 2014061712, 03, BAMS,  12, 114N, 1010W,   0,    0,   ,   0,    ,    0,    0,    0,    0, 
EP, 86, 2014061712, 03, BAMS,  24, 118N, 1029W,   0,    0,   ,   0,    ,    0,    0,    0,    0, 
EP, 86, 2014061712, 03, BAMS,  36, 121N, 1048W,   0,    0,   ,   0,    ,    0,    0,    0,    0, 
EP, 86, 2014061712, 03, BAMS,  48, 124N, 1065W,   0,    0,   ,   0,    ,    0,    0,    0,    0, 
EP, 86, 2014061712, 03, BAMS,  60, 125N, 1081W,   0,    0,   ,   0,    ,    0,    0,    0,    0, 
EP, 86, 2014061712, 03, BAMS,  72, 124N, 1098W,   0,    0,   ,   0,    ,    0,    0,    0,    0, 
EP, 86, 2014061712, 03, BAMS,  84, 124N, 1112W,   0,    0,   ,   0,    ,    0,    0,    0,    0, 
EP, 86, 2014061712, 03, BAMS,  96, 124N, 1123W,   0,    0,   ,   0,    ,    0,    0,    0,    0, 
EP, 86, 2014061712, 03, BAMS, 108, 127N, 1131W,   0,    0,   ,   0,    ,    0,    0,    0,    0, 
EP, 86, 2014061712, 03, BAMS, 120, 131N, 1138W,   0,    0,   ,   0,    ,    0,    0,    0,    0, 
EP, 86, 2014061712, 03, BAMS, 132, 136N, 1145W,   0,    0,   ,   0,    ,    0,    0,    0,    0, 
EP, 86, 2014061712, 03, BAMS, 144, 143N, 1154W,   0,    0,   ,   0,    ,    0,    0,    0,    0, 
EP, 86, 2014061712, 03, BAMS, 156, 151N, 1163W,   0,    0,   ,   0,    ,    0,    0,    0,    0, 
EP, 86, 2014061712, 03, BAMS, 168, 158N, 1173W,   0,    0,   ,   0,    ,    0,    0,    0,    0, 
EP, 86, 2014061712, 03, CLIP,  12, 114N, 1005W,   0,    0,   ,   0,    ,    0,    0,    0,    0, 
EP, 86, 2014061712, 03, CLIP,  24, 120N, 1017W,   0,    0,   ,   0,    ,    0,    0,    0,    0, 
EP, 86, 2014061712, 03, CLIP,  36, 127N, 1029W,   0,    0,   ,   0,    ,    0,    0,    0,    0, 
EP, 86, 2014061712, 03, CLIP,  48, 132N, 1046W,   0,    0,   ,   0,    ,    0,    0,    0,    0, 
EP, 86, 2014061712, 03, CLIP,  60, 134N, 1063W,   0,    0,   ,   0,    ,    0,    0,    0,    0, 
EP, 86, 2014061712, 03, CLIP,  72, 137N, 1077W,   0,    0,   ,   0,    ,    0,    0,    0,    0, 
EP, 86, 2014061712, 03, CLP5,  12, 114N, 1006W,   0,    0,   ,   0,    ,    0,    0,    0,    0, 
EP, 86, 2014061712, 03, CLP5,  24, 120N, 1022W,   0,    0,   ,   0,    ,    0,    0,    0,    0, 
EP, 86, 2014061712, 03, CLP5,  36, 127N, 1037W,   0,    0,   ,   0,    ,    0,    0,    0,    0, 
EP, 86, 2014061712, 03, CLP5,  48, 134N, 1053W,   0,    0,   ,   0,    ,    0,    0,    0,    0, 
EP, 86, 2014061712, 03, CLP5,  60, 140N, 1069W,   0,    0,   ,   0,    ,    0,    0,    0,    0, 
EP, 86, 2014061712, 03, CLP5,  72, 145N, 1085W,   0,    0,   ,   0,    ,    0,    0,    0,    0, 
EP, 86, 2014061712, 03, CLP5,  84, 151N, 1102W,   0,    0,   ,   0,    ,    0,    0,    0,    0, 
EP, 86, 2014061712, 03, CLP5,  96, 156N, 1118W,   0,    0,   ,   0,    ,    0,    0,    0,    0, 
EP, 86, 2014061712, 03, CLP5, 108, 161N, 1136W,   0,    0,   ,   0,    ,    0,    0,    0,    0, 
EP, 86, 2014061712, 03, CLP5, 120, 165N, 1152W,   0,    0,   ,   0,    ,    0,    0,    0,    0, 
EP, 86, 2014061712, 03, DSHP,   0, 110N,  990W,  20,    0, TD,   0,    ,    0,    0,    0,    0, 
EP, 86, 2014061712, 03, DSHP,  12, 112N, 1008W,  22,    0, TD,   0,    ,    0,    0,    0,    0, 
EP, 86, 2014061712, 03, DSHP,  24, 114N, 1025W,  26,    0, TD,   0,    ,    0,    0,    0,    0, 
EP, 86, 2014061712, 03, DSHP,  36, 116N, 1043W,  34,    0, TS,   0,    ,    0,    0,    0,    0, 
EP, 86, 2014061712, 03, DSHP,  48, 118N, 1060W,  40,    0, TS,   0,    ,    0,    0,    0,    0, 
EP, 86, 2014061712, 03, DSHP,  60, 120N, 1075W,  44,    0, TS,   0,    ,    0,    0,    0,    0, 
EP, 86, 2014061712, 03, DSHP,  72, 122N, 1090W,  46,    0, TS,   0,    ,    0,    0,    0,    0, 
EP, 86, 2014061712, 03, DSHP,  84, 124N, 1103W,  47,    0, TS,   0,    ,    0,    0,    0,    0, 
EP, 86, 2014061712, 03, DSHP,  96, 125N, 1112W,  49,    0, TS,   0,    ,    0,    0,    0,    0, 
EP, 86, 2014061712, 03, DSHP, 108, 130N, 1119W,  51,    0, TS,   0,    ,    0,    0,    0,    0, 
EP, 86, 2014061712, 03, DSHP, 120, 134N, 1124W,  50,    0, TS,   0,    ,    0,    0,    0,    0, 
EP, 86, 2014061712, 03, LBAR,   0, 110N,  990W,  20,    0,   ,   0,    ,    0,    0,    0,    0, 
EP, 86, 2014061712, 03, LBAR,  12, 113N, 1009W,   0,    0,   ,   0,    ,    0,    0,    0,    0, 
EP, 86, 2014061712, 03, LBAR,  24, 116N, 1028W,   0,    0,   ,   0,    ,    0,    0,    0,    0, 
EP, 86, 2014061712, 03, LBAR,  36, 121N, 1048W,   0,    0,   ,   0,    ,    0,    0,    0,    0, 
EP, 86, 2014061712, 03, LBAR,  48, 128N, 1067W,   0,    0,   ,   0,    ,    0,    0,    0,    0, 
EP, 86, 2014061712, 03, LBAR,  60, 136N, 1083W,   0,    0,   ,   0,    ,    0,    0,    0,    0, 
EP, 86, 2014061712, 03, LBAR,  72, 144N, 1099W,   0,    0,   ,   0,    ,    0,    0,    0,    0, 
EP, 86, 2014061712, 03, LBAR,  84, 150N, 1110W,   0,    0,   ,   0,    ,    0,    0,    0,    0, 
EP, 86, 2014061712, 03, LBAR,  96, 157N, 1119W,   0,    0,   ,   0,    ,    0,    0,    0,    0, 
EP, 86, 2014061712, 03, LBAR, 108, 164N, 1129W,   0,    0,   ,   0,    ,    0,    0,    0,    0, 
EP, 86, 2014061712, 03, LBAR, 120, 171N, 1137W,   0,    0,   ,   0,    ,    0,    0,    0,    0, 
EP, 86, 2014061712, 03, LGEM,   0, 110N,  990W,  20,    0, TD,   0,    ,    0,    0,    0,    0, 
EP, 86, 2014061712, 03, LGEM,  12, 112N, 1008W,  21,    0, TD,   0,    ,    0,    0,    0,    0, 
EP, 86, 2014061712, 03, LGEM,  24, 114N, 1025W,  23,    0, TD,   0,    ,    0,    0,    0,    0, 
EP, 86, 2014061712, 03, LGEM,  36, 116N, 1043W,  26,    0, TD,   0,    ,    0,    0,    0,    0, 
EP, 86, 2014061712, 03, LGEM,  48, 118N, 1060W,  30,    0, TD,   0,    ,    0,    0,    0,    0, 
EP, 86, 2014061712, 03, LGEM,  60, 120N, 1075W,  33,    0, TD,   0,    ,    0,    0,    0,    0, 
EP, 86, 2014061712, 03, LGEM,  72, 122N, 1090W,  36,    0, TS,   0,    ,    0,    0,    0,    0, 
EP, 86, 2014061712, 03, LGEM,  84, 124N, 1103W,  38,    0, TS,   0,    ,    0,    0,    0,    0, 
EP, 86, 2014061712, 03, LGEM,  96, 125N, 1112W,  41,    0, TS,   0,    ,    0,    0,    0,    0, 
EP, 86, 2014061712, 03, LGEM, 108, 130N, 1119W,  44,    0, TS,   0,    ,    0,    0,    0,    0, 
EP, 86, 2014061712, 03, LGEM, 120, 134N, 1124W,  49,    0, TS,   0,    ,    0,    0,    0,    0, 
EP, 86, 2014061712, 03, OCD5,   0, 110N,  990W,  20,    0,   ,   0,    ,    0,    0,    0,    0, 
EP, 86, 2014061712, 03, OCD5,  12, 114N, 1006W,  26,    0,   ,   0,    ,    0,    0,    0,    0, 
EP, 86, 2014061712, 03, OCD5,  24, 120N, 1022W,  35,    0,   ,   0,    ,    0,    0,    0,    0, 
EP, 86, 2014061712, 03, OCD5,  36, 127N, 1037W,  45,    0,   ,   0,    ,    0,    0,    0,    0, 
EP, 86, 2014061712, 03, OCD5,  48, 134N, 1053W,  55,    0,   ,   0,    ,    0,    0,    0,    0, 
EP, 86, 2014061712, 03, OCD5,  60, 140N, 1069W,  51,    0,   ,   0,    ,    0,    0,    0,    0, 
EP, 86, 2014061712, 03, OCD5,  72, 145N, 1085W,  54,    0,   ,   0,    ,    0,    0,    0,    0, 
EP, 86, 2014061712, 03, OCD5,  84, 151N, 1102W,  55,    0,   ,   0,    ,    0,    0,    0,    0, 
EP, 86, 2014061712, 03, OCD5,  96, 156N, 1118W,  57,    0,   ,   0,    ,    0,    0,    0,    0, 
EP, 86, 2014061712, 03, OCD5, 108, 161N, 1136W,  55,    0,   ,   0,    ,    0,    0,    0,    0, 
EP, 86, 2014061712, 03, OCD5, 120, 165N, 1152W,  58,    0,   ,   0,    ,    0,    0,    0,    0, 
EP, 86, 2014061712, 03, SHF5,   0,   0N,    0W,  20,    0,   ,   0,    ,    0,    0,    0,    0, 
EP, 86, 2014061712, 03, SHF5,  12,   0N,    0W,  26,    0,   ,   0,    ,    0,    0,    0,    0, 
EP, 86, 2014061712, 03, SHF5,  24,   0N,    0W,  35,    0,   ,   0,    ,    0,    0,    0,    0, 
EP, 86, 2014061712, 03, SHF5,  36,   0N,    0W,  45,    0,   ,   0,    ,    0,    0,    0,    0, 
EP, 86, 2014061712, 03, SHF5,  48,   0N,    0W,  55,    0,   ,   0,    ,    0,    0,    0,    0, 
EP, 86, 2014061712, 03, SHF5,  60,   0N,    0W,  51,    0,   ,   0,    ,    0,    0,    0,    0, 
EP, 86, 2014061712, 03, SHF5,  72,   0N,    0W,  54,    0,   ,   0,    ,    0,    0,    0,    0, 
EP, 86, 2014061712, 03, SHF5,  84,   0N,    0W,  55,    0,   ,   0,    ,    0,    0,    0,    0, 
EP, 86, 2014061712, 03, SHF5,  96,   0N,    0W,  57,    0,   ,   0,    ,    0,    0,    0,    0, 
EP, 86, 2014061712, 03, SHF5, 108,   0N,    0W,  55,    0,   ,   0,    ,    0,    0,    0,    0, 
EP, 86, 2014061712, 03, SHF5, 120,   0N,    0W,  58,    0,   ,   0,    ,    0,    0,    0,    0, 
EP, 86, 2014061712, 03, SHFR,  12,   0N,    0W,  25,    0,   ,   0,    ,    0,    0,    0,    0, 
EP, 86, 2014061712, 03, SHFR,  24,   0N,    0W,  32,    0,   ,   0,    ,    0,    0,    0,    0, 
EP, 86, 2014061712, 03, SHFR,  36,   0N,    0W,  39,    0,   ,   0,    ,    0,    0,    0,    0, 
EP, 86, 2014061712, 03, SHFR,  48,   0N,    0W,  46,    0,   ,   0,    ,    0,    0,    0,    0, 
EP, 86, 2014061712, 03, SHFR,  60,   0N,    0W,  52,    0,   ,   0,    ,    0,    0,    0,    0, 
EP, 86, 2014061712, 03, SHFR,  72,   0N,    0W,  57,    0,   ,   0,    ,    0,    0,    0,    0, 
EP, 86, 2014061712, 03, SHIP,   0, 110N,  990W,  20,    0, TD,   0,    ,    0,    0,    0,    0, 
EP, 86, 2014061712, 03, SHIP,  12, 112N, 1008W,  22,    0, TD,   0,    ,    0,    0,    0,    0, 
EP, 86, 2014061712, 03, SHIP,  24, 114N, 1025W,  26,    0, TD,   0,    ,    0,    0,    0,    0, 
EP, 86, 2014061712, 03, SHIP,  36, 116N, 1043W,  34,    0, TS,   0,    ,    0,    0,    0,    0, 
EP, 86, 2014061712, 03, SHIP,  48, 118N, 1060W,  40,    0, TS,   0,    ,    0,    0,    0,    0, 
EP, 86, 2014061712, 03, SHIP,  60, 120N, 1075W,  44,    0, TS,   0,    ,    0,    0,    0,    0, 
EP, 86, 2014061712, 03, SHIP,  72, 122N, 1090W,  46,    0, TS,   0,    ,    0,    0,    0,    0, 
EP, 86, 2014061712, 03, SHIP,  84, 124N, 1103W,  47,    0, TS,   0,    ,    0,    0,    0,    0, 
EP, 86, 2014061712, 03, SHIP,  96, 125N, 1112W,  49,    0, TS,   0,    ,    0,    0,    0,    0, 
EP, 86, 2014061712, 03, SHIP, 108, 130N, 1119W,  51,    0, TS,   0,    ,    0,    0,    0,    0, 
EP, 86, 2014061712, 03, SHIP, 120, 134N, 1124W,  50,    0, TS,   0,    ,    0,    0,    0,    0, 
EP, 86, 2014061712, 03, XTRP,   0, 110N,  990W,   0,    0,   ,   0,    ,    0,    0,    0,    0, 
EP, 86, 2014061712, 03, XTRP,  12, 112N, 1003W,   0,    0,   ,   0,    ,    0,    0,    0,    0, 
EP, 86, 2014061712, 03, XTRP,  24, 114N, 1017W,   0,    0,   ,   0,    ,    0,    0,    0,    0, 
EP, 86, 2014061712, 03, XTRP,  36, 116N, 1031W,   0,    0,   ,   0,    ,    0,    0,    0,    0, 
EP, 86, 2014061712, 03, XTRP,  48, 118N, 1045W,   0,    0,   ,   0,    ,    0,    0,    0,    0, 
EP, 86, 2014061712, 03, XTRP,  60, 120N, 1059W,   0,    0,   ,   0,    ,    0,    0,    0,    0, 
EP, 86, 2014061712, 03, XTRP,  72, 122N, 1073W,   0,    0,   ,   0,    ,    0,    0,    0,    0, 
EP, 86, 2014061712, 03, XTRP,  84, 124N, 1087W,   0,    0,   ,   0,    ,    0,    0,    0,    0, 
EP, 86, 2014061712, 03, XTRP,  96, 125N, 1101W,   0,    0,   ,   0,    ,    0,    0,    0,    0, 
EP, 86, 2014061712, 03, XTRP, 108, 127N, 1116W,   0,    0,   ,   0,    ,    0,    0,    0,    0, 
EP, 86, 2014061712, 03, XTRP, 120, 129N, 1130W,   0,    0,   ,   0,    ,    0,    0,    0,    0, 
EP, 86, 2014061712, 03, XTRP, 132, 131N, 1144W,   0,    0,   ,   0,    ,    0,    0,    0,    0, 
EP, 86, 2014061712, 03, XTRP, 144, 133N, 1158W,   0,    0,   ,   0,    ,    0,    0,    0,    0, 
EP, 86, 2014061712, 03, XTRP, 156, 135N, 1172W,   0,    0,   ,   0,    ,    0,    0,    0,    0, 
EP, 86, 2014061712, 03, XTRP, 168, 137N, 1186W,   0,    0,   ,   0,    ,    0,    0,    0,    0, 
EP, 86, 2014061812, 01, CARQ, -24, 110N,  990W,  20,    0, TD,  34, AAA,    0,    0,    0,    0,    0,    0,   0,   0,   0,   E,   0,   X,   0,   0,       TEST,  , 
EP, 86, 2014061812, 01, CARQ, -18, 112N,  998W,  20,    0, TD,  34, AAA,    0,    0,    0,    0,    0,    0,   0,   0,   0,   E,   0,   X,   0,   0,       TEST,  , 
EP, 86, 2014061812, 01, CARQ, -12, 113N, 1007W,  20,    0, TD,  34, AAA,    0,    0,    0,    0,    0,    0,   0,   0,   0,   E,   0,   X, 277,   8,       TEST,  , 
EP, 86, 2014061812, 01, CARQ,  -6, 114N, 1015W,  20,    0, TD,  34, AAA,    0,    0,    0,    0,    0,    0,   0,   0,   0,   E,   0,   X,   0,   0,       TEST,  , 
EP, 86, 2014061812, 01, CARQ,   0, 115N, 1025W,  20, 1009, TD,  34, NEQ,    0,    0,    0,    0, 1010,  175,  70,   0,   0,   E,   0,   X, 275,   9,       TEST, S, 
EP, 86, 2014061812, 01, CARQ,   0, 115N, 1025W,  20, 1009, TD,  50, NEQ,    0,    0,    0,    0, 1010,  175,  70,   0,   0,   E,   0,   X, 275,   9,       TEST, S, 
EP, 86, 2014061812, 01, CARQ,   0, 115N, 1025W,  20, 1009, TD,  64, NEQ,    0,    0,    0,    0, 1010,  175,  70,   0,   0,   E,   0,   X, 275,   9,       TEST, S, 
EP, 86, 2014061812, 03, BAMD,  12, 117N, 1041W,   0,    0,   ,   0,    ,    0,    0,    0,    0, 
EP, 86, 2014061812, 03, BAMD,  24, 119N, 1055W,   0,    0,   ,   0,    ,    0,    0,    0,    0, 
EP, 86, 2014061812, 03, BAMD,  36, 122N, 1067W,   0,    0,   ,   0,    ,    0,    0,    0,    0, 
EP, 86, 2014061812, 03, BAMD,  48, 126N, 1077W,   0,    0,   ,   0,    ,    0,    0,    0,    0, 
EP, 86, 2014061812, 03, BAMD,  60, 133N, 1085W,   0,    0,   ,   0,    ,    0,    0,    0,    0, 
EP, 86, 2014061812, 03, BAMD,  72, 145N, 1090W,   0,    0,   ,   0,    ,    0,    0,    0,    0, 
EP, 86, 2014061812, 03, BAMD,  84, 163N, 1096W,   0,    0,   ,   0,    ,    0,    0,    0,    0, 
EP, 86, 2014061812, 03, BAMD,  96, 182N, 1107W,   0,    0,   ,   0,    ,    0,    0,    0,    0, 
EP, 86, 2014061812, 03, BAMD, 108, 197N, 1122W,   0,    0,   ,   0,    ,    0,    0,    0,    0, 
EP, 86, 2014061812, 03, BAMD, 120, 207N, 1139W,   0,    0,   ,   0,    ,    0,    0,    0,    0, 
EP, 86, 2014061812, 03, BAMD, 132, 214N, 1155W,   0,    0,   ,   0,    ,    0,    0,    0,    0, 
EP, 86, 2014061812, 03, BAMD, 144, 220N, 1172W,   0,    0,   ,   0,    ,    0,    0,    0,    0, 
EP, 86, 2014061812, 03, BAMD, 156, 225N, 1188W,   0,    0,   ,   0,    ,    0,    0,    0,    0, 
EP, 86, 2014061812, 03, BAMD, 168, 231N, 1204W,   0,    0,   ,   0,    ,    0,    0,    0,    0, 
EP, 86, 2014061812, 03, BAMM,  12, 117N, 1043W,   0,    0,   ,   0,    ,    0,    0,    0,    0, 
EP, 86, 2014061812, 03, BAMM,  24, 118N, 1060W,   0,    0,   ,   0,    ,    0,    0,    0,    0, 
EP, 86, 2014061812, 03, BAMM,  36, 120N, 1077W,   0,    0,   ,   0,    ,    0,    0,    0,    0, 
EP, 86, 2014061812, 03, BAMM,  48, 121N, 1093W,   0,    0,   ,   0,    ,    0,    0,    0,    0, 
EP, 86, 2014061812, 03, BAMM,  60, 124N, 1107W,   0,    0,   ,   0,    ,    0,    0,    0,    0, 
EP, 86, 2014061812, 03, BAMM,  72, 127N, 1118W,   0,    0,   ,   0,    ,    0,    0,    0,    0, 
EP, 86, 2014061812, 03, BAMM,  84, 135N, 1127W,   0,    0,   ,   0,    ,    0,    0,    0,    0, 
EP, 86, 2014061812, 03, BAMM,  96, 145N, 1134W,   0,    0,   ,   0,    ,    0,    0,    0,    0, 
EP, 86, 2014061812, 03, BAMM, 108, 155N, 1143W,   0,    0,   ,   0,    ,    0,    0,    0,    0, 
EP, 86, 2014061812, 03, BAMM, 120, 164N, 1155W,   0,    0,   ,   0,    ,    0,    0,    0,    0, 
EP, 86, 2014061812, 03, BAMM, 132, 171N, 1171W,   0,    0,   ,   0,    ,    0,    0,    0,    0, 
EP, 86, 2014061812, 03, BAMM, 144, 178N, 1190W,   0,    0,   ,   0,    ,    0,    0,    0,    0, 
EP, 86, 2014061812, 03, BAMM, 156, 186N, 1211W,   0,    0,   ,   0,    ,    0,    0,    0,    0, 
EP, 86, 2014061812, 03, BAMM, 168, 192N, 1234W,   0,    0,   ,   0,    ,    0,    0,    0,    0, 
EP, 86, 2014061812, 03, BAMS,  12, 119N, 1044W,   0,    0,   ,   0,    ,    0,    0,    0,    0, 
EP, 86, 2014061812, 03, BAMS,  24, 121N, 1060W,   0,    0,   ,   0,    ,    0,    0,    0,    0, 
EP, 86, 2014061812, 03, BAMS,  36, 120N, 1077W,   0,    0,   ,   0,    ,    0,    0,    0,    0, 
EP, 86, 2014061812, 03, BAMS,  48, 120N, 1094W,   0,    0,   ,   0,    ,    0,    0,    0,    0, 
EP, 86, 2014061812, 03, BAMS,  60, 119N, 1110W,   0,    0,   ,   0,    ,    0,    0,    0,    0, 
EP, 86, 2014061812, 03, BAMS,  72, 119N, 1125W,   0,    0,   ,   0,    ,    0,    0,    0,    0, 
EP, 86, 2014061812, 03, BAMS,  84, 125N, 1137W,   0,    0,   ,   0,    ,    0,    0,    0,    0, 
EP, 86, 2014061812, 03, BAMS,  96, 132N, 1147W,   0,    0,   ,   0,    ,    0,    0,    0,    0, 
EP, 86, 2014061812, 03, BAMS, 108, 138N, 1158W,   0,    0,   ,   0,    ,    0,    0,    0,    0, 
EP, 86, 2014061812, 03, BAMS, 120, 143N, 1171W,   0,    0,   ,   0,    ,    0,    0,    0,    0, 
EP, 86, 2014061812, 03, BAMS, 132, 148N, 1184W,   0,    0,   ,   0,    ,    0,    0,    0,    0, 
EP, 86, 2014061812, 03, BAMS, 144, 152N, 1199W,   0,    0,   ,   0,    ,    0,    0,    0,    0, 
EP, 86, 2014061812, 03, BAMS, 156, 157N, 1214W,   0,    0,   ,   0,    ,    0,    0,    0,    0, 
EP, 86, 2014061812, 03, BAMS, 168, 164N, 1227W,   0,    0,   ,   0,    ,    0,    0,    0,    0, 
EP, 86, 2014061812, 03, CLIP,  12, 117N, 1042W,   0,    0,   ,   0,    ,    0,    0,    0,    0, 
EP, 86, 2014061812, 03, CLIP,  24, 121N, 1055W,   0,    0,   ,   0,    ,    0,    0,    0,    0, 
EP, 86, 2014061812, 03, CLIP,  36, 127N, 1069W,   0,    0,   ,   0,    ,    0,    0,    0,    0, 
EP, 86, 2014061812, 03, CLIP,  48, 131N, 1087W,   0,    0,   ,   0,    ,    0,    0,    0,    0, 
EP, 86, 2014061812, 03, CLIP,  60, 132N, 1106W,   0,    0,   ,   0,    ,    0,    0,    0,    0, 
EP, 86, 2014061812, 03, CLIP,  72, 134N, 1124W,   0,    0,   ,   0,    ,    0,    0,    0,    0, 
EP, 86, 2014061812, 03, CLP5,  12, 118N, 1043W,   0,    0,   ,   0,    ,    0,    0,    0,    0, 
EP, 86, 2014061812, 03, CLP5,  24, 123N, 1060W,   0,    0,   ,   0,    ,    0,    0,    0,    0, 
EP, 86, 2014061812, 03, CLP5,  36, 129N, 1078W,   0,    0,   ,   0,    ,    0,    0,    0,    0, 
EP, 86, 2014061812, 03, CLP5,  48, 135N, 1095W,   0,    0,   ,   0,    ,    0,    0,    0,    0, 
EP, 86, 2014061812, 03, CLP5,  60, 142N, 1112W,   0,    0,   ,   0,    ,    0,    0,    0,    0, 
EP, 86, 2014061812, 03, CLP5,  72, 147N, 1130W,   0,    0,   ,   0,    ,    0,    0,    0,    0, 
EP, 86, 2014061812, 03, CLP5,  84, 152N, 1148W,   0,    0,   ,   0,    ,    0,    0,    0,    0, 
EP, 86, 2014061812, 03, CLP5,  96, 157N, 1165W,   0,    0,   ,   0,    ,    0,    0,    0,    0, 
EP, 86, 2014061812, 03, CLP5, 108, 162N, 1184W,   0,    0,   ,   0,    ,    0,    0,    0,    0, 
EP, 86, 2014061812, 03, CLP5, 120, 166N, 1202W,   0,    0,   ,   0,    ,    0,    0,    0,    0, 
EP, 86, 2014061812, 03, DSHP,   0, 115N, 1025W,  20,    0, TD,   0,    ,    0,    0,    0,    0, 
EP, 86, 2014061812, 03, DSHP,  12, 117N, 1043W,  21,    0, TD,   0,    ,    0,    0,    0,    0, 
EP, 86, 2014061812, 03, DSHP,  24, 118N, 1060W,  23,    0, TD,   0,    ,    0,    0,    0,    0, 
EP, 86, 2014061812, 03, DSHP,  36, 120N, 1077W,  28,    0, TD,   0,    ,    0,    0,    0,    0, 
EP, 86, 2014061812, 03, DSHP,  48, 121N, 1093W,  30,    0, TD,   0,    ,    0,    0,    0,    0, 
EP, 86, 2014061812, 03, DSHP,  60, 124N, 1107W,  32,    0, TD,   0,    ,    0,    0,    0,    0, 
EP, 86, 2014061812, 03, DSHP,  72, 127N, 1118W,  32,    0, TD,   0,    ,    0,    0,    0,    0, 
EP, 86, 2014061812, 03, DSHP,  84, 135N, 1127W,  30,    0, TD,   0,    ,    0,    0,    0,    0, 
EP, 86, 2014061812, 03, DSHP,  96, 145N, 1134W,  28,    0, TD,   0,    ,    0,    0,    0,    0, 
EP, 86, 2014061812, 03, DSHP, 108, 155N, 1143W,  26,    0, TD,   0,    ,    0,    0,    0,    0, 
EP, 86, 2014061812, 03, DSHP, 120, 164N, 1155W,  24,    0, TD,   0,    ,    0,    0,    0,    0, 
EP, 86, 2014061812, 03, LBAR,   0, 115N, 1025W,  20,    0,   ,   0,    ,    0,    0,    0,    0, 
EP, 86, 2014061812, 03, LBAR,  12, 117N, 1044W,   0,    0,   ,   0,    ,    0,    0,    0,    0, 
EP, 86, 2014061812, 03, LBAR,  24, 125N, 1065W,   0,    0,   ,   0,    ,    0,    0,    0,    0, 
EP, 86, 2014061812, 03, LBAR,  36, 132N, 1084W,   0,    0,   ,   0,    ,    0,    0,    0,    0, 
EP, 86, 2014061812, 03, LBAR,  48, 141N, 1100W,   0,    0,   ,   0,    ,    0,    0,    0,    0, 
EP, 86, 2014061812, 03, LBAR,  60, 152N, 1115W,   0,    0,   ,   0,    ,    0,    0,    0,    0, 
EP, 86, 2014061812, 03, LBAR,  72, 165N, 1126W,   0,    0,   ,   0,    ,    0,    0,    0,    0, 
EP, 86, 2014061812, 03, LBAR,  84, 183N, 1140W,   0,    0,   ,   0,    ,    0,    0,    0,    0, 
EP, 86, 2014061812, 03, LBAR,  96, 195N, 1155W,   0,    0,   ,   0,    ,    0,    0,    0,    0, 
EP, 86, 2014061812, 03, LBAR, 108, 199N, 1175W,   0,    0,   ,   0,    ,    0,    0,    0,    0, 
EP, 86, 2014061812, 03, LBAR, 120, 193N, 1195W,   0,    0,   ,   0,    ,    0,    0,    0,    0, 
EP, 86, 2014061812, 03, LGEM,   0, 115N, 1025W,  20,    0, TD,   0,    ,    0,    0,    0,    0, 
EP, 86, 2014061812, 03, LGEM,  12, 117N, 1043W,  21,    0, TD,   0,    ,    0,    0,    0,    0, 
EP, 86, 2014061812, 03, LGEM,  24, 118N, 1060W,  22,    0, TD,   0,    ,    0,    0,    0,    0, 
EP, 86, 2014061812, 03, LGEM,  36, 120N, 1077W,  23,    0, TD,   0,    ,    0,    0,    0,    0, 
EP, 86, 2014061812, 03, LGEM,  48, 121N, 1093W,  24,    0, TD,   0,    ,    0,    0,    0,    0, 
EP, 86, 2014061812, 03, LGEM,  60, 124N, 1107W,  24,    0, TD,   0,    ,    0,    0,    0,    0, 
EP, 86, 2014061812, 03, LGEM,  72, 127N, 1118W,  24,    0, TD,   0,    ,    0,    0,    0,    0, 
EP, 86, 2014061812, 03, LGEM,  84, 135N, 1127W,  23,    0, TD,   0,    ,    0,    0,    0,    0, 
EP, 86, 2014061812, 03, LGEM,  96, 145N, 1134W,  22,    0, TD,   0,    ,    0,    0,    0,    0, 
EP, 86, 2014061812, 03, LGEM, 108, 155N, 1143W,  20,    0, TD,   0,    ,    0,    0,    0,    0, 
EP, 86, 2014061812, 03, LGEM, 120, 164N, 1155W,  18,    0, TD,   0,    ,    0,    0,    0,    0, 
EP, 86, 2014061812, 03, OCD5,   0, 115N, 1025W,  20,    0,   ,   0,    ,    0,    0,    0,    0, 
EP, 86, 2014061812, 03, OCD5,  12, 118N, 1043W,  26,    0,   ,   0,    ,    0,    0,    0,    0, 
EP, 86, 2014061812, 03, OCD5,  24, 123N, 1060W,  33,    0,   ,   0,    ,    0,    0,    0,    0, 
EP, 86, 2014061812, 03, OCD5,  36, 129N, 1078W,  41,    0,   ,   0,    ,    0,    0,    0,    0, 
EP, 86, 2014061812, 03, OCD5,  48, 135N, 1095W,  49,    0,   ,   0,    ,    0,    0,    0,    0, 
EP, 86, 2014061812, 03, OCD5,  60, 142N, 1112W,  49,    0,   ,   0,    ,    0,    0,    0,    0, 
EP, 86, 2014061812, 03, OCD5,  72, 147N, 1130W,  51,    0,   ,   0,    ,    0,    0,    0,    0, 
EP, 86, 2014061812, 03, OCD5,  84, 152N, 1148W,  52,    0,   ,   0,    ,    0,    0,    0,    0, 
EP, 86, 2014061812, 03, OCD5,  96, 157N, 1165W,  54,    0,   ,   0,    ,    0,    0,    0,    0, 
EP, 86, 2014061812, 03, OCD5, 108, 162N, 1184W,  52,    0,   ,   0,    ,    0,    0,    0,    0, 
EP, 86, 2014061812, 03, OCD5, 120, 166N, 1202W,  56,    0,   ,   0,    ,    0,    0,    0,    0, 
EP, 86, 2014061812, 03, SHF5,   0,   0N,    0W,  20,    0,   ,   0,    ,    0,    0,    0,    0, 
EP, 86, 2014061812, 03, SHF5,  12,   0N,    0W,  26,    0,   ,   0,    ,    0,    0,    0,    0, 
EP, 86, 2014061812, 03, SHF5,  24,   0N,    0W,  33,    0,   ,   0,    ,    0,    0,    0,    0, 
EP, 86, 2014061812, 03, SHF5,  36,   0N,    0W,  41,    0,   ,   0,    ,    0,    0,    0,    0, 
EP, 86, 2014061812, 03, SHF5,  48,   0N,    0W,  49,    0,   ,   0,    ,    0,    0,    0,    0, 
EP, 86, 2014061812, 03, SHF5,  60,   0N,    0W,  49,    0,   ,   0,    ,    0,    0,    0,    0, 
EP, 86, 2014061812, 03, SHF5,  72,   0N,    0W,  51,    0,   ,   0,    ,    0,    0,    0,    0, 
EP, 86, 2014061812, 03, SHF5,  84,   0N,    0W,  52,    0,   ,   0,    ,    0,    0,    0,    0, 
EP, 86, 2014061812, 03, SHF5,  96,   0N,    0W,  54,    0,   ,   0,    ,    0,    0,    0,    0, 
EP, 86, 2014061812, 03, SHF5, 108,   0N,    0W,  52,    0,   ,   0,    ,    0,    0,    0,    0, 
EP, 86, 2014061812, 03, SHF5, 120,   0N,    0W,  56,    0,   ,   0,    ,    0,    0,    0,    0, 
EP, 86, 2014061812, 03, SHFR,  12,   0N,    0W,  24,    0,   ,   0,    ,    0,    0,    0,    0, 
EP, 86, 2014061812, 03, SHFR,  24,   0N,    0W,  30,    0,   ,   0,    ,    0,    0,    0,    0, 
EP, 86, 2014061812, 03, SHFR,  36,   0N,    0W,  37,    0,   ,   0,    ,    0,    0,    0,    0, 
EP, 86, 2014061812, 03, SHFR,  48,   0N,    0W,  43,    0,   ,   0,    ,    0,    0,    0,    0, 
EP, 86, 2014061812, 03, SHFR,  60,   0N,    0W,  49,    0,   ,   0,    ,    0,    0,    0,    0, 
EP, 86, 2014061812, 03, SHFR,  72,   0N,    0W,  53,    0,   ,   0,    ,    0,    0,    0,    0, 
EP, 86, 2014061812, 03, SHIP,   0, 115N, 1025W,  20,    0, TD,   0,    ,    0,    0,    0,    0, 
EP, 86, 2014061812, 03, SHIP,  12, 117N, 1043W,  21,    0, TD,   0,    ,    0,    0,    0,    0, 
EP, 86, 2014061812, 03, SHIP,  24, 118N, 1060W,  23,    0, TD,   0,    ,    0,    0,    0,    0, 
EP, 86, 2014061812, 03, SHIP,  36, 120N, 1077W,  28,    0, TD,   0,    ,    0,    0,    0,    0, 
EP, 86, 2014061812, 03, SHIP,  48, 121N, 1093W,  30,    0, TD,   0,    ,    0,    0,    0,    0, 
EP, 86, 2014061812, 03, SHIP,  60, 124N, 1107W,  32,    0, TD,   0,    ,    0,    0,    0,    0, 
EP, 86, 2014061812, 03, SHIP,  72, 127N, 1118W,  32,    0, TD,   0,    ,    0,    0,    0,    0, 
EP, 86, 2014061812, 03, SHIP,  84, 135N, 1127W,  30,    0, TD,   0,    ,    0,    0,    0,    0, 
EP, 86, 2014061812, 03, SHIP,  96, 145N, 1134W,  28,    0, TD,   0,    ,    0,    0,    0,    0, 
EP, 86, 2014061812, 03, SHIP, 108, 155N, 1143W,  26,    0, TD,   0,    ,    0,    0,    0,    0, 
EP, 86, 2014061812, 03, SHIP, 120, 164N, 1155W,  24,    0, TD,   0,    ,    0,    0,    0,    0, 
EP, 86, 2014061812, 03, XTRP,   0, 115N, 1025W,   0,    0,   ,   0,    ,    0,    0,    0,    0, 
EP, 86, 2014061812, 03, XTRP,  12, 117N, 1042W,   0,    0,   ,   0,    ,    0,    0,    0,    0, 
EP, 86, 2014061812, 03, XTRP,  24, 119N, 1060W,   0,    0,   ,   0,    ,    0,    0,    0,    0, 
EP, 86, 2014061812, 03, XTRP,  36, 121N, 1078W,   0,    0,   ,   0,    ,    0,    0,    0,    0, 
EP, 86, 2014061812, 03, XTRP,  48, 122N, 1096W,   0,    0,   ,   0,    ,    0,    0,    0,    0, 
EP, 86, 2014061812, 03, XTRP,  60, 124N, 1114W,   0,    0,   ,   0,    ,    0,    0,    0,    0, 
EP, 86, 2014061812, 03, XTRP,  72, 126N, 1132W,   0,    0,   ,   0,    ,    0,    0,    0,    0, 
EP, 86, 2014061812, 03, XTRP,  84, 128N, 1150W,   0,    0,   ,   0,    ,    0,    0,    0,    0, 
EP, 86, 2014061812, 03, XTRP,  96, 130N, 1169W,   0,    0,   ,   0,    ,    0,    0,    0,    0, 
EP, 86, 2014061812, 03, XTRP, 108, 132N, 1187W,   0,    0,   ,   0,    ,    0,    0,    0,    0, 
EP, 86, 2014061812, 03, XTRP, 120, 134N, 1205W,   0,    0,   ,   0,    ,    0,    0,    0,    0, 
EP, 86, 2014061812, 03, XTRP, 132, 135N, 1223W,   0,    0,   ,   0,    ,    0,    0,    0,    0, 
EP, 86, 2014061812, 03, XTRP, 144, 137N, 1241W,   0,    0,   ,   0,    ,    0,    0,    0,    0, 
EP, 86, 2014061812, 03, XTRP, 156, 139N, 1259W,   0,    0,   ,   0,    ,    0,    0,    0,    0, 
EP, 86, 2014061812, 03, XTRP, 168, 141N, 1277W,   0,    0,   ,   0,    ,    0,    0,    0,    0, 
EP, 86, 2014070712, 01, CARQ, -24, 100N, 1173W,  25,    0, TS,  34, AAA,    0,    0,    0,    0,    0,    0,   0,   0,   0,   E,   0,   X,   0,   0,       TEST,  , 
EP, 86, 2014070712, 01, CARQ, -18, 100N, 1180W,  30,    0, TS,  34, AAA,    0,    0,    0,    0,    0,    0,   0,   0,   0,   E,   0,   X,   0,   0,       TEST,  , 
EP, 86, 2014070712, 01, CARQ, -12, 100N, 1187W,  30,    0, TS,  34, AAA,    0,    0,    0,    0,    0,    0,   0,   0,   0,   E,   0,   X, 270,   6,       TEST,  , 
EP, 86, 2014070712, 01, CARQ,  -6, 100N, 1193W,  35,    0, TS,  34, AAA,    0,    0,    0,    0,    0,    0,   0,   0,   0,   E,   0,   X,   0,   0,       TEST,  , 
EP, 86, 2014070712, 01, CARQ,   0, 100N, 1202W,  40, 1004, TS,  34, NEQ,   40,    0,    0,   30, 1008,  150,   0,   0,   0,   E,   0,   X, 270,   7,       TEST, S, 
EP, 86, 2014070712, 01, CARQ,   0, 100N, 1202W,  40, 1004, TS,  50, NEQ,    0,    0,    0,    0, 1008,  150,   0,   0,   0,   E,   0,   X, 270,   7,       TEST, S, 
EP, 86, 2014070712, 01, CARQ,   0, 100N, 1202W,  40, 1004, TS,  64, NEQ,    0,    0,    0,    0, 1008,  150,   0,   0,   0,   E,   0,   X, 270,   7,       TEST, S, 
EP, 86, 2014070712, 03, BAMD,  12, 100N, 1220W,   0,    0,   ,   0,    ,    0,    0,    0,    0, 
EP, 86, 2014070712, 03, BAMD,  24, 101N, 1238W,   0,    0,   ,   0,    ,    0,    0,    0,    0, 
EP, 86, 2014070712, 03, BAMD,  36, 105N, 1257W,   0,    0,   ,   0,    ,    0,    0,    0,    0, 
EP, 86, 2014070712, 03, BAMD,  48, 111N, 1276W,   0,    0,   ,   0,    ,    0,    0,    0,    0, 
EP, 86, 2014070712, 03, BAMD,  60, 120N, 1296W,   0,    0,   ,   0,    ,    0,    0,    0,    0, 
EP, 86, 2014070712, 03, BAMD,  72, 129N, 1315W,   0,    0,   ,   0,    ,    0,    0,    0,    0, 
EP, 86, 2014070712, 03, BAMD,  84, 138N, 1331W,   0,    0,   ,   0,    ,    0,    0,    0,    0, 
EP, 86, 2014070712, 03, BAMD,  96, 148N, 1345W,   0,    0,   ,   0,    ,    0,    0,    0,    0, 
EP, 86, 2014070712, 03, BAMD, 108, 157N, 1355W,   0,    0,   ,   0,    ,    0,    0,    0,    0, 
EP, 86, 2014070712, 03, BAMD, 120, 167N, 1363W,   0,    0,   ,   0,    ,    0,    0,    0,    0, 
EP, 86, 2014070712, 03, BAMD, 132, 179N, 1371W,   0,    0,   ,   0,    ,    0,    0,    0,    0, 
EP, 86, 2014070712, 03, BAMD, 144, 193N, 1377W,   0,    0,   ,   0,    ,    0,    0,    0,    0, 
EP, 86, 2014070712, 03, BAMD, 156, 208N, 1379W,   0,    0,   ,   0,    ,    0,    0,    0,    0, 
EP, 86, 2014070712, 03, BAMD, 168, 222N, 1376W,   0,    0,   ,   0,    ,    0,    0,    0,    0, 
EP, 86, 2014070712, 03, BAMM,  12,  99N, 1221W,   0,    0,   ,   0,    ,    0,    0,    0,    0, 
EP, 86, 2014070712, 03, BAMM,  24, 100N, 1241W,   0,    0,   ,   0,    ,    0,    0,    0,    0, 
EP, 86, 2014070712, 03, BAMM,  36, 105N, 1262W,   0,    0,   ,   0,    ,    0,    0,    0,    0, 
EP, 86, 2014070712, 03, BAMM,  48, 111N, 1283W,   0,    0,   ,   0,    ,    0,    0,    0,    0, 
EP, 86, 2014070712, 03, BAMM,  60, 119N, 1305W,   0,    0,   ,   0,    ,    0,    0,    0,    0, 
EP, 86, 2014070712, 03, BAMM,  72, 128N, 1327W,   0,    0,   ,   0,    ,    0,    0,    0,    0, 
EP, 86, 2014070712, 03, BAMM,  84, 138N, 1348W,   0,    0,   ,   0,    ,    0,    0,    0,    0, 
EP, 86, 2014070712, 03, BAMM,  96, 149N, 1366W,   0,    0,   ,   0,    ,    0,    0,    0,    0, 
EP, 86, 2014070712, 03, BAMM, 108, 163N, 1381W,   0,    0,   ,   0,    ,    0,    0,    0,    0, 
EP, 86, 2014070712, 03, BAMM, 120, 175N, 1391W,   0,    0,   ,   0,    ,    0,    0,    0,    0, 
EP, 86, 2014070712, 03, BAMM, 132, 187N, 1400W,   0,    0,   ,   0,    ,    0,    0,    0,    0, 
EP, 86, 2014070712, 03, BAMM, 144, 198N, 1408W,   0,    0,   ,   0,    ,    0,    0,    0,    0, 
EP, 86, 2014070712, 03, BAMM, 156, 208N, 1414W,   0,    0,   ,   0,    ,    0,    0,    0,    0, 
EP, 86, 2014070712, 03, BAMM, 168, 215N, 1419W,   0,    0,   ,   0,    ,    0,    0,    0,    0, 
EP, 86, 2014070712, 03, BAMS,  12, 101N, 1220W,   0,    0,   ,   0,    ,    0,    0,    0,    0, 
EP, 86, 2014070712, 03, BAMS,  24, 105N, 1242W,   0,    0,   ,   0,    ,    0,    0,    0,    0, 
EP, 86, 2014070712, 03, BAMS,  36, 112N, 1265W,   0,    0,   ,   0,    ,    0,    0,    0,    0, 
EP, 86, 2014070712, 03, BAMS,  48, 119N, 1289W,   0,    0,   ,   0,    ,    0,    0,    0,    0, 
EP, 86, 2014070712, 03, BAMS,  60, 129N, 1315W,   0,    0,   ,   0,    ,    0,    0,    0,    0, 
EP, 86, 2014070712, 03, BAMS,  72, 139N, 1339W,   0,    0,   ,   0,    ,    0,    0,    0,    0, 
EP, 86, 2014070712, 03, BAMS,  84, 150N, 1361W,   0,    0,   ,   0,    ,    0,    0,    0,    0, 
EP, 86, 2014070712, 03, BAMS,  96, 162N, 1380W,   0,    0,   ,   0,    ,    0,    0,    0,    0, 
EP, 86, 2014070712, 03, BAMS, 108, 174N, 1398W,   0,    0,   ,   0,    ,    0,    0,    0,    0, 
EP, 86, 2014070712, 03, BAMS, 120, 185N, 1414W,   0,    0,   ,   0,    ,    0,    0,    0,    0, 
EP, 86, 2014070712, 03, BAMS, 132, 195N, 1429W,   0,    0,   ,   0,    ,    0,    0,    0,    0, 
EP, 86, 2014070712, 03, BAMS, 144, 203N, 1443W,   0,    0,   ,   0,    ,    0,    0,    0,    0, 
EP, 86, 2014070712, 03, BAMS, 156, 210N, 1456W,   0,    0,   ,   0,    ,    0,    0,    0,    0, 
EP, 86, 2014070712, 03, BAMS, 168, 214N, 1468W,   0,    0,   ,   0,    ,    0,    0,    0,    0, 
EP, 86, 2014070712, 03, CLIP,  12, 101N, 1216W,   0,    0,   ,   0,    ,    0,    0,    0,    0, 
EP, 86, 2014070712, 03, CLIP,  24, 104N, 1229W,   0,    0,   ,   0,    ,    0,    0,    0,    0, 
EP, 86, 2014070712, 03, CLIP,  36, 110N, 1245W,   0,    0,   ,   0,    ,    0,    0,    0,    0, 
EP, 86, 2014070712, 03, CLIP,  48, 115N, 1261W,   0,    0,   ,   0,    ,    0,    0,    0,    0, 
EP, 86, 2014070712, 03, CLIP,  60, 123N, 1276W,   0,    0,   ,   0,    ,    0,    0,    0,    0, 
EP, 86, 2014070712, 03, CLIP,  72, 132N, 1289W,   0,    0,   ,   0,    ,    0,    0,    0,    0, 
EP, 86, 2014070712, 03, CLP5,  12, 102N, 1217W,   0,    0,   ,   0,    ,    0,    0,    0,    0, 
EP, 86, 2014070712, 03, CLP5,  24, 106N, 1233W,   0,    0,   ,   0,    ,    0,    0,    0,    0, 
EP, 86, 2014070712, 03, CLP5,  36, 112N, 1249W,   0,    0,   ,   0,    ,    0,    0,    0,    0, 
EP, 86, 2014070712, 03, CLP5,  48, 117N, 1267W,   0,    0,   ,   0,    ,    0,    0,    0,    0, 
EP, 86, 2014070712, 03, CLP5,  60, 122N, 1285W,   0,    0,   ,   0,    ,    0,    0,    0,    0, 
EP, 86, 2014070712, 03, CLP5,  72, 127N, 1304W,   0,    0,   ,   0,    ,    0,    0,    0,    0, 
EP, 86, 2014070712, 03, CLP5,  84, 133N, 1323W,   0,    0,   ,   0,    ,    0,    0,    0,    0, 
EP, 86, 2014070712, 03, CLP5,  96, 138N, 1343W,   0,    0,   ,   0,    ,    0,    0,    0,    0, 
EP, 86, 2014070712, 03, CLP5, 108, 143N, 1360W,   0,    0,   ,   0,    ,    0,    0,    0,    0, 
EP, 86, 2014070712, 03, CLP5, 120, 147N, 1379W,   0,    0,   ,   0,    ,    0,    0,    0,    0, 
EP, 86, 2014070712, 03, DSHP,   0, 100N, 1202W,  40,    0, TS,   0,    ,    0,    0,    0,    0, 
EP, 86, 2014070712, 03, DSHP,  12,  99N, 1221W,  50,    0, TS,   0,    ,    0,    0,    0,    0, 
EP, 86, 2014070712, 03, DSHP,  24, 100N, 1241W,  56,    0, TS,   0,    ,    0,    0,    0,    0, 
EP, 86, 2014070712, 03, DSHP,  36, 105N, 1262W,  60,    0, TS,   0,    ,    0,    0,    0,    0, 
EP, 86, 2014070712, 03, DSHP,  48, 111N, 1283W,  64,    0, HU,   0,    ,    0,    0,    0,    0, 
EP, 86, 2014070712, 03, DSHP,  60, 119N, 1305W,  63,    0, TS,   0,    ,    0,    0,    0,    0, 
EP, 86, 2014070712, 03, DSHP,  72, 128N, 1327W,  59,    0, TS,   0,    ,    0,    0,    0,    0, 
EP, 86, 2014070712, 03, DSHP,  84, 138N, 1348W,  53,    0, TS,   0,    ,    0,    0,    0,    0, 
EP, 86, 2014070712, 03, DSHP,  96, 149N, 1366W,  47,    0, TS,   0,    ,    0,    0,    0,    0, 
EP, 86, 2014070712, 03, DSHP, 108, 163N, 1381W,  42,    0, TS,   0,    ,    0,    0,    0,    0, 
EP, 86, 2014070712, 03, DSHP, 120, 175N, 1391W,  34,    0, TS,   0,    ,    0,    0,    0,    0, 
EP, 86, 2014070712, 03, IVCN,   0,   0N,    0W,  40,    0,   ,   0,    ,    0,    0,    0,    0, 
EP, 86, 2014070712, 03, IVCN,  12,   0N,    0W,  49,    0,   ,   0,    ,    0,    0,    0,    0, 
EP, 86, 2014070712, 03, IVCN,  24,   0N,    0W,  55,    0,   ,   0,    ,    0,    0,    0,    0, 
EP, 86, 2014070712, 03, IVCN,  36,   0N,    0W,  59,    0,   ,   0,    ,    0,    0,    0,    0, 
EP, 86, 2014070712, 03, IVCN,  48,   0N,    0W,  63,    0,   ,   0,    ,    0,    0,    0,    0, 
EP, 86, 2014070712, 03, IVCN,  60,   0N,    0W,  65,    0,   ,   0,    ,    0,    0,    0,    0, 
EP, 86, 2014070712, 03, IVCN,  72,   0N,    0W,  64,    0,   ,   0,    ,    0,    0,    0,    0, 
EP, 86, 2014070712, 03, IVCN,  84,   0N,    0W,  60,    0,   ,   0,    ,    0,    0,    0,    0, 
EP, 86, 2014070712, 03, IVCN,  96,   0N,    0W,  54,    0,   ,   0,    ,    0,    0,    0,    0, 
EP, 86, 2014070712, 03, IVCN, 108,   0N,    0W,  48,    0,   ,   0,    ,    0,    0,    0,    0, 
EP, 86, 2014070712, 03, IVCN, 120,   0N,    0W,  41,    0,   ,   0,    ,    0,    0,    0,    0, 
EP, 86, 2014070712, 03, LBAR,   0, 100N, 1202W,  40,    0,   ,   0,    ,    0,    0,    0,    0, 
EP, 86, 2014070712, 03, LBAR,  12,  99N, 1219W,   0,    0,   ,   0,    ,    0,    0,    0,    0, 
EP, 86, 2014070712, 03, LBAR,  24, 103N, 1242W,   0,    0,   ,   0,    ,    0,    0,    0,    0, 
EP, 86, 2014070712, 03, LBAR,  36, 110N, 1271W,   0,    0,   ,   0,    ,    0,    0,    0,    0, 
EP, 86, 2014070712, 03, LBAR,  48, 118N, 1304W,   0,    0,   ,   0,    ,    0,    0,    0,    0, 
EP, 86, 2014070712, 03, LBAR,  60, 128N, 1336W,   0,    0,   ,   0,    ,    0,    0,    0,    0, 
EP, 86, 2014070712, 03, LBAR,  72, 137N, 1365W,   0,    0,   ,   0,    ,    0,    0,    0,    0, 
EP, 86, 2014070712, 03, LBAR,  84, 144N, 1389W,   0,    0,   ,   0,    ,    0,    0,    0,    0, 
EP, 86, 2014070712, 03, LBAR,  96, 152N, 1405W,   0,    0,   ,   0,    ,    0,    0,    0,    0, 
EP, 86, 2014070712, 03, LBAR, 108, 158N, 1411W,   0,    0,   ,   0,    ,    0,    0,    0,    0, 
EP, 86, 2014070712, 03, LBAR, 120, 174N, 1395W,   0,    0,   ,   0,    ,    0,    0,    0,    0, 
EP, 86, 2014070712, 03, LGEM,   0, 100N, 1202W,  40,    0, TS,   0,    ,    0,    0,    0,    0, 
EP, 86, 2014070712, 03, LGEM,  12,  99N, 1221W,  48,    0, TS,   0,    ,    0,    0,    0,    0, 
EP, 86, 2014070712, 03, LGEM,  24, 100N, 1241W,  54,    0, TS,   0,    ,    0,    0,    0,    0, 
EP, 86, 2014070712, 03, LGEM,  36, 105N, 1262W,  58,    0, TS,   0,    ,    0,    0,    0,    0, 
EP, 86, 2014070712, 03, LGEM,  48, 111N, 1283W,  62,    0, TS,   0,    ,    0,    0,    0,    0, 
EP, 86, 2014070712, 03, LGEM,  60, 119N, 1305W,  66,    0, HU,   0,    ,    0,    0,    0,    0, 
EP, 86, 2014070712, 03, LGEM,  72, 128N, 1327W,  69,    0, HU,   0,    ,    0,    0,    0,    0, 
EP, 86, 2014070712, 03, LGEM,  84, 138N, 1348W,  66,    0, HU,   0,    ,    0,    0,    0,    0, 
EP, 86, 2014070712, 03, LGEM,  96, 149N, 1366W,  61,    0, TS,   0,    ,    0,    0,    0,    0, 
EP, 86, 2014070712, 03, LGEM, 108, 163N, 1381W,  54,    0, TS,   0,    ,    0,    0,    0,    0, 
EP, 86, 2014070712, 03, LGEM, 120, 175N, 1391W,  47,    0, TS,   0,    ,    0,    0,    0,    0, 
EP, 86, 2014070712, 03, OCD5,   0, 100N, 1202W,  40,    0,   ,   0,    ,    0,    0,    0,    0, 
EP, 86, 2014070712, 03, OCD5,  12, 102N, 1217W,  50,    0,   ,   0,    ,    0,    0,    0,    0, 
EP, 86, 2014070712, 03, OCD5,  24, 106N, 1233W,  59,    0,   ,   0,    ,    0,    0,    0,    0, 
EP, 86, 2014070712, 03, OCD5,  36, 112N, 1249W,  65,    0,   ,   0,    ,    0,    0,    0,    0, 
EP, 86, 2014070712, 03, OCD5,  48, 117N, 1267W,  70,    0,   ,   0,    ,    0,    0,    0,    0, 
EP, 86, 2014070712, 03, OCD5,  60, 122N, 1285W,  77,    0,   ,   0,    ,    0,    0,    0,    0, 
EP, 86, 2014070712, 03, OCD5,  72, 127N, 1304W,  76,    0,   ,   0,    ,    0,    0,    0,    0, 
EP, 86, 2014070712, 03, OCD5,  84, 133N, 1323W,  77,    0,   ,   0,    ,    0,    0,    0,    0, 
EP, 86, 2014070712, 03, OCD5,  96, 138N, 1343W,  67,    0,   ,   0,    ,    0,    0,    0,    0, 
EP, 86, 2014070712, 03, OCD5, 108, 143N, 1360W,  65,    0,   ,   0,    ,    0,    0,    0,    0, 
EP, 86, 2014070712, 03, OCD5, 120, 147N, 1379W,  63,    0,   ,   0,    ,    0,    0,    0,    0, 
EP, 86, 2014070712, 03, RI25,   0,   0N,    0W,  40,    0,   ,   0,    ,    0,    0,    0,    0, 
EP, 86, 2014070712, 03, RI25,  12,   0N,    0W,  53,    0,   ,   0,    ,    0,    0,    0,    0, 
EP, 86, 2014070712, 03, RI25,  24,   0N,    0W,  65,    0,   ,   0,    ,    0,    0,    0,    0, 
EP, 86, 2014070712, 03, RI30,   0,   0N,    0W,  40,    0,   ,   0,    ,    0,    0,    0,    0, 
EP, 86, 2014070712, 03, RI30,  12,   0N,    0W,  55,    0,   ,   0,    ,    0,    0,    0,    0, 
EP, 86, 2014070712, 03, RI30,  24,   0N,    0W,  70,    0,   ,   0,    ,    0,    0,    0,    0, 
EP, 86, 2014070712, 03, RI35,   0,   0N,    0W,  40,    0,   ,   0,    ,    0,    0,    0,    0, 
EP, 86, 2014070712, 03, RI35,  12,   0N,    0W,  58,    0,   ,   0,    ,    0,    0,    0,    0, 
EP, 86, 2014070712, 03, RI35,  24,   0N,    0W,  75,    0,   ,   0,    ,    0,    0,    0,    0, 
EP, 86, 2014070712, 03, RI40,   0,   0N,    0W,  40,    0,   ,   0,    ,    0,    0,    0,    0, 
EP, 86, 2014070712, 03, RI40,  12,   0N,    0W,  60,    0,   ,   0,    ,    0,    0,    0,    0, 
EP, 86, 2014070712, 03, RI40,  24,   0N,    0W,  80,    0,   ,   0,    ,    0,    0,    0,    0, 
EP, 86, 2014070712, 03, SHF5,   0,   0N,    0W,  40,    0,   ,   0,    ,    0,    0,    0,    0, 
EP, 86, 2014070712, 03, SHF5,  12,   0N,    0W,  50,    0,   ,   0,    ,    0,    0,    0,    0, 
EP, 86, 2014070712, 03, SHF5,  24,   0N,    0W,  59,    0,   ,   0,    ,    0,    0,    0,    0, 
EP, 86, 2014070712, 03, SHF5,  36,   0N,    0W,  65,    0,   ,   0,    ,    0,    0,    0,    0, 
EP, 86, 2014070712, 03, SHF5,  48,   0N,    0W,  70,    0,   ,   0,    ,    0,    0,    0,    0, 
EP, 86, 2014070712, 03, SHF5,  60,   0N,    0W,  77,    0,   ,   0,    ,    0,    0,    0,    0, 
EP, 86, 2014070712, 03, SHF5,  72,   0N,    0W,  76,    0,   ,   0,    ,    0,    0,    0,    0, 
EP, 86, 2014070712, 03, SHF5,  84,   0N,    0W,  77,    0,   ,   0,    ,    0,    0,    0,    0, 
EP, 86, 2014070712, 03, SHF5,  96,   0N,    0W,  67,    0,   ,   0,    ,    0,    0,    0,    0, 
EP, 86, 2014070712, 03, SHF5, 108,   0N,    0W,  65,    0,   ,   0,    ,    0,    0,    0,    0, 
EP, 86, 2014070712, 03, SHF5, 120,   0N,    0W,  63,    0,   ,   0,    ,    0,    0,    0,    0, 
EP, 86, 2014070712, 03, SHFR,  12,   0N,    0W,  46,    0,   ,   0,    ,    0,    0,    0,    0, 
EP, 86, 2014070712, 03, SHFR,  24,   0N,    0W,  52,    0,   ,   0,    ,    0,    0,    0,    0, 
EP, 86, 2014070712, 03, SHFR,  36,   0N,    0W,  56,    0,   ,   0,    ,    0,    0,    0,    0, 
EP, 86, 2014070712, 03, SHFR,  48,   0N,    0W,  60,    0,   ,   0,    ,    0,    0,    0,    0, 
EP, 86, 2014070712, 03, SHFR,  60,   0N,    0W,  63,    0,   ,   0,    ,    0,    0,    0,    0, 
EP, 86, 2014070712, 03, SHFR,  72,   0N,    0W,  64,    0,   ,   0,    ,    0,    0,    0,    0, 
EP, 86, 2014070712, 03, SHIP,   0, 100N, 1202W,  40,    0, TS,   0,    ,    0,    0,    0,    0, 
EP, 86, 2014070712, 03, SHIP,  12,  99N, 1221W,  50,    0, TS,   0,    ,    0,    0,    0,    0, 
EP, 86, 2014070712, 03, SHIP,  24, 100N, 1241W,  56,    0, TS,   0,    ,    0,    0,    0,    0, 
EP, 86, 2014070712, 03, SHIP,  36, 105N, 1262W,  60,    0, TS,   0,    ,    0,    0,    0,    0, 
EP, 86, 2014070712, 03, SHIP,  48, 111N, 1283W,  64,    0, HU,   0,    ,    0,    0,    0,    0, 
EP, 86, 2014070712, 03, SHIP,  60, 119N, 1305W,  63,    0, TS,   0,    ,    0,    0,    0,    0, 
EP, 86, 2014070712, 03, SHIP,  72, 128N, 1327W,  59,    0, TS,   0,    ,    0,    0,    0,    0, 
EP, 86, 2014070712, 03, SHIP,  84, 138N, 1348W,  53,    0, TS,   0,    ,    0,    0,    0,    0, 
EP, 86, 2014070712, 03, SHIP,  96, 149N, 1366W,  47,    0, TS,   0,    ,    0,    0,    0,    0, 
EP, 86, 2014070712, 03, SHIP, 108, 163N, 1381W,  42,    0, TS,   0,    ,    0,    0,    0,    0, 
EP, 86, 2014070712, 03, SHIP, 120, 175N, 1391W,  34,    0, TS,   0,    ,    0,    0,    0,    0, 
EP, 86, 2014070712, 03, XTRP,   0, 100N, 1202W,   0,    0,   ,   0,    ,    0,    0,    0,    0, 
EP, 86, 2014070712, 03, XTRP,  12, 100N, 1216W,   0,    0,   ,   0,    ,    0,    0,    0,    0, 
EP, 86, 2014070712, 03, XTRP,  24, 100N, 1231W,   0,    0,   ,   0,    ,    0,    0,    0,    0, 
EP, 86, 2014070712, 03, XTRP,  36, 100N, 1246W,   0,    0,   ,   0,    ,    0,    0,    0,    0, 
EP, 86, 2014070712, 03, XTRP,  48, 100N, 1261W,   0,    0,   ,   0,    ,    0,    0,    0,    0, 
EP, 86, 2014070712, 03, XTRP,  60, 100N, 1276W,   0,    0,   ,   0,    ,    0,    0,    0,    0, 
EP, 86, 2014070712, 03, XTRP,  72, 100N, 1291W,   0,    0,   ,   0,    ,    0,    0,    0,    0, 
EP, 86, 2014070712, 03, XTRP,  84, 100N, 1306W,   0,    0,   ,   0,    ,    0,    0,    0,    0, 
EP, 86, 2014070712, 03, XTRP,  96, 100N, 1321W,   0,    0,   ,   0,    ,    0,    0,    0,    0, 
EP, 86, 2014070712, 03, XTRP, 108, 100N, 1336W,   0,    0,   ,   0,    ,    0,    0,    0,    0, 
EP, 86, 2014070712, 03, XTRP, 120, 100N, 1351W,   0,    0,   ,   0,    ,    0,    0,    0,    0, 
EP, 86, 2014070712, 03, XTRP, 132, 100N, 1366W,   0,    0,   ,   0,    ,    0,    0,    0,    0, 
EP, 86, 2014070712, 03, XTRP, 144, 100N, 1381W,   0,    0,   ,   0,    ,    0,    0,    0,    0, 
EP, 86, 2014070712, 03, XTRP, 156, 100N, 1396W,   0,    0,   ,   0,    ,    0,    0,    0,    0, 
EP, 86, 2014070712, 03, XTRP, 168, 100N, 1411W,   0,    0,   ,   0,    ,    0,    0,    0,    0, 
