IO, 94, 2014060200, 72, JAVN,   0,  63N,  698E,  15,    0,   ,  34, NEQ,    0,    0,    0,    0, 
IO, 94, 2014060200, 72, JAVN,  12,  68N,  678E,  10,    0,   ,  34, NEQ,    0,    0,    0,    0, 
IO, 94, 2014060200, 72, JAVN,  24,  69N,  669E,  10,    0,   ,  34, NEQ,    0,    0,    0,    0, 
IO, 94, 2014060200, 72, JAVN,  36,  78N,  663E,  10,    0,   ,  34, NEQ,    0,    0,    0,    0, 
IO, 94, 2014060206, 01, CARQ, -18,  68N,  658E,  15,    0,   ,   0,    ,    0,    0,    0,    0, 
IO, 94, 2014060206, 01, CARQ, -12,  68N,  653E,  15,    0,   ,   0,    ,    0,    0,    0,    0, 
IO, 94, 2014060206, 01, CARQ,  -6,  69N,  649E,  15,    0,   ,   0,    ,    0,    0,    0,    0, 
IO, 94, 2014060206, 01, CARQ,   0,  70N,  645E,  15,    0,   ,   0,    ,    0,    0,    0,    0, 
IO, 94, 2014060206, 03, CLIP,  12,  74N,  633E,   0,    0,   ,   0,    ,    0,    0,    0,    0, 
IO, 94, 2014060206, 03, CLIP,  24,  79N,  617E,   0,    0,   ,   0,    ,    0,    0,    0,    0, 
IO, 94, 2014060206, 03, CLIP,  36,  84N,  601E,   0,    0,   ,   0,    ,    0,    0,    0,    0, 
IO, 94, 2014060206, 03, CLIP,  48,  93N,  579E,   0,    0,   ,   0,    ,    0,    0,    0,    0, 
IO, 94, 2014060206, 03, CLIP,  72, 107N,  526E,   0,    0,   ,   0,    ,    0,    0,    0,    0, 
IO, 94, 2014060206, 03, ST5D,  12,   0N,    0E,  15,    0,   ,   0,    ,    0,    0,    0,    0, 
IO, 94, 2014060206, 03, ST5D,  24,   0N,    0E,  15,    0,   ,   0,    ,    0,    0,    0,    0, 
IO, 94, 2014060206, 03, ST5D,  36,   0N,    0E,  16,    0,   ,   0,    ,    0,    0,    0,    0, 
IO, 94, 2014060206, 03, ST5D,  48,   0N,    0E,  16,    0,   ,   0,    ,    0,    0,    0,    0, 
IO, 94, 2014060206, 03, ST5D,  60,   0N,    0E,  15,    0,   ,   0,    ,    0,    0,    0,    0, 
IO, 94, 2014060206, 03, ST5D,  72,   0N,    0E,  16,    0,   ,   0,    ,    0,    0,    0,    0, 
IO, 94, 2014060206, 03, ST5D,  84,   0N,    0E,  25,    0,   ,   0,    ,    0,    0,    0,    0, 
IO, 94, 2014060206, 03, ST5D,  96,   0N,    0E,  30,    0,   ,   0,    ,    0,    0,    0,    0, 
IO, 94, 2014060206, 03, ST5D, 108,   0N,    0E,  44,    0,   ,   0,    ,    0,    0,    0,    0, 
IO, 94, 2014060206, 03, ST5D, 120,   0N,    0E,  42,    0,   ,   0,    ,    0,    0,    0,    0, 
IO, 94, 2014060206, 03, STRT,  12,  82N,  630E,   0,    0,   ,   0,    ,    0,    0,    0,    0, 
IO, 94, 2014060206, 03, STRT,  24,  88N,  611E,   0,    0,   ,   0,    ,    0,    0,    0,    0, 
IO, 94, 2014060206, 03, STRT,  36,  94N,  591E,   0,    0,   ,   0,    ,    0,    0,    0,    0, 
IO, 94, 2014060206, 03, STRT,  48,  93N,  574E,   0,    0,   ,   0,    ,    0,    0,    0,    0, 
IO, 94, 2014060206, 03, STRT,  72,  97N,  535E,   0,    0,   ,   0,    ,    0,    0,    0,    0, 
IO, 94, 2014060206, 03, TMMN,   0,  65N,  652E,  18,    0,   ,   0,    ,    0,    0,    0,    0, 
IO, 94, 2014060206, 03, TMMN,   6,  64N,  664E,  19,    0,   ,   0,    ,    0,    0,    0,    0, 
IO, 94, 2014060206, 03, TMMN,  12,  66N,  673E,  19,    0,   ,   0,    ,    0,    0,    0,    0, 
IO, 94, 2014060206, 03, TMMN,  18,  69N,  675E,  22,    0,   ,   0,    ,    0,    0,    0,    0, 
IO, 94, 2014060206, 03, TMMN,  24,  71N,  682E,  23,    0,   ,   0,    ,    0,    0,    0,    0, 
IO, 94, 2014060206, 03, TMMN,  30,  74N,  682E,  26,    0,   ,   0,    ,    0,    0,    0,    0, 
IO, 94, 2014060206, 03, TMMN,  36,  78N,  683E,  24,    0,   ,   0,    ,    0,    0,    0,    0, 
IO, 94, 2014060206, 03, TMMN,  42,  79N,  685E,  25,    0,   ,   0,    ,    0,    0,    0,    0, 
IO, 94, 2014060206, 03, TMMN,  48,  82N,  690E,  25,    0,   ,   0,    ,    0,    0,    0,    0, 
IO, 94, 2014060206, 03, TMMN,  54,  82N,  690E,  28,    0,   ,   0,    ,    0,    0,    0,    0, 
IO, 94, 2014060206, 03, TMMN,  60,  84N,  695E,  29,    0,   ,   0,    ,    0,    0,    0,    0, 
IO, 94, 2014060206, 03, TMMN,  66,  88N,  693E,  31,    0,   ,   0,    ,    0,    0,    0,    0, 
IO, 94, 2014060206, 03, TMMN,  72,  92N,  694E,  35,    0,   ,   0,    ,    0,    0,    0,    0, 
IO, 94, 2014060206, 03, TMMN,  78,  95N,  692E,  37,    0,   ,   0,    ,    0,    0,    0,    0, 
IO, 94, 2014060206, 03, TMMN,  84, 101N,  694E,  39,    0,   ,   0,    ,    0,    0,    0,    0, 
IO, 94, 2014060206, 03, TMMN,  90, 103N,  694E,  40,    0,   ,   0,    ,    0,    0,    0,    0, 
IO, 94, 2014060206, 03, TMMN,  96, 107N,  696E,  43,    0,   ,   0,    ,    0,    0,    0,    0, 
IO, 94, 2014060206, 03, TMMN, 102, 110N,  695E,  44,    0,   ,   0,    ,    0,    0,    0,    0, 
IO, 94, 2014060206, 03, TMMN, 108, 110N,  696E,  43,    0,   ,   0,    ,    0,    0,    0,    0, 
IO, 94, 2014060206, 03, TMMN, 114, 111N,  695E,  44,    0,   ,   0,    ,    0,    0,    0,    0, 
IO, 94, 2014060206, 03, TMMN, 120, 111N,  699E,  45,    0,   ,   0,    ,    0,    0,    0,    0, 
IO, 94, 2014060206, 03, TMMN, 126, 114N,  695E,  48,    0,   ,   0,    ,    0,    0,    0,    0, 
IO, 94, 2014060206, 03, TMMN, 132, 115N,  695E,  50,    0,   ,   0,    ,    0,    0,    0,    0, 
IO, 94, 2014060206, 03, TMMN, 138, 117N,  696E,  51,    0,   ,   0,    ,    0,    0,    0,    0, 
IO, 94, 2014060206, 03, TMMN, 144, 120N,  695E,  49,    0,   ,   0,    ,    0,    0,    0,    0, 
IO, 94, 2014060206, 03, WBAR,   0,  70N,  645E,   0,    0,   ,   0,    ,    0,    0,    0,    0, 
IO, 94, 2014060206, 03, WBAR,   6,  54N,  653E,   0,    0,   ,   0,    ,    0,    0,    0,    0, 
IO, 94, 2014060206, 03, WBAR,  12,  57N,  657E,   0,    0,   ,   0,    ,    0,    0,    0,    0, 
IO, 94, 2014060206, 03, WBAR,  18,  66N,  657E,   0,    0,   ,   0,    ,    0,    0,    0,    0, 
IO, 94, 2014060206, 03, WBAR,  24,  73N,  650E,   0,    0,   ,   0,    ,    0,    0,    0,    0, 
IO, 94, 2014060206, 03, WBAR,  30,  78N,  640E,   0,    0,   ,   0,    ,    0,    0,    0,    0, 
IO, 94, 2014060206, 03, WBAR,  36,  82N,  627E,   0,    0,   ,   0,    ,    0,    0,    0,    0, 
IO, 94, 2014060206, 03, WBAR,  42,  82N,  612E,   0,    0,   ,   0,    ,    0,    0,    0,    0, 
IO, 94, 2014060206, 03, WBAR,  48,  80N,  599E,   0,    0,   ,   0,    ,    0,    0,    0,    0, 
IO, 94, 2014060206, 03, WBAR,  54,  77N,  589E,   0,    0,   ,   0,    ,    0,    0,    0,    0, 
IO, 94, 2014060206, 03, WBAR,  60,  73N,  581E,   0,    0,   ,   0,    ,    0,    0,    0,    0, 
IO, 94, 2014060206, 03, WBAR,  66,  69N,  575E,   0,    0,   ,   0,    ,    0,    0,    0,    0, 
IO, 94, 2014060206, 03, WBAR,  72,  67N,  571E,   0,    0,   ,   0,    ,    0,    0,    0,    0, 
IO, 94, 2014060206, 03, XTRP,  12,  72N,  637E,  15,    0,   ,   0,    ,    0,    0,    0,    0, 
IO, 94, 2014060206, 03, XTRP,  24,  74N,  629E,  15,    0,   ,   0,    ,    0,    0,    0,    0, 
IO, 94, 2014060206, 03, XTRP,  36,  76N,  621E,  15,    0,   ,   0,    ,    0,    0,    0,    0, 
IO, 94, 2014060206, 03, XTRP,  48,  78N,  613E,  15,    0,   ,   0,    ,    0,    0,    0,    0, 
IO, 94, 2014060206, 03, XTRP,  60,  80N,  605E,  15,    0,   ,   0,    ,    0,    0,    0,    0, 
IO, 94, 2014060206, 03, XTRP,  72,  82N,  597E,  15,    0,   ,   0,    ,    0,    0,    0,    0, 
IO, 94, 2014060206, 03, XTRP,  84,  84N,  589E,  15,    0,   ,   0,    ,    0,    0,    0,    0, 
IO, 94, 2014060206, 03, XTRP,  96,  86N,  581E,  15,    0,   ,   0,    ,    0,    0,    0,    0, 
IO, 94, 2014060206, 03, XTRP, 108,  88N,  573E,  15,    0,   ,   0,    ,    0,    0,    0,    0, 
IO, 94, 2014060206, 03, XTRP, 120,  90N,  565E,  15,    0,   ,   0,    ,    0,    0,    0,    0, 
IO, 94, 2014060212, 01, CARQ, -18,  72N,  665E,  15,    0,   ,   0,    ,    0,    0,    0,    0, 
IO, 94, 2014060212, 01, CARQ, -12,  73N,  660E,  15,    0,   ,   0,    ,    0,    0,    0,    0, 
IO, 94, 2014060212, 01, CARQ,  -6,  74N,  655E,  15,    0,   ,   0,    ,    0,    0,    0,    0, 
IO, 94, 2014060212, 01, CARQ,   0,  75N,  651E,  15,    0,   ,   0,    ,    0,    0,    0,    0, 
IO, 94, 2014060212, 03, CLIM,  12,  88N,  644E,   0,    0,   ,   0,    ,    0,    0,    0,    0, 
IO, 94, 2014060212, 03, CLIM,  24,  95N,  638E,   0,    0,   ,   0,    ,    0,    0,    0,    0, 
IO, 94, 2014060212, 03, CLIM,  36, 106N,  629E,   0,    0,   ,   0,    ,    0,    0,    0,    0, 
IO, 94, 2014060212, 03, CLIM,  48, 116N,  620E,   0,    0,   ,   0,    ,    0,    0,    0,    0, 
IO, 94, 2014060212, 03, CLIM,  72, 103N,  646E,   0,    0,   ,   0,    ,    0,    0,    0,    0, 
IO, 94, 2014060212, 03, CLIP,  12,  79N,  638E,   0,    0,   ,   0,    ,    0,    0,    0,    0, 
IO, 94, 2014060212, 03, CLIP,  24,  85N,  622E,   0,    0,   ,   0,    ,    0,    0,    0,    0, 
IO, 94, 2014060212, 03, CLIP,  36,  90N,  607E,   0,    0,   ,   0,    ,    0,    0,    0,    0, 
IO, 94, 2014060212, 03, CLIP,  48,  98N,  586E,   0,    0,   ,   0,    ,    0,    0,    0,    0, 
IO, 94, 2014060212, 03, CLIP,  72, 112N,  537E,   0,    0,   ,   0,    ,    0,    0,    0,    0, 
IO, 94, 2014060212, 03, HPAC,  12,  83N,  643E,   0,    0,   ,   0,    ,    0,    0,    0,    0, 
IO, 94, 2014060212, 03, HPAC,  24,  87N,  635E,   0,    0,   ,   0,    ,    0,    0,    0,    0, 
IO, 94, 2014060212, 03, HPAC,  36,  94N,  626E,   0,    0,   ,   0,    ,    0,    0,    0,    0, 
IO, 94, 2014060212, 03, HPAC,  48,  99N,  617E,   0,    0,   ,   0,    ,    0,    0,    0,    0, 
IO, 94, 2014060212, 03, HPAC,  72,  95N,  622E,   0,    0,   ,   0,    ,    0,    0,    0,    0, 
IO, 94, 2014060212, 03, ST5D,  12,   0N,    0E,  15,    0,   ,   0,    ,    0,    0,    0,    0, 
IO, 94, 2014060212, 03, ST5D,  24,   0N,    0E,  15,    0,   ,   0,    ,    0,    0,    0,    0, 
IO, 94, 2014060212, 03, ST5D,  36,   0N,    0E,  16,    0,   ,   0,    ,    0,    0,    0,    0, 
IO, 94, 2014060212, 03, ST5D,  48,   0N,    0E,  16,    0,   ,   0,    ,    0,    0,    0,    0, 
IO, 94, 2014060212, 03, ST5D,  60,   0N,    0E,  16,    0,   ,   0,    ,    0,    0,    0,    0, 
IO, 94, 2014060212, 03, ST5D,  72,   0N,    0E,  17,    0,   ,   0,    ,    0,    0,    0,    0, 
IO, 94, 2014060212, 03, ST5D,  84,   0N,    0E,  25,    0,   ,   0,    ,    0,    0,    0,    0, 
IO, 94, 2014060212, 03, ST5D,  96,   0N,    0E,  31,    0,   ,   0,    ,    0,    0,    0,    0, 
IO, 94, 2014060212, 03, ST5D, 108,   0N,    0E,  43,    0,   ,   0,    ,    0,    0,    0,    0, 
IO, 94, 2014060212, 03, ST5D, 120,   0N,    0E,  42,    0,   ,   0,    ,    0,    0,    0,    0, 
IO, 94, 2014060212, 03, STRT,  12,  81N,  634E,   0,    0,   ,   0,    ,    0,    0,    0,    0, 
IO, 94, 2014060212, 03, STRT,  24,  80N,  614E,   0,    0,   ,   0,    ,    0,    0,    0,    0, 
IO, 94, 2014060212, 03, STRT,  36,  79N,  594E,   0,    0,   ,   0,    ,    0,    0,    0,    0, 
IO, 94, 2014060212, 03, STRT,  48,  78N,  574E,   0,    0,   ,   0,    ,    0,    0,    0,    0, 
IO, 94, 2014060212, 03, STRT,  72,  76N,  534E,   0,    0,   ,   0,    ,    0,    0,    0,    0, 
IO, 94, 2014060212, 03, TMMI,   0,  75N,  651E,  15,    0,   ,  34, NEQ,    0,    0,    0,    0, 
IO, 94, 2014060212, 03, TMMI,  12,  78N,  665E,  17,    0,   ,  34, NEQ,    0,    0,    0,    0, 
IO, 94, 2014060212, 03, TMMI,  24,  84N,  671E,  20,    0,   ,  34, NEQ,    0,    0,    0,    0, 
IO, 94, 2014060212, 03, TMMI,  36,  89N,  675E,  21,    0,   ,  34, NEQ,    0,    0,    0,    0, 
IO, 94, 2014060212, 03, TMMI,  48,  92N,  680E,  23,    0,   ,  34, NEQ,    0,    0,    0,    0, 
IO, 94, 2014060212, 03, TMMI,  60,  98N,  682E,  27,    0,   ,  34, NEQ,    0,    0,    0,    0, 
IO, 94, 2014060212, 03, TMMI,  72, 105N,  682E,  32,    0,   ,  34, NEQ,    0,    0,    0,    0, 
IO, 94, 2014060212, 03, TMMI,  84, 113N,  683E,  36,    0,   ,  34, NEQ,    0,    0,    0,    0, 
IO, 94, 2014060212, 03, TMMI,  96, 118N,  684E,  39,    0,   ,  34, NEQ,    0,    0,    0,    0, 
IO, 94, 2014060212, 03, TMMI, 108, 121N,  685E,  40,    0,   ,  34, NEQ,    0,    0,    0,    0, 
IO, 94, 2014060212, 03, TMMI, 120, 123N,  685E,  43,    0,   ,  34, NEQ,    0,    0,    0,    0, 
IO, 94, 2014060212, 03, TMMI, 132, 127N,  684E,  45,    0,   ,  34, NEQ,    0,    0,    0,    0, 
IO, 94, 2014060212, 03, TMMI, 144, 131N,  684E,  47,    0,   ,  34, NEQ,    0,    0,    0,    0, 
IO, 94, 2014060212, 03, WBAI,   0,  75N,  651E,   0,    0,   ,  34, NEQ,    0,    0,    0,    0, 
IO, 94, 2014060212, 03, WBAI,  12,  78N,  653E,   0,    0,   ,  34, NEQ,    0,    0,    0,    0, 
IO, 94, 2014060212, 03, WBAI,  24,  89N,  638E,   0,    0,   ,  34, NEQ,    0,    0,    0,    0, 
IO, 94, 2014060212, 03, WBAI,  36,  93N,  613E,   0,    0,   ,  34, NEQ,    0,    0,    0,    0, 
IO, 94, 2014060212, 03, WBAI,  48,  89N,  591E,   0,    0,   ,  34, NEQ,    0,    0,    0,    0, 
IO, 94, 2014060212, 03, WBAI,  60,  82N,  576E,   0,    0,   ,  34, NEQ,    0,    0,    0,    0, 
IO, 94, 2014060212, 03, WBAI,  72,  76N,  562E,   0,    0,   ,  34, NEQ,    0,    0,    0,    0, 
IO, 94, 2014060212, 03, WBAR,   0,  75N,  651E,   0,    0,   ,   0,    ,    0,    0,    0,    0, 
IO, 94, 2014060212, 03, WBAR,   6,  71N,  667E,   0,    0,   ,   0,    ,    0,    0,    0,    0, 
IO, 94, 2014060212, 03, WBAR,  12,  78N,  664E,   0,    0,   ,   0,    ,    0,    0,    0,    0, 
IO, 94, 2014060212, 03, WBAR,  18,  81N,  658E,   0,    0,   ,   0,    ,    0,    0,    0,    0, 
IO, 94, 2014060212, 03, WBAR,  24,  83N,  651E,   0,    0,   ,   0,    ,    0,    0,    0,    0, 
IO, 94, 2014060212, 03, WBAR,  30,  84N,  643E,   0,    0,   ,   0,    ,    0,    0,    0,    0, 
IO, 94, 2014060212, 03, WBAR,  36,  84N,  632E,   0,    0,   ,   0,    ,    0,    0,    0,    0, 
IO, 94, 2014060212, 03, WBAR,  42,  85N,  616E,   0,    0,   ,   0,    ,    0,    0,    0,    0, 
IO, 94, 2014060212, 03, WBAR,  48,  69N,  597E,   0,    0,   ,   0,    ,    0,    0,    0,    0, 
IO, 94, 2014060212, 03, WBAR,  54,  71N,  590E,   0,    0,   ,   0,    ,    0,    0,    0,    0, 
IO, 94, 2014060212, 03, WBAR,  60,  71N,  583E,   0,    0,   ,   0,    ,    0,    0,    0,    0, 
IO, 94, 2014060212, 03, WBAR,  66,  69N,  577E,   0,    0,   ,   0,    ,    0,    0,    0,    0, 
IO, 94, 2014060212, 03, WBAR,  72,  68N,  573E,   0,    0,   ,   0,    ,    0,    0,    0,    0, 
IO, 94, 2014060212, 03, XTRP,  12,  77N,  642E,  15,    0,   ,   0,    ,    0,    0,    0,    0, 
IO, 94, 2014060212, 03, XTRP,  24,  79N,  633E,  15,    0,   ,   0,    ,    0,    0,    0,    0, 
IO, 94, 2014060212, 03, XTRP,  36,  81N,  624E,  15,    0,   ,   0,    ,    0,    0,    0,    0, 
IO, 94, 2014060212, 03, XTRP,  48,  83N,  615E,  15,    0,   ,   0,    ,    0,    0,    0,    0, 
IO, 94, 2014060212, 03, XTRP,  60,  85N,  606E,  15,    0,   ,   0,    ,    0,    0,    0,    0, 
IO, 94, 2014060212, 03, XTRP,  72,  87N,  597E,  15,    0,   ,   0,    ,    0,    0,    0,    0, 
IO, 94, 2014060212, 03, XTRP,  84,  89N,  588E,  15,    0,   ,   0,    ,    0,    0,    0,    0, 
IO, 94, 2014060212, 03, XTRP,  96,  91N,  579E,  15,    0,   ,   0,    ,    0,    0,    0,    0, 
IO, 94, 2014060212, 03, XTRP, 108,  94N,  570E,  15,    0,   ,   0,    ,    0,    0,    0,    0, 
IO, 94, 2014060212, 03, XTRP, 120,  96N,  561E,  15,    0,   ,   0,    ,    0,    0,    0,    0, 
IO, 94, 2014060212, 71, JNGP,   0,  60N,  691E,  15,    0,   ,  34, NEQ,    0,    0,    0,    0, 
IO, 94, 2014060212, 72, JAVN,   0,  94N,  626E,  15,    0,   ,  34, NEQ,    0,    0,    0,    0, 
IO, 94, 2014060212, 72, JAVN,  12,  53N,  614E,  10,    0,   ,  34, NEQ,    0,    0,    0,    0, 
IO, 94, 2014060218, 01, CARQ, -18,  76N,  659E,  15,    0,   ,   0,    ,    0,    0,    0,    0, 
IO, 94, 2014060218, 01, CARQ, -12,  76N,  653E,  15,    0,   ,   0,    ,    0,    0,    0,    0, 
IO, 94, 2014060218, 01, CARQ,  -6,  76N,  647E,  15,    0,   ,   0,    ,    0,    0,    0,    0, 
IO, 94, 2014060218, 01, CARQ,   0,  76N,  640E,  15,    0,   ,   0,    ,    0,    0,    0,    0, 
IO, 94, 2014060218, 03, C12N,   0,  76N,  640E,   0,    0,   ,   0,    ,    0,    0,    0,    0, 
IO, 94, 2014060218, 03, CLIP,  12,  78N,  624E,   0,    0,   ,   0,    ,    0,    0,    0,    0, 
IO, 94, 2014060218, 03, CLIP,  24,  80N,  605E,   0,    0,   ,   0,    ,    0,    0,    0,    0, 
IO, 94, 2014060218, 03, CLIP,  36,  84N,  587E,   0,    0,   ,   0,    ,    0,    0,    0,    0, 
IO, 94, 2014060218, 03, CLIP,  48,  88N,  566E,   0,    0,   ,   0,    ,    0,    0,    0,    0, 
IO, 94, 2014060218, 03, CLIP,  72,  96N,  511E,   0,    0,   ,   0,    ,    0,    0,    0,    0, 
IO, 94, 2014060218, 03, COXX,   0,  76N,  640E,   0,    0,   ,   0,    ,    0,    0,    0,    0, 
IO, 94, 2014060218, 03, JAVI,   0,  76N,  640E,  15,    0,   ,  34, NEQ,    0,    0,    0,    0, 
IO, 94, 2014060218, 03, ST5D,  12,   0N,    0E,  15,    0,   ,   0,    ,    0,    0,    0,    0, 
IO, 94, 2014060218, 03, ST5D,  24,   0N,    0E,  14,    0,   ,   0,    ,    0,    0,    0,    0, 
IO, 94, 2014060218, 03, ST5D,  36,   0N,    0E,  16,    0,   ,   0,    ,    0,    0,    0,    0, 
IO, 94, 2014060218, 03, ST5D,  48,   0N,    0E,  16,    0,   ,   0,    ,    0,    0,    0,    0, 
IO, 94, 2014060218, 03, ST5D,  60,   0N,    0E,  16,    0,   ,   0,    ,    0,    0,    0,    0, 
IO, 94, 2014060218, 03, ST5D,  72,   0N,    0E,  17,    0,   ,   0,    ,    0,    0,    0,    0, 
IO, 94, 2014060218, 03, ST5D,  84,   0N,    0E,  26,    0,   ,   0,    ,    0,    0,    0,    0, 
IO, 94, 2014060218, 03, ST5D,  96,   0N,    0E,  31,    0,   ,   0,    ,    0,    0,    0,    0, 
IO, 94, 2014060218, 03, ST5D, 108,   0N,    0E,  43,    0,   ,   0,    ,    0,    0,    0,    0, 
IO, 94, 2014060218, 03, ST5D, 120,   0N,    0E,  42,    0,   ,   0,    ,    0,    0,    0,    0, 
IO, 94, 2014060218, 03, STRT,  12,  82N,  623E,   0,    0,   ,   0,    ,    0,    0,    0,    0, 
IO, 94, 2014060218, 03, STRT,  24,  81N,  603E,   0,    0,   ,   0,    ,    0,    0,    0,    0, 
IO, 94, 2014060218, 03, STRT,  36,  80N,  583E,   0,    0,   ,   0,    ,    0,    0,    0,    0, 
IO, 94, 2014060218, 03, STRT,  48,  79N,  563E,   0,    0,   ,   0,    ,    0,    0,    0,    0, 
IO, 94, 2014060218, 03, STRT,  72,  77N,  523E,   0,    0,   ,   0,    ,    0,    0,    0,    0, 
IO, 94, 2014060218, 03, WBAI,   0,  76N,  640E,   0,    0,   ,  34, NEQ,    0,    0,    0,    0, 
IO, 94, 2014060218, 03, WBAI,  12,  81N,  638E,   0,    0,   ,  34, NEQ,    0,    0,    0,    0, 
IO, 94, 2014060218, 03, WBAI,  24,  84N,  622E,   0,    0,   ,  34, NEQ,    0,    0,    0,    0, 
IO, 94, 2014060218, 03, WBAI,  36,  80N,  597E,   0,    0,   ,  34, NEQ,    0,    0,    0,    0, 
IO, 94, 2014060218, 03, WBAI,  48,  72N,  573E,   0,    0,   ,  34, NEQ,    0,    0,    0,    0, 
IO, 94, 2014060218, 03, WBAI,  60,  70N,  559E,   0,    0,   ,  34, NEQ,    0,    0,    0,    0, 
IO, 94, 2014060218, 03, WBAI,  72,  68N,  546E,   0,    0,   ,  34, NEQ,    0,    0,    0,    0, 
IO, 94, 2014060218, 03, WBAR,   0,  76N,  640E,   0,    0,   ,   0,    ,    0,    0,    0,    0, 
IO, 94, 2014060218, 03, WBAR,   6,  60N,  645E,   0,    0,   ,   0,    ,    0,    0,    0,    0, 
IO, 94, 2014060218, 03, WBAR,  12,  64N,  623E,   0,    0,   ,   0,    ,    0,    0,    0,    0, 
IO, 94, 2014060218, 03, WBAR,  18,  63N,  624E,   0,    0,   ,   0,    ,    0,    0,    0,    0, 
IO, 94, 2014060218, 03, WBAR,  24,  64N,  625E,   0,    0,   ,   0,    ,    0,    0,    0,    0, 
IO, 94, 2014060218, 03, WBAR,  30,  66N,  623E,   0,    0,   ,   0,    ,    0,    0,    0,    0, 
IO, 94, 2014060218, 03, WBAR,  36,  85N,  615E,   0,    0,   ,   0,    ,    0,    0,    0,    0, 
IO, 94, 2014060218, 03, WBAR,  42,  89N,  600E,   0,    0,   ,   0,    ,    0,    0,    0,    0, 
IO, 94, 2014060218, 03, WBAR,  48,  91N,  582E,   0,    0,   ,   0,    ,    0,    0,    0,    0, 
IO, 94, 2014060218, 03, WBAR,  54,  88N,  565E,   0,    0,   ,   0,    ,    0,    0,    0,    0, 
IO, 94, 2014060218, 03, WBAR,  60,  82N,  554E,   0,    0,   ,   0,    ,    0,    0,    0,    0, 
IO, 94, 2014060218, 03, WBAR,  66,  80N,  546E,   0,    0,   ,   0,    ,    0,    0,    0,    0, 
IO, 94, 2014060218, 03, WBAR,  72,  79N,  539E,   0,    0,   ,   0,    ,    0,    0,    0,    0, 
IO, 94, 2014060218, 03, XTRP,  12,  76N,  627E,  15,    0,   ,   0,    ,    0,    0,    0,    0, 
IO, 94, 2014060218, 03, XTRP,  24,  76N,  614E,  15,    0,   ,   0,    ,    0,    0,    0,    0, 
IO, 94, 2014060218, 03, XTRP,  36,  76N,  601E,  15,    0,   ,   0,    ,    0,    0,    0,    0, 
IO, 94, 2014060218, 03, XTRP,  48,  76N,  588E,  15,    0,   ,   0,    ,    0,    0,    0,    0, 
IO, 94, 2014060218, 03, XTRP,  60,  76N,  575E,  15,    0,   ,   0,    ,    0,    0,    0,    0, 
IO, 94, 2014060218, 03, XTRP,  72,  76N,  562E,  15,    0,   ,   0,    ,    0,    0,    0,    0, 
IO, 94, 2014060218, 03, XTRP,  84,  76N,  549E,  15,    0,   ,   0,    ,    0,    0,    0,    0, 
IO, 94, 2014060218, 03, XTRP,  96,  76N,  536E,  15,    0,   ,   0,    ,    0,    0,    0,    0, 
IO, 94, 2014060218, 03, XTRP, 108,  76N,  523E,  15,    0,   ,   0,    ,    0,    0,    0,    0, 
IO, 94, 2014060218, 03, XTRP, 120,  76N,  510E,  15,    0,   ,   0,    ,    0,    0,    0,    0, 
IO, 94, 2014060218, 72, JAVN,   0, 105N,  661E,  15,    0,   ,  34, NEQ,    0,    0,    0,    0, 
IO, 94, 2014060300, 01, CARQ, -18,  78N,  654E,  15,    0,   ,   0,    ,    0,    0,    0,    0, 
IO, 94, 2014060300, 01, CARQ, -12,  78N,  647E,  15,    0,   ,   0,    ,    0,    0,    0,    0, 
IO, 94, 2014060300, 01, CARQ,  -6,  80N,  641E,  15,    0,   ,   0,    ,    0,    0,    0,    0, 
IO, 94, 2014060300, 01, CARQ,   0,  86N,  638E,  15,    0,   ,   0,    ,    0,    0,    0,    0, 
IO, 94, 2014060300, 03, CLIM,  12,  95N,  628E,   0,    0,   ,   0,    ,    0,    0,    0,    0, 
IO, 94, 2014060300, 03, CLIM,  24, 109N,  615E,   0,    0,   ,   0,    ,    0,    0,    0,    0, 
IO, 94, 2014060300, 03, CLIM,  36, 121N,  599E,   0,    0,   ,   0,    ,    0,    0,    0,    0, 
IO, 94, 2014060300, 03, CLIM,  48, 124N,  597E,   0,    0,   ,   0,    ,    0,    0,    0,    0, 
IO, 94, 2014060300, 03, CLIP,  12,  95N,  627E,   0,    0,   ,   0,    ,    0,    0,    0,    0, 
IO, 94, 2014060300, 03, CLIP,  24, 105N,  615E,   0,    0,   ,   0,    ,    0,    0,    0,    0, 
IO, 94, 2014060300, 03, CLIP,  36, 111N,  596E,   0,    0,   ,   0,    ,    0,    0,    0,    0, 
IO, 94, 2014060300, 03, CLIP,  48, 123N,  571E,   0,    0,   ,   0,    ,    0,    0,    0,    0, 
IO, 94, 2014060300, 03, CLIP,  72, 138N,  510E,   0,    0,   ,   0,    ,    0,    0,    0,    0, 
IO, 94, 2014060300, 03, HPAC,  12,  95N,  628E,   0,    0,   ,   0,    ,    0,    0,    0,    0, 
IO, 94, 2014060300, 03, HPAC,  24, 105N,  618E,   0,    0,   ,   0,    ,    0,    0,    0,    0, 
IO, 94, 2014060300, 03, HPAC,  36, 116N,  605E,   0,    0,   ,   0,    ,    0,    0,    0,    0, 
IO, 94, 2014060300, 03, HPAC,  48, 121N,  600E,   0,    0,   ,   0,    ,    0,    0,    0,    0, 
IO, 94, 2014060300, 03, RECR,  12, 113N,  630E,   0,    0,   ,   0,    ,    0,    0,    0,    0, 
IO, 94, 2014060300, 03, RECR,  24, 137N,  624E,   0,    0,   ,   0,    ,    0,    0,    0,    0, 
IO, 94, 2014060300, 03, RECR,  36, 150N,  641E,   0,    0,   ,   0,    ,    0,    0,    0,    0, 
IO, 94, 2014060300, 03, RECR,  48, 162N,  657E,   0,    0,   ,   0,    ,    0,    0,    0,    0, 
IO, 94, 2014060300, 03, RECR,  72, 187N,  690E,   0,    0,   ,   0,    ,    0,    0,    0,    0, 
IO, 94, 2014060300, 03, ST5D,  12,   0N,    0E,  15,    0,   ,   0,    ,    0,    0,    0,    0, 
IO, 94, 2014060300, 03, ST5D,  24,   0N,    0E,  15,    0,   ,   0,    ,    0,    0,    0,    0, 
IO, 94, 2014060300, 03, ST5D,  36,   0N,    0E,  16,    0,   ,   0,    ,    0,    0,    0,    0, 
IO, 94, 2014060300, 03, ST5D,  48,   0N,    0E,  16,    0,   ,   0,    ,    0,    0,    0,    0, 
IO, 94, 2014060300, 03, ST5D,  60,   0N,    0E,  15,    0,   ,   0,    ,    0,    0,    0,    0, 
IO, 94, 2014060300, 03, ST5D,  72,   0N,    0E,  16,    0,   ,   0,    ,    0,    0,    0,    0, 
IO, 94, 2014060300, 03, ST5D,  84,   0N,    0E,  25,    0,   ,   0,    ,    0,    0,    0,    0, 
IO, 94, 2014060300, 03, ST5D,  96,   0N,    0E,  30,    0,   ,   0,    ,    0,    0,    0,    0, 
IO, 94, 2014060300, 03, ST5D, 108,   0N,    0E,  41,    0,   ,   0,    ,    0,    0,    0,    0, 
IO, 94, 2014060300, 03, ST5D, 120,   0N,    0E,  41,    0,   ,   0,    ,    0,    0,    0,    0, 
IO, 94, 2014060300, 03, STRT,  12,  93N,  619E,   0,    0,   ,   0,    ,    0,    0,    0,    0, 
IO, 94, 2014060300, 03, STRT,  24,  99N,  599E,   0,    0,   ,   0,    ,    0,    0,    0,    0, 
IO, 94, 2014060300, 03, STRT,  36, 105N,  580E,   0,    0,   ,   0,    ,    0,    0,    0,    0, 
IO, 94, 2014060300, 03, STRT,  48, 111N,  560E,   0,    0,   ,   0,    ,    0,    0,    0,    0, 
IO, 94, 2014060300, 03, STRT,  72, 121N,  520E,   0,    0,   ,   0,    ,    0,    0,    0,    0, 
IO, 94, 2014060300, 03, WBAI,   0,  86N,  638E,   0,    0,   ,  34, NEQ,    0,    0,    0,    0, 
IO, 94, 2014060300, 03, WBAI,  12,  82N,  628E,   0,    0,   ,  34, NEQ,    0,    0,    0,    0, 
IO, 94, 2014060300, 03, WBAI,  24,  90N,  621E,   0,    0,   ,  34, NEQ,    0,    0,    0,    0, 
IO, 94, 2014060300, 03, WBAI,  36, 104N,  600E,   0,    0,   ,  34, NEQ,    0,    0,    0,    0, 
IO, 94, 2014060300, 03, WBAI,  48, 105N,  570E,   0,    0,   ,  34, NEQ,    0,    0,    0,    0, 
IO, 94, 2014060300, 03, WBAI,  60,  99N,  549E,   0,    0,   ,  34, NEQ,    0,    0,    0,    0, 
IO, 94, 2014060300, 03, WBAI,  72,  93N,  528E,   0,    0,   ,  34, NEQ,    0,    0,    0,    0, 
IO, 94, 2014060300, 03, WBAR,   0,  86N,  638E,   0,    0,   ,   0,    ,    0,    0,    0,    0, 
IO, 94, 2014060300, 03, WBAR,   6, 107N,  625E,   0,    0,   ,   0,    ,    0,    0,    0,    0, 
IO, 94, 2014060300, 03, WBAR,  12, 105N,  615E,   0,    0,   ,   0,    ,    0,    0,    0,    0, 
IO, 94, 2014060300, 03, WBAR,  18, 101N,  605E,   0,    0,   ,   0,    ,    0,    0,    0,    0, 
IO, 94, 2014060300, 03, WBAR,  24,  99N,  597E,   0,    0,   ,   0,    ,    0,    0,    0,    0, 
IO, 94, 2014060300, 03, WBAR,  30,  98N,  587E,   0,    0,   ,   0,    ,    0,    0,    0,    0, 
IO, 94, 2014060300, 03, WBAR,  36,  97N,  577E,   0,    0,   ,   0,    ,    0,    0,    0,    0, 
IO, 94, 2014060300, 03, WBAR,  42,  95N,  565E,   0,    0,   ,   0,    ,    0,    0,    0,    0, 
IO, 94, 2014060300, 03, WBAR,  48,  93N,  554E,   0,    0,   ,   0,    ,    0,    0,    0,    0, 
IO, 94, 2014060300, 03, WBAR,  54,  91N,  544E,   0,    0,   ,   0,    ,    0,    0,    0,    0, 
IO, 94, 2014060300, 03, WBAR,  60,  90N,  535E,   0,    0,   ,   0,    ,    0,    0,    0,    0, 
IO, 94, 2014060300, 03, WBAR,  66,  90N,  529E,   0,    0,   ,   0,    ,    0,    0,    0,    0, 
IO, 94, 2014060300, 03, WBAR,  72,  90N,  522E,   0,    0,   ,   0,    ,    0,    0,    0,    0, 
IO, 94, 2014060300, 03, XTRP,  12,  94N,  629E,  15,    0,   ,   0,    ,    0,    0,    0,    0, 
IO, 94, 2014060300, 03, XTRP,  24, 102N,  620E,  15,    0,   ,   0,    ,    0,    0,    0,    0, 
IO, 94, 2014060300, 03, XTRP,  36, 110N,  611E,  15,    0,   ,   0,    ,    0,    0,    0,    0, 
IO, 94, 2014060300, 03, XTRP,  48, 118N,  602E,  15,    0,   ,   0,    ,    0,    0,    0,    0, 
IO, 94, 2014060300, 03, XTRP,  60, 126N,  593E,  15,    0,   ,   0,    ,    0,    0,    0,    0, 
IO, 94, 2014060300, 03, XTRP,  72, 134N,  584E,  15,    0,   ,   0,    ,    0,    0,    0,    0, 
IO, 94, 2014060300, 03, XTRP,  84, 142N,  574E,  15,    0,   ,   0,    ,    0,    0,    0,    0, 
IO, 94, 2014060300, 03, XTRP,  96, 150N,  565E,  15,    0,   ,   0,    ,    0,    0,    0,    0, 
IO, 94, 2014060300, 03, XTRP, 108, 158N,  556E,  15,    0,   ,   0,    ,    0,    0,    0,    0, 
IO, 94, 2014060300, 03, XTRP, 120, 166N,  547E,  15,    0,   ,   0,    ,    0,    0,    0,    0, 
IO, 94, 2014060306, 01, CARQ, -18,  82N,  653E,  15,    0,   ,   0,    ,    0,    0,    0,    0, 
IO, 94, 2014060306, 01, CARQ, -12,  82N,  645E,  15,    0,   ,   0,    ,    0,    0,    0,    0, 
IO, 94, 2014060306, 01, CARQ,  -6,  86N,  640E,  15,    0,   ,   0,    ,    0,    0,    0,    0, 
IO, 94, 2014060306, 01, CARQ,   0,  93N,  637E,  15,    0,   ,   0,    ,    0,    0,    0,    0, 
IO, 94, 2014060306, 03, CLIM,  12, 101N,  624E,   0,    0,   ,   0,    ,    0,    0,    0,    0, 
IO, 94, 2014060306, 03, CLIM,  24, 110N,  610E,   0,    0,   ,   0,    ,    0,    0,    0,    0, 
IO, 94, 2014060306, 03, CLIM,  36, 119N,  592E,   0,    0,   ,   0,    ,    0,    0,    0,    0, 
IO, 94, 2014060306, 03, CLIM,  48, 120N,  577E,   0,    0,   ,   0,    ,    0,    0,    0,    0, 
IO, 94, 2014060306, 03, CLIM,  72, 140N,  568E,   0,    0,   ,   0,    ,    0,    0,    0,    0, 
IO, 94, 2014060306, 03, CLIP,  12, 104N,  629E,   0,    0,   ,   0,    ,    0,    0,    0,    0, 
IO, 94, 2014060306, 03, CLIP,  24, 116N,  619E,   0,    0,   ,   0,    ,    0,    0,    0,    0, 
IO, 94, 2014060306, 03, CLIP,  36, 122N,  597E,   0,    0,   ,   0,    ,    0,    0,    0,    0, 
IO, 94, 2014060306, 03, CLIP,  48, 135N,  570E,   0,    0,   ,   0,    ,    0,    0,    0,    0, 
IO, 94, 2014060306, 03, CLIP,  72, 152N,  502E,   0,    0,   ,   0,    ,    0,    0,    0,    0, 
IO, 94, 2014060306, 03, HPAC,  12, 102N,  627E,   0,    0,   ,   0,    ,    0,    0,    0,    0, 
IO, 94, 2014060306, 03, HPAC,  24, 113N,  615E,   0,    0,   ,   0,    ,    0,    0,    0,    0, 
IO, 94, 2014060306, 03, HPAC,  36, 123N,  603E,   0,    0,   ,   0,    ,    0,    0,    0,    0, 
IO, 94, 2014060306, 03, HPAC,  48, 129N,  591E,   0,    0,   ,   0,    ,    0,    0,    0,    0, 
IO, 94, 2014060306, 03, HPAC,  72, 150N,  578E,   0,    0,   ,   0,    ,    0,    0,    0,    0, 
IO, 94, 2014060306, 03, RECR,  12, 120N,  629E,   0,    0,   ,   0,    ,    0,    0,    0,    0, 
IO, 94, 2014060306, 03, RECR,  24, 143N,  636E,   0,    0,   ,   0,    ,    0,    0,    0,    0, 
IO, 94, 2014060306, 03, RECR,  36, 156N,  652E,   0,    0,   ,   0,    ,    0,    0,    0,    0, 
IO, 94, 2014060306, 03, RECR,  48, 168N,  669E,   0,    0,   ,   0,    ,    0,    0,    0,    0, 
IO, 94, 2014060306, 03, RECR,  72, 193N,  702E,   0,    0,   ,   0,    ,    0,    0,    0,    0, 
IO, 94, 2014060306, 03, ST5D,  12,   0N,    0E,  15,    0,   ,   0,    ,    0,    0,    0,    0, 
IO, 94, 2014060306, 03, ST5D,  24,   0N,    0E,  16,    0,   ,   0,    ,    0,    0,    0,    0, 
IO, 94, 2014060306, 03, ST5D,  36,   0N,    0E,  15,    0,   ,   0,    ,    0,    0,    0,    0, 
IO, 94, 2014060306, 03, ST5D,  48,   0N,    0E,  15,    0,   ,   0,    ,    0,    0,    0,    0, 
IO, 94, 2014060306, 03, ST5D,  60,   0N,    0E,  15,    0,   ,   0,    ,    0,    0,    0,    0, 
IO, 94, 2014060306, 03, ST5D,  72,   0N,    0E,  16,    0,   ,   0,    ,    0,    0,    0,    0, 
IO, 94, 2014060306, 03, ST5D,  84,   0N,    0E,  24,    0,   ,   0,    ,    0,    0,    0,    0, 
IO, 94, 2014060306, 03, ST5D,  96,   0N,    0E,  29,    0,   ,   0,    ,    0,    0,    0,    0, 
IO, 94, 2014060306, 03, ST5D, 108,   0N,    0E,  40,    0,   ,   0,    ,    0,    0,    0,    0, 
IO, 94, 2014060306, 03, ST5D, 120,   0N,    0E,  41,    0,   ,   0,    ,    0,    0,    0,    0, 
IO, 94, 2014060306, 03, STRT,  12, 100N,  618E,   0,    0,   ,   0,    ,    0,    0,    0,    0, 
IO, 94, 2014060306, 03, STRT,  24, 113N,  599E,   0,    0,   ,   0,    ,    0,    0,    0,    0, 
IO, 94, 2014060306, 03, STRT,  36, 126N,  585E,   0,    0,   ,   0,    ,    0,    0,    0,    0, 
IO, 94, 2014060306, 03, STRT,  48, 135N,  563E,   0,    0,   ,   0,    ,    0,    0,    0,    0, 
IO, 94, 2014060306, 03, STRT,  72, 148N,  526E,   0,    0,   ,   0,    ,    0,    0,    0,    0, 
IO, 94, 2014060306, 03, WBAI,   0,  93N,  637E,   0,    0,   ,  34, NEQ,    0,    0,    0,    0, 
IO, 94, 2014060306, 03, WBAI,  12,  97N,  616E,   0,    0,   ,  34, NEQ,    0,    0,    0,    0, 
IO, 94, 2014060306, 03, WBAI,  24,  94N,  597E,   0,    0,   ,  34, NEQ,    0,    0,    0,    0, 
IO, 94, 2014060306, 03, WBAI,  36,  91N,  576E,   0,    0,   ,  34, NEQ,    0,    0,    0,    0, 
IO, 94, 2014060306, 03, WBAI,  48,  88N,  556E,   0,    0,   ,  34, NEQ,    0,    0,    0,    0, 
IO, 94, 2014060306, 03, WBAI,  60,  86N,  540E,   0,    0,   ,  34, NEQ,    0,    0,    0,    0, 
IO, 94, 2014060306, 03, WBAI,  72,  85N,  524E,   0,    0,   ,  34, NEQ,    0,    0,    0,    0, 
IO, 94, 2014060306, 03, XTRP,  12, 104N,  629E,  15,    0,   ,   0,    ,    0,    0,    0,    0, 
IO, 94, 2014060306, 03, XTRP,  24, 115N,  621E,  15,    0,   ,   0,    ,    0,    0,    0,    0, 
IO, 94, 2014060306, 03, XTRP,  36, 126N,  613E,  15,    0,   ,   0,    ,    0,    0,    0,    0, 
IO, 94, 2014060306, 03, XTRP,  48, 137N,  604E,  15,    0,   ,   0,    ,    0,    0,    0,    0, 
IO, 94, 2014060306, 03, XTRP,  60, 148N,  596E,  15,    0,   ,   0,    ,    0,    0,    0,    0, 
IO, 94, 2014060306, 03, XTRP,  72, 159N,  588E,  15,    0,   ,   0,    ,    0,    0,    0,    0, 
IO, 94, 2014060306, 03, XTRP,  84, 170N,  580E,  15,    0,   ,   0,    ,    0,    0,    0,    0, 
IO, 94, 2014060306, 03, XTRP,  96, 181N,  571E,  15,    0,   ,   0,    ,    0,    0,    0,    0, 
IO, 94, 2014060306, 03, XTRP, 108, 192N,  563E,  15,    0,   ,   0,    ,    0,    0,    0,    0, 
IO, 94, 2014060306, 03, XTRP, 120, 203N,  554E,  15,    0,   ,   0,    ,    0,    0,    0,    0, 
