SH, 92, 2014032100, 71, JNGP,   0, 118S, 1445E,  20,    0,   ,  34, NEQ,    0,    0,    0,    0, 
SH, 92, 2014032100, 71, JNGP,  12, 113S, 1425E,  20,    0,   ,  34, NEQ,    0,    0,    0,    0, 
SH, 92, 2014032100, 71, JNGP,  24,  92S, 1445E,  20,    0,   ,  34, NEQ,    0,    0,    0,    0, 
SH, 92, 2014032100, 71, JNGP,  36,  85S, 1482E,  20,    0,   ,  34, NEQ,    0,    0,    0,    0, 
SH, 92, 2014032100, 72, JAVN,   0, 111S, 1435E,  20,    0,   ,  34, NEQ,    0,    0,    0,    0, 
SH, 92, 2014032100, 72, JAVN,  12, 113S, 1424E,  20,    0,   ,  34, NEQ,    0,    0,    0,    0, 
SH, 92, 2014032100, 72, JAVN,  24, 113S, 1389E,  15,    0,   ,  34, NEQ,    0,    0,    0,    0, 
SH, 92, 2014032106, 71, JNGP,   0, 115S, 1442E,  20,    0,   ,  34, NEQ,    0,    0,    0,    0, 
SH, 92, 2014032106, 71, JNGP,  12,  93S, 1425E,  25,    0,   ,  34, NEQ,    0,    0,    0,    0, 
SH, 92, 2014032106, 72, JAVN,   0, 116S, 1426E,  20,    0,   ,  34, NEQ,    0,    0,    0,    0, 
SH, 92, 2014032106, 72, JAVN,  12, 101S, 1425E,  20,    0,   ,  34, NEQ,    0,    0,    0,    0, 
SH, 92, 2014032106, 72, JAVN,  24, 115S, 1393E,  20,    0,   ,  34, NEQ,    0,    0,    0,    0, 
SH, 92, 2014032106, 72, JAVN,  36, 105S, 1399E,  15,    0,   ,  34, NEQ,    0,    0,    0,    0, 
SH, 92, 2014032112, 03, WBS1,  12, 121S, 1427E,  21,    0,   ,   0,    ,    0,    0,    0,    0, 
SH, 92, 2014032112, 03, WBS1,  24, 122S, 1417E,  27,    0,   ,   0,    ,    0,    0,    0,    0, 
SH, 92, 2014032112, 03, WBS1,  36, 125S, 1416E,  35,    0,   ,   0,    ,    0,    0,    0,    0, 
SH, 92, 2014032112, 03, WBS1,  48, 129S, 1417E,  33,    0,   ,   0,    ,    0,    0,    0,    0, 
SH, 92, 2014032112, 03, WBS1,  60, 133S, 1423E,  30,    0,   ,   0,    ,    0,    0,    0,    0, 
SH, 92, 2014032112, 03, WBS1,  72, 137S, 1430E,  28,    0,   ,   0,    ,    0,    0,    0,    0, 
SH, 92, 2014032112, 03, WBS5,  12, 121S, 1427E,  21,    0,   ,   0,    ,    0,    0,    0,    0, 
SH, 92, 2014032112, 03, WBS5,  24, 122S, 1417E,  27,    0,   ,   0,    ,    0,    0,    0,    0, 
SH, 92, 2014032112, 03, WBS5,  36, 125S, 1416E,  32,    0,   ,   0,    ,    0,    0,    0,    0, 
SH, 92, 2014032112, 03, WBS5,  48, 129S, 1417E,  30,    0,   ,   0,    ,    0,    0,    0,    0, 
SH, 92, 2014032112, 03, WBS5,  60, 133S, 1423E,  28,    0,   ,   0,    ,    0,    0,    0,    0, 
SH, 92, 2014032112, 03, WBS5,  72, 137S, 1430E,  27,    0,   ,   0,    ,    0,    0,    0,    0, 
SH, 92, 2014032112, 71, JNGP,   0,  95S, 1447E,  20,    0,   ,  34, NEQ,    0,    0,    0,    0, 
SH, 92, 2014032112, 72, JAVN,   0, 111S, 1425E,  20,    0,   ,  34, NEQ,    0,    0,    0,    0, 
SH, 92, 2014032112, 72, JAVN,  12, 121S, 1404E,  15,    0,   ,  34, NEQ,    0,    0,    0,    0, 
SH, 92, 2014032112, 72, JAVN,  24, 117S, 1390E,  20,    0,   ,  34, NEQ,    0,    0,    0,    0, 
SH, 92, 2014042218, 72, JAVN,   0, 140S, 1390E,  15,    0,   ,  34, NEQ,    0,    0,    0,    0, 
SH, 92, 2014042218, 72, JAVN,  12, 152S, 1379E,  20,    0,   ,  34, NEQ,    0,    0,    0,    0, 
SH, 92, 2014042218, 72, JAVN,  24, 149S, 1377E,  15,    0,   ,  34, NEQ,    0,    0,    0,    0, 
SH, 92, 2014042218, 72, JAVN,  36, 151S, 1379E,  15,    0,   ,  34, NEQ,    0,    0,    0,    0, 
SH, 92, 2014042218, 72, JAVN,  48, 158S, 1379E,  10,    0,   ,  34, NEQ,    0,    0,    0,    0, 
SH, 92, 2014042218, 72, JAVN,  60, 161S, 1369E,  15,    0,   ,  34, NEQ,    0,    0,    0,    0, 
SH, 92, 2014042218, 72, JAVN,  72, 159S, 1351E,  15,    0,   ,  34, NEQ,    0,    0,    0,    0, 
SH, 92, 2014042300, 01, CARQ, -18, 146S, 1381E,  15,    0,   ,   0,    ,    0,    0,    0,    0, 
SH, 92, 2014042300, 01, CARQ, -12, 146S, 1382E,  15,    0,   ,   0,    ,    0,    0,    0,    0, 
SH, 92, 2014042300, 01, CARQ,  -6, 146S, 1383E,  15,    0,   ,   0,    ,    0,    0,    0,    0, 
SH, 92, 2014042300, 01, CARQ,   0, 146S, 1384E,  15,    0,   ,   0,    ,    0,    0,    0,    0, 
SH, 92, 2014042300, 03, CLAU,  12, 148S, 1385E,   0,    0,   ,   0,    ,    0,    0,    0,    0, 
SH, 92, 2014042300, 03, CLAU,  24, 150S, 1384E,   0,    0,   ,   0,    ,    0,    0,    0,    0, 
SH, 92, 2014042300, 03, CLAU,  36, 154S, 1381E,   0,    0,   ,   0,    ,    0,    0,    0,    0, 
SH, 92, 2014042300, 03, CLAU,  48, 158S, 1378E,   0,    0,   ,   0,    ,    0,    0,    0,    0, 
SH, 92, 2014042300, 03, CLAU,  72, 167S, 1370E,   0,    0,   ,   0,    ,    0,    0,    0,    0, 
SH, 92, 2014042300, 03, CLIM,  12, 145S, 1382E,   0,    0,   ,   0,    ,    0,    0,    0,    0, 
SH, 92, 2014042300, 03, CLIM,  24, 152S, 1379E,   0,    0,   ,   0,    ,    0,    0,    0,    0, 
SH, 92, 2014042300, 03, CLIM,  36, 150S, 1378E,   0,    0,   ,   0,    ,    0,    0,    0,    0, 
SH, 92, 2014042300, 03, CLIM,  48, 149S, 1384E,   0,    0,   ,   0,    ,    0,    0,    0,    0, 
SH, 92, 2014042300, 03, CLIM,  72, 150S, 1399E,   0,    0,   ,   0,    ,    0,    0,    0,    0, 
SH, 92, 2014042300, 03, CLIP,  12, 148S, 1380E,   0,    0,   ,   0,    ,    0,    0,    0,    0, 
SH, 92, 2014042300, 03, CLIP,  24, 150S, 1402E,   0,    0,   ,   0,    ,    0,    0,    0,    0, 
SH, 92, 2014042300, 03, CLIP,  36, 153S, 1409E,   0,    0,   ,   0,    ,    0,    0,    0,    0, 
SH, 92, 2014042300, 03, CLIP,  48, 158S, 1438E,   0,    0,   ,   0,    ,    0,    0,    0,    0, 
SH, 92, 2014042300, 03, CLIP,  72, 164S, 1514E,   0,    0,   ,   0,    ,    0,    0,    0,    0, 
SH, 92, 2014042300, 03, FIM9,   0, 150S, 1374E,  27, 1010, XX,  34, NEQ,    0,    0,    0,    0, 
SH, 92, 2014042300, 03, HPAC,  12, 146S, 1384E,   0,    0,   ,   0,    ,    0,    0,    0,    0, 
SH, 92, 2014042300, 03, HPAC,  24, 149S, 1384E,   0,    0,   ,   0,    ,    0,    0,    0,    0, 
SH, 92, 2014042300, 03, HPAC,  36, 148S, 1384E,   0,    0,   ,   0,    ,    0,    0,    0,    0, 
SH, 92, 2014042300, 03, HPAC,  48, 148S, 1388E,   0,    0,   ,   0,    ,    0,    0,    0,    0, 
SH, 92, 2014042300, 03, HPAC,  72, 148S, 1398E,   0,    0,   ,   0,    ,    0,    0,    0,    0, 
SH, 92, 2014042300, 03, ST5D,  12,   0N,    0E,  17,    0,   ,   0,    ,    0,    0,    0,    0, 
SH, 92, 2014042300, 03, ST5D,  24,   0N,    0E,  20,    0,   ,   0,    ,    0,    0,    0,    0, 
SH, 92, 2014042300, 03, ST5D,  36,   0N,    0E,  23,    0,   ,   0,    ,    0,    0,    0,    0, 
SH, 92, 2014042300, 03, ST5D,  48,   0N,    0E,  26,    0,   ,   0,    ,    0,    0,    0,    0, 
SH, 92, 2014042300, 03, ST5D,  60,   0N,    0E,  31,    0,   ,   0,    ,    0,    0,    0,    0, 
SH, 92, 2014042300, 03, ST5D,  72,   0N,    0E,  36,    0,   ,   0,    ,    0,    0,    0,    0, 
SH, 92, 2014042300, 03, ST5D,  84,   0N,    0E,  39,    0,   ,   0,    ,    0,    0,    0,    0, 
SH, 92, 2014042300, 03, ST5D,  96,   0N,    0E,  42,    0,   ,   0,    ,    0,    0,    0,    0, 
SH, 92, 2014042300, 03, ST5D, 108,   0N,    0E,  47,    0,   ,   0,    ,    0,    0,    0,    0, 
SH, 92, 2014042300, 03, ST5D, 120,   0N,    0E,  47,    0,   ,   0,    ,    0,    0,    0,    0, 
SH, 92, 2014042300, 03, STRT,  12, 143S, 1378E,   0,    0,   ,   0,    ,    0,    0,    0,    0, 
SH, 92, 2014042300, 03, STRT,  24, 139S, 1370E,   0,    0,   ,   0,    ,    0,    0,    0,    0, 
SH, 92, 2014042300, 03, STRT,  36, 136S, 1362E,   0,    0,   ,   0,    ,    0,    0,    0,    0, 
SH, 92, 2014042300, 03, STRT,  48, 132S, 1354E,   0,    0,   ,   0,    ,    0,    0,    0,    0, 
SH, 92, 2014042300, 03, STRT,  72, 124S, 1336E,   0,    0,   ,   0,    ,    0,    0,    0,    0, 
SH, 92, 2014042300, 03, WBAR,   0, 146S, 1385E,   0,    0,   ,   0,    ,    0,    0,    0,    0, 
SH, 92, 2014042300, 03, WBAR,   6, 139S, 1369E,   0,    0,   ,   0,    ,    0,    0,    0,    0, 
SH, 92, 2014042300, 03, WBAR,  12, 140S, 1372E,   0,    0,   ,   0,    ,    0,    0,    0,    0, 
SH, 92, 2014042300, 03, WBAR,  18, 141S, 1379E,   0,    0,   ,   0,    ,    0,    0,    0,    0, 
SH, 92, 2014042300, 03, WBAR,  24, 143S, 1388E,   0,    0,   ,   0,    ,    0,    0,    0,    0, 
SH, 92, 2014042300, 03, WBAR,  30, 146S, 1397E,   0,    0,   ,   0,    ,    0,    0,    0,    0, 
SH, 92, 2014042300, 03, WBAR,  36, 150S, 1406E,   0,    0,   ,   0,    ,    0,    0,    0,    0, 
SH, 92, 2014042300, 03, WBAR,  42, 154S, 1414E,   0,    0,   ,   0,    ,    0,    0,    0,    0, 
SH, 92, 2014042300, 03, WBAR,  48, 158S, 1422E,   0,    0,   ,   0,    ,    0,    0,    0,    0, 
SH, 92, 2014042300, 03, WBAR,  54, 163S, 1429E,   0,    0,   ,   0,    ,    0,    0,    0,    0, 
SH, 92, 2014042300, 03, WBAR,  60, 167S, 1434E,   0,    0,   ,   0,    ,    0,    0,    0,    0, 
SH, 92, 2014042300, 03, WBAR,  66, 170S, 1439E,   0,    0,   ,   0,    ,    0,    0,    0,    0, 
SH, 92, 2014042300, 03, WBAR,  72, 172S, 1441E,   0,    0,   ,   0,    ,    0,    0,    0,    0, 
SH, 92, 2014042300, 03, XTRP,  12, 144S, 1386E,  15,    0,   ,   0,    ,    0,    0,    0,    0, 
SH, 92, 2014042300, 03, XTRP,  24, 144S, 1388E,  15,    0,   ,   0,    ,    0,    0,    0,    0, 
SH, 92, 2014042300, 03, XTRP,  36, 144S, 1390E,  15,    0,   ,   0,    ,    0,    0,    0,    0, 
SH, 92, 2014042300, 03, XTRP,  48, 144S, 1392E,  15,    0,   ,   0,    ,    0,    0,    0,    0, 
SH, 92, 2014042300, 03, XTRP,  60, 144S, 1394E,  15,    0,   ,   0,    ,    0,    0,    0,    0, 
SH, 92, 2014042300, 03, XTRP,  72, 144S, 1396E,  15,    0,   ,   0,    ,    0,    0,    0,    0, 
SH, 92, 2014042300, 03, XTRP,  84, 144S, 1398E,  15,    0,   ,   0,    ,    0,    0,    0,    0, 
SH, 92, 2014042300, 03, XTRP,  96, 144S, 1400E,  15,    0,   ,   0,    ,    0,    0,    0,    0, 
SH, 92, 2014042300, 03, XTRP, 108, 144S, 1402E,  15,    0,   ,   0,    ,    0,    0,    0,    0, 
SH, 92, 2014042300, 03, XTRP, 120, 144S, 1404E,  15,    0,   ,   0,    ,    0,    0,    0,    0, 
SH, 92, 2014042306, 01, CARQ, -18, 146S, 1382E,  15,    0,   ,   0,    ,    0,    0,    0,    0, 
SH, 92, 2014042306, 01, CARQ, -12, 146S, 1383E,  15,    0,   ,   0,    ,    0,    0,    0,    0, 
SH, 92, 2014042306, 01, CARQ,  -6, 146S, 1384E,  15,    0,   ,   0,    ,    0,    0,    0,    0, 
SH, 92, 2014042306, 01, CARQ,   0, 146S, 1385E,  15,    0,   ,   0,    ,    0,    0,    0,    0, 
SH, 92, 2014042306, 03, CLAU,  12, 148S, 1386E,   0,    0,   ,   0,    ,    0,    0,    0,    0, 
SH, 92, 2014042306, 03, CLAU,  24, 150S, 1385E,   0,    0,   ,   0,    ,    0,    0,    0,    0, 
SH, 92, 2014042306, 03, CLAU,  36, 154S, 1382E,   0,    0,   ,   0,    ,    0,    0,    0,    0, 
SH, 92, 2014042306, 03, CLAU,  48, 158S, 1379E,   0,    0,   ,   0,    ,    0,    0,    0,    0, 
SH, 92, 2014042306, 03, CLAU,  72, 167S, 1371E,   0,    0,   ,   0,    ,    0,    0,    0,    0, 
SH, 92, 2014042306, 03, CLIM,  12, 145S, 1383E,   0,    0,   ,   0,    ,    0,    0,    0,    0, 
SH, 92, 2014042306, 03, CLIM,  24, 152S, 1380E,   0,    0,   ,   0,    ,    0,    0,    0,    0, 
SH, 92, 2014042306, 03, CLIM,  36, 150S, 1379E,   0,    0,   ,   0,    ,    0,    0,    0,    0, 
SH, 92, 2014042306, 03, CLIM,  48, 149S, 1385E,   0,    0,   ,   0,    ,    0,    0,    0,    0, 
SH, 92, 2014042306, 03, CLIM,  72, 150S, 1400E,   0,    0,   ,   0,    ,    0,    0,    0,    0, 
SH, 92, 2014042306, 03, CLIP,  12, 148S, 1382E,   0,    0,   ,   0,    ,    0,    0,    0,    0, 
SH, 92, 2014042306, 03, CLIP,  24, 150S, 1404E,   0,    0,   ,   0,    ,    0,    0,    0,    0, 
SH, 92, 2014042306, 03, CLIP,  36, 153S, 1411E,   0,    0,   ,   0,    ,    0,    0,    0,    0, 
SH, 92, 2014042306, 03, CLIP,  48, 158S, 1439E,   0,    0,   ,   0,    ,    0,    0,    0,    0, 
SH, 92, 2014042306, 03, CLIP,  72, 164S, 1516E,   0,    0,   ,   0,    ,    0,    0,    0,    0, 
SH, 92, 2014042306, 03, HPAC,  12, 146S, 1385E,   0,    0,   ,   0,    ,    0,    0,    0,    0, 
SH, 92, 2014042306, 03, HPAC,  24, 149S, 1385E,   0,    0,   ,   0,    ,    0,    0,    0,    0, 
SH, 92, 2014042306, 03, HPAC,  36, 148S, 1385E,   0,    0,   ,   0,    ,    0,    0,    0,    0, 
SH, 92, 2014042306, 03, HPAC,  48, 148S, 1389E,   0,    0,   ,   0,    ,    0,    0,    0,    0, 
SH, 92, 2014042306, 03, HPAC,  72, 148S, 1399E,   0,    0,   ,   0,    ,    0,    0,    0,    0, 
SH, 92, 2014042306, 03, ST5D,  12,   0N,    0E,  17,    0,   ,   0,    ,    0,    0,    0,    0, 
SH, 92, 2014042306, 03, ST5D,  24,   0N,    0E,  20,    0,   ,   0,    ,    0,    0,    0,    0, 
SH, 92, 2014042306, 03, ST5D,  36,   0N,    0E,  23,    0,   ,   0,    ,    0,    0,    0,    0, 
SH, 92, 2014042306, 03, ST5D,  48,   0N,    0E,  26,    0,   ,   0,    ,    0,    0,    0,    0, 
SH, 92, 2014042306, 03, ST5D,  60,   0N,    0E,  31,    0,   ,   0,    ,    0,    0,    0,    0, 
SH, 92, 2014042306, 03, ST5D,  72,   0N,    0E,  36,    0,   ,   0,    ,    0,    0,    0,    0, 
SH, 92, 2014042306, 03, ST5D,  84,   0N,    0E,  39,    0,   ,   0,    ,    0,    0,    0,    0, 
SH, 92, 2014042306, 03, ST5D,  96,   0N,    0E,  42,    0,   ,   0,    ,    0,    0,    0,    0, 
SH, 92, 2014042306, 03, ST5D, 108,   0N,    0E,  47,    0,   ,   0,    ,    0,    0,    0,    0, 
SH, 92, 2014042306, 03, ST5D, 120,   0N,    0E,  47,    0,   ,   0,    ,    0,    0,    0,    0, 
SH, 92, 2014042306, 03, STRT,  12, 143S, 1379E,   0,    0,   ,   0,    ,    0,    0,    0,    0, 
SH, 92, 2014042306, 03, STRT,  24, 139S, 1371E,   0,    0,   ,   0,    ,    0,    0,    0,    0, 
SH, 92, 2014042306, 03, STRT,  36, 136S, 1363E,   0,    0,   ,   0,    ,    0,    0,    0,    0, 
SH, 92, 2014042306, 03, STRT,  48, 132S, 1355E,   0,    0,   ,   0,    ,    0,    0,    0,    0, 
SH, 92, 2014042306, 03, STRT,  72, 124S, 1337E,   0,    0,   ,   0,    ,    0,    0,    0,    0, 
SH, 92, 2014042306, 03, TMMN,   0, 143S, 1379E,  22,    0,   ,   0,    ,    0,    0,    0,    0, 
SH, 92, 2014042306, 03, TMMN,   6, 146S, 1375E,  22,    0,   ,   0,    ,    0,    0,    0,    0, 
SH, 92, 2014042306, 03, TMMN,  12, 147S, 1374E,  25,    0,   ,   0,    ,    0,    0,    0,    0, 
SH, 92, 2014042306, 03, TMMN,  18, 149S, 1377E,  31,    0,   ,   0,    ,    0,    0,    0,    0, 
SH, 92, 2014042306, 03, TMMN,  24, 147S, 1373E,  31,    0,   ,   0,    ,    0,    0,    0,    0, 
SH, 92, 2014042306, 03, TMMN,  30, 142S, 1369E,  29,    0,   ,   0,    ,    0,    0,    0,    0, 
SH, 92, 2014042306, 03, TMMN,  36, 138S, 1365E,  28,    0,   ,   0,    ,    0,    0,    0,    0, 
SH, 92, 2014042306, 03, TMMN,  42, 136S, 1362E,  29,    0,   ,   0,    ,    0,    0,    0,    0, 
SH, 92, 2014042306, 03, TMMN,  48, 134S, 1361E,  31,    0,   ,   0,    ,    0,    0,    0,    0, 
SH, 92, 2014042306, 03, TMMN,  54, 132S, 1359E,  31,    0,   ,   0,    ,    0,    0,    0,    0, 
SH, 92, 2014042306, 03, TMMN,  60, 129S, 1356E,  32,    0,   ,   0,    ,    0,    0,    0,    0, 
SH, 92, 2014042306, 03, TMMN,  66, 125S, 1353E,  34,    0,   ,   0,    ,    0,    0,    0,    0, 
SH, 92, 2014042306, 03, TMMN,  72, 123S, 1349E,  33,    0,   ,   0,    ,    0,    0,    0,    0, 
SH, 92, 2014042306, 03, TMMN,  78, 117S, 1345E,  29,    0,   ,   0,    ,    0,    0,    0,    0, 
SH, 92, 2014042306, 03, TMMN,  84, 114S, 1340E,  31,    0,   ,   0,    ,    0,    0,    0,    0, 
SH, 92, 2014042306, 03, TMMN,  90, 114S, 1332E,  36,    0,   ,   0,    ,    0,    0,    0,    0, 
SH, 92, 2014042306, 03, TMMN,  96, 112S, 1327E,  36,    0,   ,   0,    ,    0,    0,    0,    0, 
SH, 92, 2014042306, 03, TMMN, 102, 112S, 1323E,  34,    0,   ,   0,    ,    0,    0,    0,    0, 
SH, 92, 2014042306, 03, TMMN, 108, 108S, 1315E,  35,    0,   ,   0,    ,    0,    0,    0,    0, 
SH, 92, 2014042306, 03, TMMN, 114, 107S, 1309E,  35,    0,   ,   0,    ,    0,    0,    0,    0, 
SH, 92, 2014042306, 03, TMMN, 120, 105S, 1303E,  39,    0,   ,   0,    ,    0,    0,    0,    0, 
SH, 92, 2014042306, 03, TMMN, 126, 103S, 1297E,  39,    0,   ,   0,    ,    0,    0,    0,    0, 
SH, 92, 2014042306, 03, TMMN, 132, 101S, 1291E,  40,    0,   ,   0,    ,    0,    0,    0,    0, 
SH, 92, 2014042306, 03, TMMN, 138, 102S, 1283E,  44,    0,   ,   0,    ,    0,    0,    0,    0, 
SH, 92, 2014042306, 03, TMMN, 144, 101S, 1276E,  46,    0,   ,   0,    ,    0,    0,    0,    0, 
SH, 92, 2014042306, 03, WBAI,   0, 145S, 1385E,   0,    0,   ,  34, NEQ,    0,    0,    0,    0, 
SH, 92, 2014042306, 03, WBAI,  12, 144S, 1388E,   0,    0,   ,  34, NEQ,    0,    0,    0,    0, 
SH, 92, 2014042306, 03, WBAI,  24, 149S, 1404E,   0,    0,   ,  34, NEQ,    0,    0,    0,    0, 
SH, 92, 2014042306, 03, WBAI,  36, 157S, 1421E,   0,    0,   ,  34, NEQ,    0,    0,    0,    0, 
SH, 92, 2014042306, 03, WBAI,  48, 165S, 1435E,   0,    0,   ,  34, NEQ,    0,    0,    0,    0, 
SH, 92, 2014042306, 03, WBAI,  60, 172S, 1445E,   0,    0,   ,  34, NEQ,    0,    0,    0,    0, 
SH, 92, 2014042306, 03, WBAI,  72, 179S, 1455E,   0,    0,   ,  34, NEQ,    0,    0,    0,    0, 
SH, 92, 2014042306, 03, WBAR,   0, 146S, 1385E,   0,    0,   ,   0,    ,    0,    0,    0,    0, 
SH, 92, 2014042306, 03, WBAR,   6, 139S, 1370E,   0,    0,   ,   0,    ,    0,    0,    0,    0, 
SH, 92, 2014042306, 03, WBAR,  12, 139S, 1376E,   0,    0,   ,   0,    ,    0,    0,    0,    0, 
SH, 92, 2014042306, 03, WBAR,  18, 139S, 1383E,   0,    0,   ,   0,    ,    0,    0,    0,    0, 
SH, 92, 2014042306, 03, WBAR,  24, 140S, 1392E,   0,    0,   ,   0,    ,    0,    0,    0,    0, 
SH, 92, 2014042306, 03, WBAR,  30, 143S, 1401E,   0,    0,   ,   0,    ,    0,    0,    0,    0, 
SH, 92, 2014042306, 03, WBAR,  36, 146S, 1410E,   0,    0,   ,   0,    ,    0,    0,    0,    0, 
SH, 92, 2014042306, 03, WBAR,  42, 150S, 1419E,   0,    0,   ,   0,    ,    0,    0,    0,    0, 
SH, 92, 2014042306, 03, WBAR,  48, 153S, 1427E,   0,    0,   ,   0,    ,    0,    0,    0,    0, 
SH, 92, 2014042306, 03, WBAR,  54, 156S, 1434E,   0,    0,   ,   0,    ,    0,    0,    0,    0, 
SH, 92, 2014042306, 03, WBAR,  60, 159S, 1439E,   0,    0,   ,   0,    ,    0,    0,    0,    0, 
SH, 92, 2014042306, 03, WBAR,  66, 162S, 1442E,   0,    0,   ,   0,    ,    0,    0,    0,    0, 
SH, 92, 2014042306, 03, WBAR,  72, 164S, 1443E,   0,    0,   ,   0,    ,    0,    0,    0,    0, 
SH, 92, 2014042306, 03, WBS1,  12, 144S, 1388E,  17,    0,   ,   0,    ,    0,    0,    0,    0, 
SH, 92, 2014042306, 03, WBS1,  24, 149S, 1404E,  22,    0,   ,   0,    ,    0,    0,    0,    0, 
SH, 92, 2014042306, 03, WBS1,  36, 157S, 1421E,  23,    0,   ,   0,    ,    0,    0,    0,    0, 
SH, 92, 2014042306, 03, WBS1,  48, 165S, 1435E,  25,    0,   ,   0,    ,    0,    0,    0,    0, 
SH, 92, 2014042306, 03, WBS1,  60, 172S, 1445E,  26,    0,   ,   0,    ,    0,    0,    0,    0, 
SH, 92, 2014042306, 03, WBS1,  72, 179S, 1455E,  27,    0,   ,   0,    ,    0,    0,    0,    0, 
SH, 92, 2014042306, 03, WBS5,  12, 144S, 1388E,  18,    0,   ,   0,    ,    0,    0,    0,    0, 
SH, 92, 2014042306, 03, WBS5,  24, 149S, 1404E,  22,    0,   ,   0,    ,    0,    0,    0,    0, 
SH, 92, 2014042306, 03, WBS5,  36, 157S, 1421E,  22,    0,   ,   0,    ,    0,    0,    0,    0, 
SH, 92, 2014042306, 03, WBS5,  48, 165S, 1435E,  25,    0,   ,   0,    ,    0,    0,    0,    0, 
SH, 92, 2014042306, 03, XTRP,  12, 144S, 1387E,  15,    0,   ,   0,    ,    0,    0,    0,    0, 
SH, 92, 2014042306, 03, XTRP,  24, 144S, 1389E,  15,    0,   ,   0,    ,    0,    0,    0,    0, 
SH, 92, 2014042306, 03, XTRP,  36, 144S, 1391E,  15,    0,   ,   0,    ,    0,    0,    0,    0, 
SH, 92, 2014042306, 03, XTRP,  48, 144S, 1393E,  15,    0,   ,   0,    ,    0,    0,    0,    0, 
SH, 92, 2014042306, 03, XTRP,  60, 144S, 1395E,  15,    0,   ,   0,    ,    0,    0,    0,    0, 
SH, 92, 2014042306, 03, XTRP,  72, 144S, 1397E,  15,    0,   ,   0,    ,    0,    0,    0,    0, 
SH, 92, 2014042306, 03, XTRP,  84, 144S, 1399E,  15,    0,   ,   0,    ,    0,    0,    0,    0, 
SH, 92, 2014042306, 03, XTRP,  96, 144S, 1401E,  15,    0,   ,   0,    ,    0,    0,    0,    0, 
SH, 92, 2014042306, 03, XTRP, 108, 144S, 1403E,  15,    0,   ,   0,    ,    0,    0,    0,    0, 
SH, 92, 2014042306, 03, XTRP, 120, 144S, 1405E,  15,    0,   ,   0,    ,    0,    0,    0,    0, 
SH, 92, 2014042306, 72, JAVN,   0, 155S, 1383E,  15,    0,   ,  34, NEQ,    0,    0,    0,    0, 
SH, 92, 2014042306, 72, JAVN,  12, 147S, 1373E,  10,    0,   ,  34, NEQ,    0,    0,    0,    0, 
SH, 92, 2014042306, 72, JAVN,  24, 147S, 1373E,  15,    0,   ,  34, NEQ,    0,    0,    0,    0, 
SH, 92, 2014042306, 72, JAVN,  36, 145S, 1360E,   5,    0,   ,  34, NEQ,    0,    0,    0,    0, 
SH, 92, 2014042306, 72, JAVN,  48, 105S, 1341E,  10,    0,   ,  34, NEQ,    0,    0,    0,    0, 
SH, 92, 2014042306, 72, JAVN,  60, 105S, 1348E,   5,    0,   ,  34, NEQ,    0,    0,    0,    0, 
SH, 92, 2014042306, 72, JAVN,  72, 105S, 1343E,  10,    0,   ,  34, NEQ,    0,    0,    0,    0, 
SH, 92, 2014042306, 72, JAVN,  84, 104S, 1335E,   5,    0,   ,  34, NEQ,    0,    0,    0,    0, 
SH, 92, 2014042306, 72, JAVN,  96, 101S, 1325E,  10,    0,   ,  34, NEQ,    0,    0,    0,    0, 
SH, 92, 2014042306, 72, JAVN, 108,  95S, 1313E,  10,    0,   ,  34, NEQ,    0,    0,    0,    0, 
SH, 92, 2014042306, 72, JAVN, 120,  94S, 1296E,  15,    0,   ,  34, NEQ,    0,    0,    0,    0, 
SH, 92, 2014042312, 01, CARQ, -18, 146S, 1383E,  15,    0,   ,   0,    ,    0,    0,    0,    0, 
SH, 92, 2014042312, 01, CARQ, -12, 146S, 1384E,  15,    0,   ,   0,    ,    0,    0,    0,    0, 
SH, 92, 2014042312, 01, CARQ,  -6, 146S, 1385E,  15,    0,   ,   0,    ,    0,    0,    0,    0, 
SH, 92, 2014042312, 01, CARQ,   0, 146S, 1386E,  15,    0,   ,   0,    ,    0,    0,    0,    0, 
SH, 92, 2014042312, 03, C12N,   0, 146S, 1386E,   0,    0,   ,   0,    ,    0,    0,    0,    0, 
SH, 92, 2014042312, 03, C12N,  12, 143S, 1386E,   0,    0,   ,   0,    ,    0,    0,    0,    0, 
SH, 92, 2014042312, 03, C12N,  24, 143S, 1390E,   0,    0,   ,   0,    ,    0,    0,    0,    0, 
SH, 92, 2014042312, 03, C12N,  36, 137S, 1392E,   0,    0,   ,   0,    ,    0,    0,    0,    0, 
SH, 92, 2014042312, 03, C12N,  48, 131S, 1396E,   0,    0,   ,   0,    ,    0,    0,    0,    0, 
SH, 92, 2014042312, 03, C12N,  60, 133S, 1400E,   0,    0,   ,   0,    ,    0,    0,    0,    0, 
SH, 92, 2014042312, 03, C12N,  72, 135S, 1401E,   0,    0,   ,   0,    ,    0,    0,    0,    0, 
SH, 92, 2014042312, 03, CLAU,  12, 148S, 1387E,   0,    0,   ,   0,    ,    0,    0,    0,    0, 
SH, 92, 2014042312, 03, CLAU,  24, 150S, 1386E,   0,    0,   ,   0,    ,    0,    0,    0,    0, 
SH, 92, 2014042312, 03, CLAU,  36, 154S, 1383E,   0,    0,   ,   0,    ,    0,    0,    0,    0, 
SH, 92, 2014042312, 03, CLAU,  48, 157S, 1380E,   0,    0,   ,   0,    ,    0,    0,    0,    0, 
SH, 92, 2014042312, 03, CLAU,  72, 167S, 1372E,   0,    0,   ,   0,    ,    0,    0,    0,    0, 
SH, 92, 2014042312, 03, CLIM,  12, 147S, 1384E,   0,    0,   ,   0,    ,    0,    0,    0,    0, 
SH, 92, 2014042312, 03, CLIM,  24, 152S, 1382E,   0,    0,   ,   0,    ,    0,    0,    0,    0, 
SH, 92, 2014042312, 03, CLIM,  36, 148S, 1380E,   0,    0,   ,   0,    ,    0,    0,    0,    0, 
SH, 92, 2014042312, 03, CLIM,  48, 150S, 1387E,   0,    0,   ,   0,    ,    0,    0,    0,    0, 
SH, 92, 2014042312, 03, CLIM,  72, 149S, 1401E,   0,    0,   ,   0,    ,    0,    0,    0,    0, 
SH, 92, 2014042312, 03, CLIP,  12, 148S, 1383E,   0,    0,   ,   0,    ,    0,    0,    0,    0, 
SH, 92, 2014042312, 03, CLIP,  24, 150S, 1405E,   0,    0,   ,   0,    ,    0,    0,    0,    0, 
SH, 92, 2014042312, 03, CLIP,  36, 153S, 1412E,   0,    0,   ,   0,    ,    0,    0,    0,    0, 
SH, 92, 2014042312, 03, CLIP,  48, 158S, 1441E,   0,    0,   ,   0,    ,    0,    0,    0,    0, 
SH, 92, 2014042312, 03, CLIP,  72, 165S, 1517E,   0,    0,   ,   0,    ,    0,    0,    0,    0, 
SH, 92, 2014042312, 03, COXX,   0, 146S, 1386E,   0,    0,   ,   0,    ,    0,    0,    0,    0, 
SH, 92, 2014042312, 03, COXX,  12, 143S, 1386E,   0,    0,   ,   0,    ,    0,    0,    0,    0, 
SH, 92, 2014042312, 03, COXX,  24, 143S, 1390E,   0,    0,   ,   0,    ,    0,    0,    0,    0, 
SH, 92, 2014042312, 03, COXX,  36, 137S, 1392E,   0,    0,   ,   0,    ,    0,    0,    0,    0, 
SH, 92, 2014042312, 03, COXX,  48, 131S, 1396E,   0,    0,   ,   0,    ,    0,    0,    0,    0, 
SH, 92, 2014042312, 03, COXX,  60, 133S, 1400E,   0,    0,   ,   0,    ,    0,    0,    0,    0, 
SH, 92, 2014042312, 03, COXX,  72, 135S, 1401E,   0,    0,   ,   0,    ,    0,    0,    0,    0, 
SH, 92, 2014042312, 03, FIM9,   0, 155S, 1380E,  26, 1009, XX,  34, NEQ,    0,    0,    0,    0, 
SH, 92, 2014042312, 03, FIM9,   6, 152S, 1375E,  18, 1007, XX,  34, NEQ,    0,    0,    0,    0, 
SH, 92, 2014042312, 03, FIM9,  12, 147S, 1368E,  20, 1009, XX,  34, NEQ,    0,    0,    0,    0, 
SH, 92, 2014042312, 03, FIM9,  18, 146S, 1366E,  21, 1006, XX,  34, NEQ,    0,    0,    0,    0, 
SH, 92, 2014042312, 03, FIM9,  24, 143S, 1359E,  18, 1008, XX,  34, NEQ,    0,    0,    0,    0, 
SH, 92, 2014042312, 03, FIM9,  30, 128S, 1351E,  27, 1003, XX,  34, NEQ,    0,    0,    0,    0, 
SH, 92, 2014042312, 03, FIM9,  36, 109S, 1347E,  32, 1005, XX,  34, NEQ,    0,    0,    0,    0, 
SH, 92, 2014042312, 03, FIM9,  42, 112S, 1350E,  32, 1002, XX,  34, NEQ,    0,    0,    0,    0, 
SH, 92, 2014042312, 03, FIM9,  48, 113S, 1354E,  28, 1005, XX,  34, NEQ,    0,    0,    0,    0, 
SH, 92, 2014042312, 03, FIM9,  54, 113S, 1356E,  30, 1004, XX,  34, NEQ,    0,    0,    0,    0, 
SH, 92, 2014042312, 03, FIM9,  60, 112S, 1354E,  33, 1006, XX,  34, NEQ,    0,    0,    0,    0, 
SH, 92, 2014042312, 03, FIM9,  66, 113S, 1351E,  35, 1002, XX,  34, NEQ,   34,    0,    0,    0, 
SH, 92, 2014042312, 03, FIM9,  72, 114S, 1346E,  33, 1005, XX,  34, NEQ,    0,    0,    0,    0, 
SH, 92, 2014042312, 03, FIM9,  78, 116S, 1338E,  39, 1003, XX,  34, NEQ,   41,   47,    0,    0, 
SH, 92, 2014042312, 03, FIM9,  84, 117S, 1329E,  26, 1006, XX,  34, NEQ,    0,    0,    0,    0, 
SH, 92, 2014042312, 03, FIM9,  90, 117S, 1316E,  30, 1003, XX,  34, NEQ,    0,    0,    0,    0, 
SH, 92, 2014042312, 03, FIM9,  96, 115S, 1305E,  35, 1005, XX,  34, NEQ,    0,   33,    0,    0, 
SH, 92, 2014042312, 03, FIM9, 102, 112S, 1292E,  37, 1002, XX,  34, NEQ,    0,   50,   56,    0, 
SH, 92, 2014042312, 03, FIM9, 108, 108S, 1282E,  40, 1004, XX,  34, NEQ,   30,   72,   70,    0, 
SH, 92, 2014042312, 03, FIM9, 114, 108S, 1274E,  40, 1000, XX,  34, NEQ,   51,   60,    0,   55, 
SH, 92, 2014042312, 03, FIM9, 120, 108S, 1268E,  47, 1001, XX,  34, NEQ,   51,   71,   46,   35, 
SH, 92, 2014042312, 03, FIM9, 126, 108S, 1261E,  53,  999, XX,  34, NEQ,   51,   74,   71,   61, 
SH, 92, 2014042312, 03, FIM9, 126, 108S, 1261E,  53,  999, XX,  50, NEQ,   32,   34,    0,    0, 
SH, 92, 2014042312, 03, FIM9, 132, 108S, 1254E,  64, 1000, XX,  34, NEQ,   49,   81,   75,   49, 
SH, 92, 2014042312, 03, FIM9, 132, 108S, 1254E,  64, 1000, XX,  50, NEQ,   30,   42,   42,    0, 
SH, 92, 2014042312, 03, FIM9, 138, 109S, 1248E,  62,  997, XX,  34, NEQ,   46,   83,   73,   47, 
SH, 92, 2014042312, 03, FIM9, 138, 109S, 1248E,  62,  997, XX,  50, NEQ,   27,   40,   44,    0, 
SH, 92, 2014042312, 03, FIM9, 144, 108S, 1244E,  61,  999, XX,  34, NEQ,   44,   97,   76,   37, 
SH, 92, 2014042312, 03, FIM9, 144, 108S, 1244E,  61,  999, XX,  50, NEQ,   28,   50,   46,    0, 
SH, 92, 2014042312, 03, FIM9, 150, 110S, 1238E,  62,  998, XX,  34, NEQ,   46,   93,   79,   54, 
SH, 92, 2014042312, 03, FIM9, 150, 110S, 1238E,  62,  998, XX,  50, NEQ,    0,   39,   40,    0, 
SH, 92, 2014042312, 03, FIM9, 156, 113S, 1233E,  61,  999, XX,  34, NEQ,   57,  103,   75,   60, 
SH, 92, 2014042312, 03, FIM9, 156, 113S, 1233E,  61,  999, XX,  50, NEQ,   39,   51,   46,    0, 
SH, 92, 2014042312, 03, FIM9, 162, 116S, 1226E,  64,  997, XX,  34, NEQ,   82,   98,   90,   70, 
SH, 92, 2014042312, 03, FIM9, 162, 116S, 1226E,  64,  997, XX,  50, NEQ,   42,   53,   48,   38, 
SH, 92, 2014042312, 03, FIM9, 162, 116S, 1226E,  64,  997, XX,  64, NEQ,    0,   31,    0,    0, 
SH, 92, 2014042312, 03, FIM9, 168, 121S, 1218E,  71,  998, XX,  34, NEQ,   72,   97,  100,   63, 
SH, 92, 2014042312, 03, FIM9, 168, 121S, 1218E,  71,  998, XX,  50, NEQ,   49,   57,   51,    0, 
SH, 92, 2014042312, 03, FIM9, 168, 121S, 1218E,  71,  998, XX,  64, NEQ,    0,   37,   37,    0, 
SH, 92, 2014042312, 03, FIM9, 174, 124S, 1210E,  72,  997, XX,  34, NEQ,   93,  105,  105,   61, 
SH, 92, 2014042312, 03, FIM9, 174, 124S, 1210E,  72,  997, XX,  50, NEQ,   45,   60,   52,    0, 
SH, 92, 2014042312, 03, FIM9, 174, 124S, 1210E,  72,  997, XX,  64, NEQ,    0,   45,    0,    0, 
SH, 92, 2014042312, 03, FIM9, 180, 128S, 1201E,  78,  998, XX,  34, NEQ,   95,  118,  112,   69, 
SH, 92, 2014042312, 03, FIM9, 180, 128S, 1201E,  78,  998, XX,  50, NEQ,   56,   69,   59,   48, 
SH, 92, 2014042312, 03, FIM9, 180, 128S, 1201E,  78,  998, XX,  64, NEQ,   33,   47,   51,    0, 
SH, 92, 2014042312, 03, FIM9, 186, 132S, 1192E,  76,  995, XX,  34, NEQ,   91,  124,  109,   75, 
SH, 92, 2014042312, 03, FIM9, 186, 132S, 1192E,  76,  995, XX,  50, NEQ,   57,   70,   63,   51, 
SH, 92, 2014042312, 03, FIM9, 186, 132S, 1192E,  76,  995, XX,  64, NEQ,   36,   57,   54,    0, 
SH, 92, 2014042312, 03, FIM9, 192, 136S, 1184E,  73,  996, XX,  34, NEQ,   94,  132,  118,   79, 
SH, 92, 2014042312, 03, FIM9, 192, 136S, 1184E,  73,  996, XX,  50, NEQ,   61,   68,   68,   46, 
SH, 92, 2014042312, 03, FIM9, 192, 136S, 1184E,  73,  996, XX,  64, NEQ,   43,   54,   43,   27, 
SH, 92, 2014042312, 03, FIM9, 198, 139S, 1176E,  80,  995, XX,  34, NEQ,   98,  133,  107,   72, 
SH, 92, 2014042312, 03, FIM9, 198, 139S, 1176E,  80,  995, XX,  50, NEQ,   58,   74,   65,   40, 
SH, 92, 2014042312, 03, FIM9, 198, 139S, 1176E,  80,  995, XX,  64, NEQ,    0,   49,   37,    0, 
SH, 92, 2014042312, 03, FIM9, 204, 143S, 1170E,  80,  996, XX,  34, NEQ,  116,  135,  113,   77, 
SH, 92, 2014042312, 03, FIM9, 204, 143S, 1170E,  80,  996, XX,  50, NEQ,   65,   77,   59,   51, 
SH, 92, 2014042312, 03, FIM9, 204, 143S, 1170E,  80,  996, XX,  64, NEQ,   44,   55,   52,    0, 
SH, 92, 2014042312, 03, FIM9, 210, 145S, 1164E,  92,  992, XX,  34, NEQ,  122,  124,  123,   84, 
SH, 92, 2014042312, 03, FIM9, 210, 145S, 1164E,  92,  992, XX,  50, NEQ,   66,   75,   74,   54, 
SH, 92, 2014042312, 03, FIM9, 210, 145S, 1164E,  92,  992, XX,  64, NEQ,   48,   57,   51,   26, 
SH, 92, 2014042312, 03, FIM9, 216, 146S, 1159E,  87,  994, XX,  34, NEQ,  100,  147,  127,   84, 
SH, 92, 2014042312, 03, FIM9, 216, 146S, 1159E,  87,  994, XX,  50, NEQ,   65,   77,   67,   55, 
SH, 92, 2014042312, 03, FIM9, 216, 146S, 1159E,  87,  994, XX,  64, NEQ,   38,   56,   54,    0, 
SH, 92, 2014042312, 03, FIM9, 222, 146S, 1155E,  80,  993, XX,  34, NEQ,  121,  130,  126,   85, 
SH, 92, 2014042312, 03, FIM9, 222, 146S, 1155E,  80,  993, XX,  50, NEQ,   63,   77,   70,   49, 
SH, 92, 2014042312, 03, FIM9, 222, 146S, 1155E,  80,  993, XX,  64, NEQ,   36,   58,   53,   32, 
SH, 92, 2014042312, 03, FIM9, 228, 146S, 1151E,  72,  994, XX,  34, NEQ,  119,  153,  142,   81, 
SH, 92, 2014042312, 03, FIM9, 228, 146S, 1151E,  72,  994, XX,  50, NEQ,   63,   79,   84,   49, 
SH, 92, 2014042312, 03, FIM9, 228, 146S, 1151E,  72,  994, XX,  64, NEQ,   35,   56,   54,    0, 
SH, 92, 2014042312, 03, FIM9, 234, 147S, 1146E,  67,  992, XX,  34, NEQ,  116,  161,  143,   76, 
SH, 92, 2014042312, 03, FIM9, 234, 147S, 1146E,  67,  992, XX,  50, NEQ,   60,   84,   82,   45, 
SH, 92, 2014042312, 03, FIM9, 234, 147S, 1146E,  67,  992, XX,  64, NEQ,    0,    0,   55,    0, 
SH, 92, 2014042312, 03, FIM9, 240, 147S, 1144E,  71,  994, XX,  34, NEQ,  105,  152,  139,   77, 
SH, 92, 2014042312, 03, FIM9, 240, 147S, 1144E,  71,  994, XX,  50, NEQ,   60,   86,   81,    0, 
SH, 92, 2014042312, 03, FIM9, 240, 147S, 1144E,  71,  994, XX,  64, NEQ,    0,   56,    0,    0, 
SH, 92, 2014042312, 03, HPAC,  12, 146S, 1386E,   0,    0,   ,   0,    ,    0,    0,    0,    0, 
SH, 92, 2014042312, 03, HPAC,  24, 149S, 1386E,   0,    0,   ,   0,    ,    0,    0,    0,    0, 
SH, 92, 2014042312, 03, HPAC,  36, 147S, 1386E,   0,    0,   ,   0,    ,    0,    0,    0,    0, 
SH, 92, 2014042312, 03, HPAC,  48, 148S, 1390E,   0,    0,   ,   0,    ,    0,    0,    0,    0, 
SH, 92, 2014042312, 03, HPAC,  72, 148S, 1399E,   0,    0,   ,   0,    ,    0,    0,    0,    0, 
SH, 92, 2014042312, 03, JAS1,  12, 141S, 1380E,  18,    0,   ,   0,    ,    0,    0,    0,    0, 
SH, 92, 2014042312, 03, JAS1,  24, 137S, 1373E,  23,    0,   ,   0,    ,    0,    0,    0,    0, 
SH, 92, 2014042312, 03, JAS1,  36, 119S, 1359E,  28,    0,   ,   0,    ,    0,    0,    0,    0, 
SH, 92, 2014042312, 03, JAS1,  48, 101S, 1353E,  35,    0,   ,   0,    ,    0,    0,    0,    0, 
SH, 92, 2014042312, 03, JAS1,  60,  99S, 1352E,  44,    0,   ,   0,    ,    0,    0,    0,    0, 
SH, 92, 2014042312, 03, JAS1,  72,  98S, 1346E,  50,    0,   ,   0,    ,    0,    0,    0,    0, 
SH, 92, 2014042312, 03, JAS1,  84,  96S, 1337E,  57,    0,   ,   0,    ,    0,    0,    0,    0, 
SH, 92, 2014042312, 03, JAS1,  96,  92S, 1326E,  62,    0,   ,   0,    ,    0,    0,    0,    0, 
SH, 92, 2014042312, 03, JAS1, 108,  88S, 1312E,  65,    0,   ,   0,    ,    0,    0,    0,    0, 
SH, 92, 2014042312, 03, JAS1, 120,  85S, 1297E,  68,    0,   ,   0,    ,    0,    0,    0,    0, 
SH, 92, 2014042312, 03, JAS5,  12, 141S, 1380E,  18,    0,   ,   0,    ,    0,    0,    0,    0, 
SH, 92, 2014042312, 03, JAS5,  24, 137S, 1373E,  23,    0,   ,   0,    ,    0,    0,    0,    0, 
SH, 92, 2014042312, 03, JAS5,  36, 119S, 1359E,  26,    0,   ,   0,    ,    0,    0,    0,    0, 
SH, 92, 2014042312, 03, JAS5,  48, 101S, 1353E,  32,    0,   ,   0,    ,    0,    0,    0,    0, 
SH, 92, 2014042312, 03, JAS5,  60,  99S, 1352E,  39,    0,   ,   0,    ,    0,    0,    0,    0, 
SH, 92, 2014042312, 03, JAS5,  72,  98S, 1346E,  43,    0,   ,   0,    ,    0,    0,    0,    0, 
SH, 92, 2014042312, 03, JAS5,  84,  96S, 1337E,  49,    0,   ,   0,    ,    0,    0,    0,    0, 
SH, 92, 2014042312, 03, JAS5,  96,  92S, 1326E,  54,    0,   ,   0,    ,    0,    0,    0,    0, 
SH, 92, 2014042312, 03, JAS5, 108,  88S, 1312E,  58,    0,   ,   0,    ,    0,    0,    0,    0, 
SH, 92, 2014042312, 03, JAS5, 120,  85S, 1297E,  62,    0,   ,   0,    ,    0,    0,    0,    0, 
SH, 92, 2014042312, 03, JAVI,   0, 145S, 1386E,  15,    0,   ,  34, NEQ,    0,    0,    0,    0, 
SH, 92, 2014042312, 03, JAVI,  12, 141S, 1380E,  14,    0,   ,  34, NEQ,    0,    0,    0,    0, 
SH, 92, 2014042312, 03, JAVI,  24, 137S, 1373E,  11,    0,   ,  34, NEQ,    0,    0,    0,    0, 
SH, 92, 2014042312, 03, JAVI,  36, 119S, 1359E,   9,    0,   ,  34, NEQ,    0,    0,    0,    0, 
SH, 92, 2014042312, 03, JAVI,  48, 101S, 1353E,   9,    0,   ,  34, NEQ,    0,    0,    0,    0, 
SH, 92, 2014042312, 03, JAVI,  60,  99S, 1352E,   9,    0,   ,  34, NEQ,    0,    0,    0,    0, 
SH, 92, 2014042312, 03, JAVI,  72,  98S, 1346E,   9,    0,   ,  34, NEQ,    0,    0,    0,    0, 
SH, 92, 2014042312, 03, JAVI,  84,  96S, 1337E,   9,    0,   ,  34, NEQ,    0,    0,    0,    0, 
SH, 92, 2014042312, 03, JAVI,  96,  92S, 1326E,  11,    0,   ,  34, NEQ,    0,    0,    0,    0, 
SH, 92, 2014042312, 03, JAVI, 108,  88S, 1312E,  14,    0,   ,  34, NEQ,    0,    0,    0,    0, 
SH, 92, 2014042312, 03, JAVI, 120,  85S, 1297E,  17,    0,   ,  34, NEQ,    0,    0,    0,    0, 
SH, 92, 2014042312, 03, S5XX,   0,   0N,    0W,  15,    0,   ,   0,    ,    0,    0,    0,    0, 
SH, 92, 2014042312, 03, S5XX,  12,   0N,    0W,  18,    0,   ,   0,    ,    0,    0,    0,    0, 
SH, 92, 2014042312, 03, S5XX,  24,   0N,    0W,  23,    0,   ,   0,    ,    0,    0,    0,    0, 
SH, 92, 2014042312, 03, S5XX,  36,   0N,    0W,  25,    0,   ,   0,    ,    0,    0,    0,    0, 
SH, 92, 2014042312, 03, S5XX,  48,   0N,    0W,  29,    0,   ,   0,    ,    0,    0,    0,    0, 
SH, 92, 2014042312, 03, ST5D,  12,   0N,    0E,  17,    0,   ,   0,    ,    0,    0,    0,    0, 
SH, 92, 2014042312, 03, ST5D,  24,   0N,    0E,  20,    0,   ,   0,    ,    0,    0,    0,    0, 
SH, 92, 2014042312, 03, ST5D,  36,   0N,    0E,  23,    0,   ,   0,    ,    0,    0,    0,    0, 
SH, 92, 2014042312, 03, ST5D,  48,   0N,    0E,  26,    0,   ,   0,    ,    0,    0,    0,    0, 
SH, 92, 2014042312, 03, ST5D,  60,   0N,    0E,  31,    0,   ,   0,    ,    0,    0,    0,    0, 
SH, 92, 2014042312, 03, ST5D,  72,   0N,    0E,  36,    0,   ,   0,    ,    0,    0,    0,    0, 
SH, 92, 2014042312, 03, ST5D,  84,   0N,    0E,  39,    0,   ,   0,    ,    0,    0,    0,    0, 
SH, 92, 2014042312, 03, ST5D,  96,   0N,    0E,  42,    0,   ,   0,    ,    0,    0,    0,    0, 
SH, 92, 2014042312, 03, ST5D, 108,   0N,    0E,  47,    0,   ,   0,    ,    0,    0,    0,    0, 
SH, 92, 2014042312, 03, ST5D, 120,   0N,    0E,  47,    0,   ,   0,    ,    0,    0,    0,    0, 
SH, 92, 2014042312, 03, STRT,  12, 143S, 1380E,   0,    0,   ,   0,    ,    0,    0,    0,    0, 
SH, 92, 2014042312, 03, STRT,  24, 139S, 1372E,   0,    0,   ,   0,    ,    0,    0,    0,    0, 
SH, 92, 2014042312, 03, STRT,  36, 136S, 1364E,   0,    0,   ,   0,    ,    0,    0,    0,    0, 
SH, 92, 2014042312, 03, STRT,  48, 132S, 1355E,   0,    0,   ,   0,    ,    0,    0,    0,    0, 
SH, 92, 2014042312, 03, STRT,  72, 122S, 1333E,   0,    0,   ,   0,    ,    0,    0,    0,    0, 
SH, 92, 2014042312, 03, TMMI,   0, 145S, 1386E,  15,    0,   ,  34, NEQ,    0,    0,    0,    0, 
SH, 92, 2014042312, 03, TMMI,  12, 147S, 1384E,  20,    0,   ,  34, NEQ,    0,    0,    0,    0, 
SH, 92, 2014042312, 03, TMMI,  24, 142S, 1378E,  20,    0,   ,  34, NEQ,    0,    0,    0,    0, 
SH, 92, 2014042312, 03, TMMI,  36, 136S, 1372E,  20,    0,   ,  34, NEQ,    0,    0,    0,    0, 
SH, 92, 2014042312, 03, TMMI,  48, 131S, 1368E,  22,    0,   ,  34, NEQ,    0,    0,    0,    0, 
SH, 92, 2014042312, 03, TMMI,  60, 125S, 1362E,  24,    0,   ,  34, NEQ,    0,    0,    0,    0, 
SH, 92, 2014042312, 03, TMMI,  72, 118S, 1354E,  23,    0,   ,  34, NEQ,    0,    0,    0,    0, 
SH, 92, 2014042312, 03, TMMI,  84, 113S, 1342E,  25,    0,   ,  34, NEQ,    0,    0,    0,    0, 
SH, 92, 2014042312, 03, TMMI,  96, 111S, 1331E,  26,    0,   ,  34, NEQ,    0,    0,    0,    0, 
SH, 92, 2014042312, 03, TMMI, 108, 107S, 1319E,  27,    0,   ,  34, NEQ,    0,    0,    0,    0, 
SH, 92, 2014042312, 03, TMMI, 120, 103S, 1306E,  30,    0,   ,  34, NEQ,    0,    0,    0,    0, 
SH, 92, 2014042312, 03, TMMI, 132, 101S, 1293E,  34,    0,   ,  34, NEQ,    0,    0,    0,    0, 
SH, 92, 2014042312, 03, TMMI, 144,  99S, 1279E,  39,    0,   ,  34, NEQ,    0,    0,    0,    0, 
SH, 92, 2014042312, 03, WBAI,   0, 145S, 1386E,   0,    0,   ,  34, NEQ,    0,    0,    0,    0, 
SH, 92, 2014042312, 03, WBAI,  12, 143S, 1391E,   0,    0,   ,  34, NEQ,    0,    0,    0,    0, 
SH, 92, 2014042312, 03, WBAI,  24, 146S, 1408E,   0,    0,   ,  34, NEQ,    0,    0,    0,    0, 
SH, 92, 2014042312, 03, WBAI,  36, 153S, 1425E,   0,    0,   ,  34, NEQ,    0,    0,    0,    0, 
SH, 92, 2014042312, 03, WBAI,  48, 159S, 1440E,   0,    0,   ,  34, NEQ,    0,    0,    0,    0, 
SH, 92, 2014042312, 03, WBAI,  60, 165S, 1448E,   0,    0,   ,  34, NEQ,    0,    0,    0,    0, 
SH, 92, 2014042312, 03, WBAI,  72, 170S, 1456E,   0,    0,   ,  34, NEQ,    0,    0,    0,    0, 
SH, 92, 2014042312, 03, WBAR,   0, 146S, 1386E,   0,    0,   ,   0,    ,    0,    0,    0,    0, 
SH, 92, 2014042312, 03, WBAR,   6, 148S, 1408E,   0,    0,   ,   0,    ,    0,    0,    0,    0, 
SH, 92, 2014042312, 03, WBAR,  12, 157S, 1411E,   0,    0,   ,   0,    ,    0,    0,    0,    0, 
SH, 92, 2014042312, 03, WBAR,  18, 163S, 1415E,   0,    0,   ,   0,    ,    0,    0,    0,    0, 
SH, 92, 2014042312, 03, WBAR,  24, 166S, 1417E,   0,    0,   ,   0,    ,    0,    0,    0,    0, 
SH, 92, 2014042312, 03, WBAR,  30, 169S, 1420E,   0,    0,   ,   0,    ,    0,    0,    0,    0, 
SH, 92, 2014042312, 03, WBAR,  36, 170S, 1422E,   0,    0,   ,   0,    ,    0,    0,    0,    0, 
SH, 92, 2014042312, 03, WBAR,  42, 169S, 1424E,   0,    0,   ,   0,    ,    0,    0,    0,    0, 
SH, 92, 2014042312, 03, WBAR,  48, 167S, 1426E,   0,    0,   ,   0,    ,    0,    0,    0,    0, 
SH, 92, 2014042312, 03, WBAR,  54, 163S, 1426E,   0,    0,   ,   0,    ,    0,    0,    0,    0, 
SH, 92, 2014042312, 03, WBAR,  60, 156S, 1425E,   0,    0,   ,   0,    ,    0,    0,    0,    0, 
SH, 92, 2014042312, 03, WBAR,  66, 134S, 1426E,   0,    0,   ,   0,    ,    0,    0,    0,    0, 
SH, 92, 2014042312, 03, WBAR,  72, 142S, 1421E,   0,    0,   ,   0,    ,    0,    0,    0,    0, 
SH, 92, 2014042312, 03, WBS1,  12, 143S, 1391E,  17,    0,   ,   0,    ,    0,    0,    0,    0, 
SH, 92, 2014042312, 03, WBS1,  24, 146S, 1408E,  21,    0,   ,   0,    ,    0,    0,    0,    0, 
SH, 92, 2014042312, 03, WBS1,  36, 153S, 1425E,  23,    0,   ,   0,    ,    0,    0,    0,    0, 
SH, 92, 2014042312, 03, WBS1,  48, 159S, 1440E,  25,    0,   ,   0,    ,    0,    0,    0,    0, 
SH, 92, 2014042312, 03, WBS1,  60, 165S, 1448E,  26,    0,   ,   0,    ,    0,    0,    0,    0, 
SH, 92, 2014042312, 03, WBS1,  72, 170S, 1456E,  27,    0,   ,   0,    ,    0,    0,    0,    0, 
SH, 92, 2014042312, 03, WBS5,  12, 143S, 1391E,  18,    0,   ,   0,    ,    0,    0,    0,    0, 
SH, 92, 2014042312, 03, WBS5,  24, 146S, 1408E,  22,    0,   ,   0,    ,    0,    0,    0,    0, 
SH, 92, 2014042312, 03, WBS5,  36, 153S, 1425E,  23,    0,   ,   0,    ,    0,    0,    0,    0, 
SH, 92, 2014042312, 03, WBS5,  48, 159S, 1440E,  25,    0,   ,   0,    ,    0,    0,    0,    0, 
SH, 92, 2014042312, 03, XTRP,  12, 144S, 1388E,  15,    0,   ,   0,    ,    0,    0,    0,    0, 
SH, 92, 2014042312, 03, XTRP,  24, 144S, 1390E,  15,    0,   ,   0,    ,    0,    0,    0,    0, 
SH, 92, 2014042312, 03, XTRP,  36, 144S, 1392E,  15,    0,   ,   0,    ,    0,    0,    0,    0, 
SH, 92, 2014042312, 03, XTRP,  48, 144S, 1394E,  15,    0,   ,   0,    ,    0,    0,    0,    0, 
SH, 92, 2014042312, 03, XTRP,  60, 144S, 1396E,  15,    0,   ,   0,    ,    0,    0,    0,    0, 
SH, 92, 2014042312, 03, XTRP,  72, 144S, 1398E,  15,    0,   ,   0,    ,    0,    0,    0,    0, 
SH, 92, 2014042312, 03, XTRP,  84, 144S, 1400E,  15,    0,   ,   0,    ,    0,    0,    0,    0, 
SH, 92, 2014042312, 03, XTRP,  96, 144S, 1402E,  15,    0,   ,   0,    ,    0,    0,    0,    0, 
SH, 92, 2014042312, 03, XTRP, 108, 144S, 1404E,  15,    0,   ,   0,    ,    0,    0,    0,    0, 
SH, 92, 2014042312, 03, XTRP, 120, 144S, 1406E,  15,    0,   ,   0,    ,    0,    0,    0,    0, 
SH, 92, 2014042312, 72, JAVN,   0, 148S, 1375E,  15,    0,   ,  34, NEQ,    0,    0,    0,    0, 
SH, 92, 2014042312, 72, JAVN,  12, 144S, 1367E,  15,    0,   ,  34, NEQ,    0,    0,    0,    0, 
SH, 92, 2014042312, 72, JAVN,  24, 144S, 1365E,  15,    0,   ,  34, NEQ,    0,    0,    0,    0, 
SH, 92, 2014042312, 72, JAVN,  36, 109S, 1355E,  20,    0,   ,  34, NEQ,    0,    0,    0,    0, 
SH, 92, 2014042312, 72, JAVN,  48, 115S, 1355E,  15,    0,   ,  34, NEQ,    0,    0,    0,    0, 
SH, 92, 2014042312, 72, JAVN,  60, 113S, 1355E,  15,    0,   ,  34, NEQ,    0,    0,    0,    0, 
SH, 92, 2014042312, 72, JAVN,  72, 115S, 1354E,  15,    0,   ,  34, NEQ,    0,    0,    0,    0, 
SH, 92, 2014042312, 72, JAVN,  84, 115S, 1341E,  15,    0,   ,  34, NEQ,    0,    0,    0,    0, 
SH, 92, 2014042312, 72, JAVN,  96, 114S, 1325E,  10,    0,   ,  34, NEQ,    0,    0,    0,    0, 
SH, 92, 2014042312, 72, JAVN, 108, 103S, 1304E,  15,    0,   ,  34, NEQ,    0,    0,    0,    0, 
SH, 92, 2014042312, 72, JAVN, 120,  97S, 1295E,  20,    0,   ,  34, NEQ,    0,    0,    0,    0, 
SH, 92, 2014042318, 01, CARQ, -18, 146S, 1384E,  15,    0,   ,   0,    ,    0,    0,    0,    0, 
SH, 92, 2014042318, 01, CARQ, -12, 146S, 1385E,  15,    0,   ,   0,    ,    0,    0,    0,    0, 
SH, 92, 2014042318, 01, CARQ,  -6, 146S, 1386E,  15,    0,   ,   0,    ,    0,    0,    0,    0, 
SH, 92, 2014042318, 01, CARQ,   0, 146S, 1387E,  15,    0,   ,   0,    ,    0,    0,    0,    0, 
SH, 92, 2014042318, 03, C12N,   0, 146S, 1387E,   0,    0,   ,   0,    ,    0,    0,    0,    0, 
SH, 92, 2014042318, 03, C12N,  12, 149S, 1391E,   0,    0,   ,   0,    ,    0,    0,    0,    0, 
SH, 92, 2014042318, 03, C12N,  24, 145S, 1391E,   0,    0,   ,   0,    ,    0,    0,    0,    0, 
SH, 92, 2014042318, 03, C12N,  36, 139S, 1391E,   0,    0,   ,   0,    ,    0,    0,    0,    0, 
SH, 92, 2014042318, 03, C12N,  48, 135S, 1392E,   0,    0,   ,   0,    ,    0,    0,    0,    0, 
SH, 92, 2014042318, 03, C12N,  60, 127S, 1390E,   0,    0,   ,   0,    ,    0,    0,    0,    0, 
SH, 92, 2014042318, 03, C12N,  72, 120S, 1386E,   0,    0,   ,   0,    ,    0,    0,    0,    0, 
SH, 92, 2014042318, 03, CLAU,  12, 148S, 1388E,   0,    0,   ,   0,    ,    0,    0,    0,    0, 
SH, 92, 2014042318, 03, CLAU,  24, 150S, 1387E,   0,    0,   ,   0,    ,    0,    0,    0,    0, 
SH, 92, 2014042318, 03, CLAU,  36, 154S, 1384E,   0,    0,   ,   0,    ,    0,    0,    0,    0, 
SH, 92, 2014042318, 03, CLAU,  48, 157S, 1381E,   0,    0,   ,   0,    ,    0,    0,    0,    0, 
SH, 92, 2014042318, 03, CLAU,  72, 167S, 1373E,   0,    0,   ,   0,    ,    0,    0,    0,    0, 
SH, 92, 2014042318, 03, CLIM,  12, 146S, 1385E,   0,    0,   ,   0,    ,    0,    0,    0,    0, 
SH, 92, 2014042318, 03, CLIM,  24, 150S, 1385E,   0,    0,   ,   0,    ,    0,    0,    0,    0, 
SH, 92, 2014042318, 03, CLIM,  36, 148S, 1383E,   0,    0,   ,   0,    ,    0,    0,    0,    0, 
SH, 92, 2014042318, 03, CLIM,  48, 149S, 1390E,   0,    0,   ,   0,    ,    0,    0,    0,    0, 
SH, 92, 2014042318, 03, CLIM,  72, 148S, 1403E,   0,    0,   ,   0,    ,    0,    0,    0,    0, 
SH, 92, 2014042318, 03, CLIP,  12, 148S, 1385E,   0,    0,   ,   0,    ,    0,    0,    0,    0, 
SH, 92, 2014042318, 03, CLIP,  24, 150S, 1407E,   0,    0,   ,   0,    ,    0,    0,    0,    0, 
SH, 92, 2014042318, 03, CLIP,  36, 153S, 1414E,   0,    0,   ,   0,    ,    0,    0,    0,    0, 
SH, 92, 2014042318, 03, CLIP,  48, 158S, 1442E,   0,    0,   ,   0,    ,    0,    0,    0,    0, 
SH, 92, 2014042318, 03, CLIP,  72, 165S, 1518E,   0,    0,   ,   0,    ,    0,    0,    0,    0, 
SH, 92, 2014042318, 03, COXX,   0, 146S, 1387E,   0,    0,   ,   0,    ,    0,    0,    0,    0, 
SH, 92, 2014042318, 03, COXX,  12, 149S, 1391E,   0,    0,   ,   0,    ,    0,    0,    0,    0, 
SH, 92, 2014042318, 03, COXX,  24, 145S, 1391E,   0,    0,   ,   0,    ,    0,    0,    0,    0, 
SH, 92, 2014042318, 03, COXX,  36, 139S, 1391E,   0,    0,   ,   0,    ,    0,    0,    0,    0, 
SH, 92, 2014042318, 03, COXX,  48, 135S, 1392E,   0,    0,   ,   0,    ,    0,    0,    0,    0, 
SH, 92, 2014042318, 03, COXX,  60, 127S, 1390E,   0,    0,   ,   0,    ,    0,    0,    0,    0, 
SH, 92, 2014042318, 03, COXX,  72, 120S, 1386E,   0,    0,   ,   0,    ,    0,    0,    0,    0, 
SH, 92, 2014042318, 03, HPAC,  12, 146S, 1387E,   0,    0,   ,   0,    ,    0,    0,    0,    0, 
SH, 92, 2014042318, 03, HPAC,  24, 148S, 1388E,   0,    0,   ,   0,    ,    0,    0,    0,    0, 
SH, 92, 2014042318, 03, HPAC,  36, 147S, 1388E,   0,    0,   ,   0,    ,    0,    0,    0,    0, 
SH, 92, 2014042318, 03, HPAC,  48, 148S, 1393E,   0,    0,   ,   0,    ,    0,    0,    0,    0, 
SH, 92, 2014042318, 03, HPAC,  72, 147S, 1401E,   0,    0,   ,   0,    ,    0,    0,    0,    0, 
SH, 92, 2014042318, 03, JAS1,  12, 141S, 1382E,  18,    0,   ,   0,    ,    0,    0,    0,    0, 
SH, 92, 2014042318, 03, JAS1,  24, 126S, 1376E,  23,    0,   ,   0,    ,    0,    0,    0,    0, 
SH, 92, 2014042318, 03, JAS1,  36, 113S, 1371E,  28,    0,   ,   0,    ,    0,    0,    0,    0, 
SH, 92, 2014042318, 03, JAS1,  48, 113S, 1371E,  37,    0,   ,   0,    ,    0,    0,    0,    0, 
SH, 92, 2014042318, 03, JAS1,  60, 113S, 1369E,  46,    0,   ,   0,    ,    0,    0,    0,    0, 
SH, 92, 2014042318, 03, JAS1,  72, 114S, 1362E,  55,    0,   ,   0,    ,    0,    0,    0,    0, 
SH, 92, 2014042318, 03, JAS1,  84, 113S, 1348E,  62,    0,   ,   0,    ,    0,    0,    0,    0, 
SH, 92, 2014042318, 03, JAS1,  96, 107S, 1331E,  67,    0,   ,   0,    ,    0,    0,    0,    0, 
SH, 92, 2014042318, 03, JAS1, 108,  99S, 1316E,  70,    0,   ,   0,    ,    0,    0,    0,    0, 
SH, 92, 2014042318, 03, JAS1, 120,  91S, 1301E,  73,    0,   ,   0,    ,    0,    0,    0,    0, 
SH, 92, 2014042318, 03, JAS5,  12, 141S, 1382E,  18,    0,   ,   0,    ,    0,    0,    0,    0, 
SH, 92, 2014042318, 03, JAS5,  24, 126S, 1376E,  22,    0,   ,   0,    ,    0,    0,    0,    0, 
SH, 92, 2014042318, 03, JAS5,  36, 113S, 1371E,  27,    0,   ,   0,    ,    0,    0,    0,    0, 
SH, 92, 2014042318, 03, JAS5,  48, 113S, 1371E,  33,    0,   ,   0,    ,    0,    0,    0,    0, 
SH, 92, 2014042318, 03, JAS5,  60, 113S, 1369E,  39,    0,   ,   0,    ,    0,    0,    0,    0, 
SH, 92, 2014042318, 03, JAS5,  72, 114S, 1362E,  45,    0,   ,   0,    ,    0,    0,    0,    0, 
SH, 92, 2014042318, 03, JAS5,  84, 113S, 1348E,  51,    0,   ,   0,    ,    0,    0,    0,    0, 
SH, 92, 2014042318, 03, JAS5,  96, 107S, 1331E,  56,    0,   ,   0,    ,    0,    0,    0,    0, 
SH, 92, 2014042318, 03, JAS5, 108,  99S, 1316E,  59,    0,   ,   0,    ,    0,    0,    0,    0, 
SH, 92, 2014042318, 03, JAS5, 120,  91S, 1301E,  64,    0,   ,   0,    ,    0,    0,    0,    0, 
SH, 92, 2014042318, 03, JAVI,   0, 145S, 1387E,  15,    0,   ,  34, NEQ,    0,    0,    0,    0, 
SH, 92, 2014042318, 03, JAVI,  12, 141S, 1382E,  15,    0,   ,  34, NEQ,    0,    0,    0,    0, 
SH, 92, 2014042318, 03, JAVI,  24, 126S, 1376E,  17,    0,   ,  34, NEQ,    0,    0,    0,    0, 
SH, 92, 2014042318, 03, JAVI,  36, 113S, 1371E,  17,    0,   ,  34, NEQ,    0,    0,    0,    0, 
SH, 92, 2014042318, 03, JAVI,  48, 113S, 1371E,  15,    0,   ,  34, NEQ,    0,    0,    0,    0, 
SH, 92, 2014042318, 03, JAVI,  60, 113S, 1369E,  14,    0,   ,  34, NEQ,    0,    0,    0,    0, 
SH, 92, 2014042318, 03, JAVI,  72, 114S, 1362E,  14,    0,   ,  34, NEQ,    0,    0,    0,    0, 
SH, 92, 2014042318, 03, JAVI,  84, 113S, 1348E,  12,    0,   ,  34, NEQ,    0,    0,    0,    0, 
SH, 92, 2014042318, 03, JAVI,  96, 107S, 1331E,  13,    0,   ,  34, NEQ,    0,    0,    0,    0, 
SH, 92, 2014042318, 03, JAVI, 108,  99S, 1316E,  17,    0,   ,  34, NEQ,    0,    0,    0,    0, 
SH, 92, 2014042318, 03, JAVI, 120,  91S, 1301E,  21,    0,   ,  34, NEQ,    0,    0,    0,    0, 
SH, 92, 2014042318, 03, S5XX,   0,   0N,    0W,  15,    0,   ,   0,    ,    0,    0,    0,    0, 
SH, 92, 2014042318, 03, S5XX,  12,   0N,    0W,  18,    0,   ,   0,    ,    0,    0,    0,    0, 
SH, 92, 2014042318, 03, S5XX,  24,   0N,    0W,  21,    0,   ,   0,    ,    0,    0,    0,    0, 
SH, 92, 2014042318, 03, S5XX,  36,   0N,    0W,  24,    0,   ,   0,    ,    0,    0,    0,    0, 
SH, 92, 2014042318, 03, S5XX,  48,   0N,    0W,  27,    0,   ,   0,    ,    0,    0,    0,    0, 
SH, 92, 2014042318, 03, S5XX,  60,   0N,    0W,  28,    0,   ,   0,    ,    0,    0,    0,    0, 
SH, 92, 2014042318, 03, ST5D,  12,   0N,    0E,  17,    0,   ,   0,    ,    0,    0,    0,    0, 
SH, 92, 2014042318, 03, ST5D,  24,   0N,    0E,  20,    0,   ,   0,    ,    0,    0,    0,    0, 
SH, 92, 2014042318, 03, ST5D,  36,   0N,    0E,  23,    0,   ,   0,    ,    0,    0,    0,    0, 
SH, 92, 2014042318, 03, ST5D,  48,   0N,    0E,  26,    0,   ,   0,    ,    0,    0,    0,    0, 
SH, 92, 2014042318, 03, ST5D,  60,   0N,    0E,  31,    0,   ,   0,    ,    0,    0,    0,    0, 
SH, 92, 2014042318, 03, ST5D,  72,   0N,    0E,  36,    0,   ,   0,    ,    0,    0,    0,    0, 
SH, 92, 2014042318, 03, ST5D,  84,   0N,    0E,  39,    0,   ,   0,    ,    0,    0,    0,    0, 
SH, 92, 2014042318, 03, ST5D,  96,   0N,    0E,  42,    0,   ,   0,    ,    0,    0,    0,    0, 
SH, 92, 2014042318, 03, ST5D, 108,   0N,    0E,  47,    0,   ,   0,    ,    0,    0,    0,    0, 
SH, 92, 2014042318, 03, ST5D, 120,   0N,    0E,  47,    0,   ,   0,    ,    0,    0,    0,    0, 
SH, 92, 2014042318, 03, STRT,  12, 143S, 1381E,   0,    0,   ,   0,    ,    0,    0,    0,    0, 
SH, 92, 2014042318, 03, STRT,  24, 139S, 1373E,   0,    0,   ,   0,    ,    0,    0,    0,    0, 
SH, 92, 2014042318, 03, STRT,  36, 136S, 1365E,   0,    0,   ,   0,    ,    0,    0,    0,    0, 
SH, 92, 2014042318, 03, STRT,  48, 132S, 1356E,   0,    0,   ,   0,    ,    0,    0,    0,    0, 
SH, 92, 2014042318, 03, STRT,  72, 122S, 1334E,   0,    0,   ,   0,    ,    0,    0,    0,    0, 
SH, 92, 2014042318, 03, TMM2,   0, 145S, 1387E,  15,    0,   ,  34, NEQ,    0,    0,    0,    0, 
SH, 92, 2014042318, 03, TMM2,  12, 144S, 1384E,  18,    0,   ,  34, NEQ,    0,    0,    0,    0, 
SH, 92, 2014042318, 03, TMM2,  24, 137S, 1377E,  18,    0,   ,  34, NEQ,    0,    0,    0,    0, 
SH, 92, 2014042318, 03, TMM2,  36, 132S, 1372E,  19,    0,   ,  34, NEQ,    0,    0,    0,    0, 
SH, 92, 2014042318, 03, TMM2,  48, 127S, 1367E,  21,    0,   ,  34, NEQ,    0,    0,    0,    0, 
SH, 92, 2014042318, 03, TMM2,  60, 120S, 1360E,  21,    0,   ,  34, NEQ,    0,    0,    0,    0, 
SH, 92, 2014042318, 03, TMM2,  72, 114S, 1351E,  21,    0,   ,  34, NEQ,    0,    0,    0,    0, 
SH, 92, 2014042318, 03, TMM2,  84, 111S, 1339E,  23,    0,   ,  34, NEQ,    0,    0,    0,    0, 
SH, 92, 2014042318, 03, TMM2,  96, 107S, 1327E,  24,    0,   ,  34, NEQ,    0,    0,    0,    0, 
SH, 92, 2014042318, 03, TMM2, 108, 103S, 1315E,  26,    0,   ,  34, NEQ,    0,    0,    0,    0, 
SH, 92, 2014042318, 03, TMM2, 120, 100S, 1302E,  30,    0,   ,  34, NEQ,    0,    0,    0,    0, 
SH, 92, 2014042318, 03, TMM2, 132,  99S, 1288E,  35,    0,   ,  34, NEQ,    0,    0,    0,    0, 
SH, 92, 2014042318, 03, TMM2, 144,  98S, 1273E,  30,    0,   ,  34, NEQ,    0,    0,    0,    0, 
SH, 92, 2014042318, 03, TMMN,   0, 142S, 1379E,  18,    0,   ,   0,    ,    0,    0,    0,    0, 
SH, 92, 2014042318, 03, TMMN,   6, 144S, 1375E,  21,    0,   ,   0,    ,    0,    0,    0,    0, 
SH, 92, 2014042318, 03, TMMN,  12, 147S, 1378E,  26,    0,   ,   0,    ,    0,    0,    0,    0, 
SH, 92, 2014042318, 03, TMMN,  18, 143S, 1375E,  30,    0,   ,   0,    ,    0,    0,    0,    0, 
SH, 92, 2014042318, 03, TMMN,  24, 138S, 1371E,  28,    0,   ,   0,    ,    0,    0,    0,    0, 
SH, 92, 2014042318, 03, TMMN,  30, 133S, 1370E,  30,    0,   ,   0,    ,    0,    0,    0,    0, 
SH, 92, 2014042318, 03, TMMN,  36, 129S, 1365E,  29,    0,   ,   0,    ,    0,    0,    0,    0, 
SH, 92, 2014042318, 03, TMMN,  42, 126S, 1361E,  26,    0,   ,   0,    ,    0,    0,    0,    0, 
SH, 92, 2014042318, 03, TMMN,  48, 123S, 1358E,  25,    0,   ,   0,    ,    0,    0,    0,    0, 
SH, 92, 2014042318, 03, TMMN,  54, 121S, 1357E,  30,    0,   ,   0,    ,    0,    0,    0,    0, 
SH, 92, 2014042318, 03, TMMN,  60, 117S, 1354E,  28,    0,   ,   0,    ,    0,    0,    0,    0, 
SH, 92, 2014042318, 03, TMMN,  66, 115S, 1348E,  25,    0,   ,   0,    ,    0,    0,    0,    0, 
SH, 92, 2014042318, 03, TMMN,  72, 112S, 1343E,  28,    0,   ,   0,    ,    0,    0,    0,    0, 
SH, 92, 2014042318, 03, TMMN,  78, 109S, 1338E,  29,    0,   ,   0,    ,    0,    0,    0,    0, 
SH, 92, 2014042318, 03, TMMN,  84, 107S, 1331E,  30,    0,   ,   0,    ,    0,    0,    0,    0, 
SH, 92, 2014042318, 03, TMMN,  90, 106S, 1325E,  28,    0,   ,   0,    ,    0,    0,    0,    0, 
SH, 92, 2014042318, 03, TMMN,  96, 102S, 1320E,  29,    0,   ,   0,    ,    0,    0,    0,    0, 
SH, 92, 2014042318, 03, TMMN, 102,  99S, 1314E,  30,    0,   ,   0,    ,    0,    0,    0,    0, 
SH, 92, 2014042318, 03, TMMN, 108,  96S, 1309E,  30,    0,   ,   0,    ,    0,    0,    0,    0, 
SH, 92, 2014042318, 03, TMMN, 114,  94S, 1302E,  27,    0,   ,   0,    ,    0,    0,    0,    0, 
SH, 92, 2014042318, 03, TMMN, 120,  94S, 1293E,  31,    0,   ,   0,    ,    0,    0,    0,    0, 
SH, 92, 2014042318, 03, TMMN, 126,  94S, 1286E,  33,    0,   ,   0,    ,    0,    0,    0,    0, 
SH, 92, 2014042318, 03, TMMN, 132,  93S, 1277E,  36,    0,   ,   0,    ,    0,    0,    0,    0, 
SH, 92, 2014042318, 03, TMMN, 138,  92S, 1271E,  36,    0,   ,   0,    ,    0,    0,    0,    0, 
SH, 92, 2014042318, 03, TMMN, 144,  93S, 1266E,  33,    0,   ,   0,    ,    0,    0,    0,    0, 
SH, 92, 2014042318, 03, WBAI,   0, 145S, 1387E,   0,    0,   ,  34, NEQ,    0,    0,    0,    0, 
SH, 92, 2014042318, 03, WBAI,  12, 156S, 1401E,   0,    0,   ,  34, NEQ,    0,    0,    0,    0, 
SH, 92, 2014042318, 03, WBAI,  24, 162S, 1407E,   0,    0,   ,  34, NEQ,    0,    0,    0,    0, 
SH, 92, 2014042318, 03, WBAI,  36, 162S, 1411E,   0,    0,   ,  34, NEQ,    0,    0,    0,    0, 
SH, 92, 2014042318, 03, WBAI,  48, 155S, 1412E,   0,    0,   ,  34, NEQ,    0,    0,    0,    0, 
SH, 92, 2014042318, 03, WBAI,  60, 140S, 1411E,   0,    0,   ,  34, NEQ,    0,    0,    0,    0, 
SH, 92, 2014042318, 03, WBAI,  72, 124S, 1409E,   0,    0,   ,  34, NEQ,    0,    0,    0,    0, 
SH, 92, 2014042318, 03, WBAR,   0, 146S, 1387E,   0,    0,   ,   0,    ,    0,    0,    0,    0, 
SH, 92, 2014042318, 03, WBAR,   6, 136S, 1373E,   0,    0,   ,   0,    ,    0,    0,    0,    0, 
SH, 92, 2014042318, 03, WBAR,  12, 136S, 1378E,   0,    0,   ,   0,    ,    0,    0,    0,    0, 
SH, 92, 2014042318, 03, WBAR,  18, 135S, 1386E,   0,    0,   ,   0,    ,    0,    0,    0,    0, 
SH, 92, 2014042318, 03, WBAR,  24, 135S, 1394E,   0,    0,   ,   0,    ,    0,    0,    0,    0, 
SH, 92, 2014042318, 03, WBAR,  30, 135S, 1402E,   0,    0,   ,   0,    ,    0,    0,    0,    0, 
SH, 92, 2014042318, 03, WBAR,  36, 135S, 1407E,   0,    0,   ,   0,    ,    0,    0,    0,    0, 
SH, 92, 2014042318, 03, WBAR,  42, 135S, 1411E,   0,    0,   ,   0,    ,    0,    0,    0,    0, 
SH, 92, 2014042318, 03, WBAR,  48, 136S, 1414E,   0,    0,   ,   0,    ,    0,    0,    0,    0, 
SH, 92, 2014042318, 03, WBAR,  54, 136S, 1413E,   0,    0,   ,   0,    ,    0,    0,    0,    0, 
SH, 92, 2014042318, 03, WBAR,  60, 135S, 1409E,   0,    0,   ,   0,    ,    0,    0,    0,    0, 
SH, 92, 2014042318, 03, WBAR,  66, 126S, 1391E,   0,    0,   ,   0,    ,    0,    0,    0,    0, 
SH, 92, 2014042318, 03, WBAR,  72, 123S, 1386E,   0,    0,   ,   0,    ,    0,    0,    0,    0, 
SH, 92, 2014042318, 03, WBS1,  12, 156S, 1401E,  17,    0,   ,   0,    ,    0,    0,    0,    0, 
SH, 92, 2014042318, 03, WBS1,  24, 162S, 1407E,  20,    0,   ,   0,    ,    0,    0,    0,    0, 
SH, 92, 2014042318, 03, WBS1,  36, 162S, 1411E,  23,    0,   ,   0,    ,    0,    0,    0,    0, 
SH, 92, 2014042318, 03, WBS1,  48, 155S, 1412E,  26,    0,   ,   0,    ,    0,    0,    0,    0, 
SH, 92, 2014042318, 03, WBS1,  60, 140S, 1411E,  28,    0,   ,   0,    ,    0,    0,    0,    0, 
SH, 92, 2014042318, 03, WBS1,  72, 124S, 1409E,  31,    0,   ,   0,    ,    0,    0,    0,    0, 
SH, 92, 2014042318, 03, WBS5,  12, 156S, 1401E,  17,    0,   ,   0,    ,    0,    0,    0,    0, 
SH, 92, 2014042318, 03, WBS5,  24, 162S, 1407E,  20,    0,   ,   0,    ,    0,    0,    0,    0, 
SH, 92, 2014042318, 03, WBS5,  36, 162S, 1411E,  21,    0,   ,   0,    ,    0,    0,    0,    0, 
SH, 92, 2014042318, 03, WBS5,  48, 155S, 1412E,  20,    0,   ,   0,    ,    0,    0,    0,    0, 
SH, 92, 2014042318, 03, WBS5,  60, 140S, 1411E,  17,    0,   ,   0,    ,    0,    0,    0,    0, 
SH, 92, 2014042318, 03, XTRP,  12, 144S, 1389E,  15,    0,   ,   0,    ,    0,    0,    0,    0, 
SH, 92, 2014042318, 03, XTRP,  24, 144S, 1391E,  15,    0,   ,   0,    ,    0,    0,    0,    0, 
SH, 92, 2014042318, 03, XTRP,  36, 144S, 1393E,  15,    0,   ,   0,    ,    0,    0,    0,    0, 
SH, 92, 2014042318, 03, XTRP,  48, 144S, 1395E,  15,    0,   ,   0,    ,    0,    0,    0,    0, 
SH, 92, 2014042318, 03, XTRP,  60, 144S, 1397E,  15,    0,   ,   0,    ,    0,    0,    0,    0, 
SH, 92, 2014042318, 03, XTRP,  72, 144S, 1399E,  15,    0,   ,   0,    ,    0,    0,    0,    0, 
SH, 92, 2014042318, 03, XTRP,  84, 144S, 1401E,  15,    0,   ,   0,    ,    0,    0,    0,    0, 
SH, 92, 2014042318, 03, XTRP,  96, 144S, 1403E,  15,    0,   ,   0,    ,    0,    0,    0,    0, 
SH, 92, 2014042318, 03, XTRP, 108, 144S, 1405E,  15,    0,   ,   0,    ,    0,    0,    0,    0, 
SH, 92, 2014042318, 03, XTRP, 120, 144S, 1407E,  15,    0,   ,   0,    ,    0,    0,    0,    0, 
SH, 92, 2014042318, 72, JAVN,   0, 145S, 1370E,  15,    0,   ,  34, NEQ,    0,    0,    0,    0, 
SH, 92, 2014042318, 72, JAVN,  12, 143S, 1367E,  15,    0,   ,  34, NEQ,    0,    0,    0,    0, 
SH, 92, 2014042318, 72, JAVN,  24, 145S, 1359E,  20,    0,   ,  34, NEQ,    0,    0,    0,    0, 
SH, 92, 2014042318, 72, JAVN,  36, 109S, 1355E,  20,    0,   ,  34, NEQ,    0,    0,    0,    0, 
SH, 92, 2014042318, 72, JAVN,  48, 112S, 1365E,  15,    0,   ,  34, NEQ,    0,    0,    0,    0, 
SH, 92, 2014042318, 72, JAVN,  60, 115S, 1361E,  15,    0,   ,  34, NEQ,    0,    0,    0,    0, 
SH, 92, 2014042318, 72, JAVN,  72, 115S, 1355E,  10,    0,   ,  34, NEQ,    0,    0,    0,    0, 
SH, 92, 2014042318, 72, JAVN,  84, 115S, 1331E,  15,    0,   ,  34, NEQ,    0,    0,    0,    0, 
SH, 92, 2014042318, 72, JAVN,  96, 104S, 1323E,  15,    0,   ,  34, NEQ,    0,    0,    0,    0, 
SH, 92, 2014042318, 72, JAVN, 108, 105S, 1303E,  20,    0,   ,  34, NEQ,    0,    0,    0,    0, 
SH, 92, 2014042318, 72, JAVN, 120, 104S, 1283E,  20,    0,   ,  34, NEQ,    0,    0,    0,    0, 
SH, 92, 2014042400, 01, CARQ, -18, 146S, 1385E,  15,    0,   ,   0,    ,    0,    0,    0,    0, 
SH, 92, 2014042400, 01, CARQ, -12, 146S, 1386E,  15,    0,   ,   0,    ,    0,    0,    0,    0, 
SH, 92, 2014042400, 01, CARQ,  -6, 146S, 1387E,  15,    0,   ,   0,    ,    0,    0,    0,    0, 
SH, 92, 2014042400, 01, CARQ,   0, 146S, 1388E,  15,    0,   ,   0,    ,    0,    0,    0,    0, 
SH, 92, 2014042400, 03, C12N,   0, 146S, 1388E,   0,    0,   ,   0,    ,    0,    0,    0,    0, 
SH, 92, 2014042400, 03, C12N,  12, 143S, 1388E,   0,    0,   ,   0,    ,    0,    0,    0,    0, 
SH, 92, 2014042400, 03, C12N,  24, 135S, 1392E,   0,    0,   ,   0,    ,    0,    0,    0,    0, 
SH, 92, 2014042400, 03, C12N,  36, 128S, 1398E,   0,    0,   ,   0,    ,    0,    0,    0,    0, 
SH, 92, 2014042400, 03, C12N,  48, 128S, 1399E,   0,    0,   ,   0,    ,    0,    0,    0,    0, 
SH, 92, 2014042400, 03, C12N,  60, 125S, 1389E,   0,    0,   ,   0,    ,    0,    0,    0,    0, 
SH, 92, 2014042400, 03, C12N,  72, 121S, 1375E,   0,    0,   ,   0,    ,    0,    0,    0,    0, 
SH, 92, 2014042400, 03, CLAU,  12, 148S, 1389E,   0,    0,   ,   0,    ,    0,    0,    0,    0, 
SH, 92, 2014042400, 03, CLAU,  24, 150S, 1388E,   0,    0,   ,   0,    ,    0,    0,    0,    0, 
SH, 92, 2014042400, 03, CLAU,  36, 154S, 1385E,   0,    0,   ,   0,    ,    0,    0,    0,    0, 
SH, 92, 2014042400, 03, CLAU,  48, 157S, 1382E,   0,    0,   ,   0,    ,    0,    0,    0,    0, 
SH, 92, 2014042400, 03, CLAU,  72, 167S, 1374E,   0,    0,   ,   0,    ,    0,    0,    0,    0, 
SH, 92, 2014042400, 03, CLIM,  12, 146S, 1386E,   0,    0,   ,   0,    ,    0,    0,    0,    0, 
SH, 92, 2014042400, 03, CLIM,  24, 150S, 1386E,   0,    0,   ,   0,    ,    0,    0,    0,    0, 
SH, 92, 2014042400, 03, CLIM,  36, 148S, 1384E,   0,    0,   ,   0,    ,    0,    0,    0,    0, 
SH, 92, 2014042400, 03, CLIM,  48, 149S, 1391E,   0,    0,   ,   0,    ,    0,    0,    0,    0, 
SH, 92, 2014042400, 03, CLIM,  72, 148S, 1404E,   0,    0,   ,   0,    ,    0,    0,    0,    0, 
SH, 92, 2014042400, 03, CLIP,  12, 148S, 1386E,   0,    0,   ,   0,    ,    0,    0,    0,    0, 
SH, 92, 2014042400, 03, CLIP,  24, 150S, 1408E,   0,    0,   ,   0,    ,    0,    0,    0,    0, 
SH, 92, 2014042400, 03, CLIP,  36, 153S, 1415E,   0,    0,   ,   0,    ,    0,    0,    0,    0, 
SH, 92, 2014042400, 03, CLIP,  48, 158S, 1444E,   0,    0,   ,   0,    ,    0,    0,    0,    0, 
SH, 92, 2014042400, 03, CLIP,  72, 165S, 1520E,   0,    0,   ,   0,    ,    0,    0,    0,    0, 
SH, 92, 2014042400, 03, COXX,   0, 146S, 1388E,   0,    0,   ,   0,    ,    0,    0,    0,    0, 
SH, 92, 2014042400, 03, COXX,  12, 143S, 1388E,   0,    0,   ,   0,    ,    0,    0,    0,    0, 
SH, 92, 2014042400, 03, COXX,  24, 135S, 1392E,   0,    0,   ,   0,    ,    0,    0,    0,    0, 
SH, 92, 2014042400, 03, COXX,  36, 128S, 1398E,   0,    0,   ,   0,    ,    0,    0,    0,    0, 
SH, 92, 2014042400, 03, COXX,  48, 128S, 1399E,   0,    0,   ,   0,    ,    0,    0,    0,    0, 
SH, 92, 2014042400, 03, COXX,  60, 125S, 1389E,   0,    0,   ,   0,    ,    0,    0,    0,    0, 
SH, 92, 2014042400, 03, COXX,  72, 121S, 1375E,   0,    0,   ,   0,    ,    0,    0,    0,    0, 
SH, 92, 2014042400, 03, FI92,   0, 145S, 1388E,  15,    0,   ,  34, NEQ,    0,    0,    0,    0, 
SH, 92, 2014042400, 03, FI92,  12, 134S, 1377E,  16,    0,   ,  34, NEQ,    0,    0,    0,    0, 
SH, 92, 2014042400, 03, FI92,  24, 115S, 1369E,  23,    0,   ,  34, NEQ,    0,    0,    0,    0, 
SH, 92, 2014042400, 03, FI92,  36, 109S, 1371E,  24,    0,   ,  34, NEQ,    0,    0,    0,    0, 
SH, 92, 2014042400, 03, FI92,  48, 110S, 1371E,  27,    0,   ,  34, NEQ,    0,    0,    0,    0, 
SH, 92, 2014042400, 03, FI92,  60, 111S, 1363E,  28,    0,   ,  34, NEQ,    0,    0,    0,    0, 
SH, 92, 2014042400, 03, FI92,  72, 113S, 1346E,  26,    0,   ,  34, NEQ,    0,    0,    0,    0, 
SH, 92, 2014042400, 03, FI92,  84, 111S, 1323E,  28,    0,   ,  34, NEQ,    0,    0,    0,    0, 
SH, 92, 2014042400, 03, FI92,  96, 106S, 1302E,  34,    0,   ,  34, NEQ,   27,   59,   41,   16, 
SH, 92, 2014042400, 03, FI92, 108, 105S, 1286E,  42,    0,   ,  34, NEQ,   48,   69,   45,   43, 
SH, 92, 2014042400, 03, FI92, 120, 105S, 1273E,  53,    0,   ,  34, NEQ,   48,   80,   70,   49, 
SH, 92, 2014042400, 03, FI92, 120, 105S, 1273E,  53,    0,   ,  50, NEQ,   26,   36,   28,    0, 
SH, 92, 2014042400, 03, FI92, 132, 106S, 1262E,  56,    0,   ,  34, NEQ,   47,   91,   75,   46, 
SH, 92, 2014042400, 03, FI92, 132, 106S, 1262E,  56,    0,   ,  50, NEQ,   22,   44,   43,    0, 
SH, 92, 2014042400, 03, FI92, 144, 110S, 1251E,  57,    0,   ,  34, NEQ,   60,   98,   82,   59, 
SH, 92, 2014042400, 03, FI92, 144, 110S, 1251E,  57,    0,   ,  50, NEQ,   30,   49,   45,    9, 
SH, 92, 2014042400, 03, FI92, 156, 117S, 1236E,  64,    0,   ,  34, NEQ,   80,  101,   97,   64, 
SH, 92, 2014042400, 03, FI92, 156, 117S, 1236E,  64,    0,   ,  50, NEQ,   45,   57,   50,   14, 
SH, 92, 2014042400, 03, FI92, 156, 117S, 1236E,  64,    0,   ,  64, NEQ,    3,   34,   17,    0, 
SH, 92, 2014042400, 03, FI92, 168, 125S, 1220E,  72,    0,   ,  34, NEQ,   95,  118,  112,   69, 
SH, 92, 2014042400, 03, FI92, 168, 125S, 1220E,  72,    0,   ,  50, NEQ,   56,   69,   59,   48, 
SH, 92, 2014042400, 03, FI92, 168, 125S, 1220E,  72,    0,   ,  64, NEQ,   33,   47,   51,    0, 
SH, 92, 2014042400, 03, FIM9,   0, 154S, 1374E,  20, 1009, XX,  34, NEQ,    0,    0,    0,    0, 
SH, 92, 2014042400, 03, HPAC,  12, 146S, 1388E,   0,    0,   ,   0,    ,    0,    0,    0,    0, 
SH, 92, 2014042400, 03, HPAC,  24, 148S, 1389E,   0,    0,   ,   0,    ,    0,    0,    0,    0, 
SH, 92, 2014042400, 03, HPAC,  36, 147S, 1389E,   0,    0,   ,   0,    ,    0,    0,    0,    0, 
SH, 92, 2014042400, 03, HPAC,  48, 148S, 1394E,   0,    0,   ,   0,    ,    0,    0,    0,    0, 
SH, 92, 2014042400, 03, HPAC,  72, 147S, 1402E,   0,    0,   ,   0,    ,    0,    0,    0,    0, 
SH, 92, 2014042400, 03, JAS1,  12, 143S, 1383E,  18,    0,   ,   0,    ,    0,    0,    0,    0, 
SH, 92, 2014042400, 03, JAS1,  24, 128S, 1378E,  23,    0,   ,   0,    ,    0,    0,    0,    0, 
SH, 92, 2014042400, 03, JAS1,  36, 113S, 1380E,  29,    0,   ,   0,    ,    0,    0,    0,    0, 
SH, 92, 2014042400, 03, JAS1,  48, 114S, 1382E,  37,    0,   ,   0,    ,    0,    0,    0,    0, 
SH, 92, 2014042400, 03, JAS1,  60, 116S, 1377E,  46,    0,   ,   0,    ,    0,    0,    0,    0, 
SH, 92, 2014042400, 03, JAS1,  72, 115S, 1363E,  54,    0,   ,   0,    ,    0,    0,    0,    0, 
SH, 92, 2014042400, 03, JAS1,  84, 110S, 1347E,  60,    0,   ,   0,    ,    0,    0,    0,    0, 
SH, 92, 2014042400, 03, JAS1,  96, 106S, 1332E,  65,    0,   ,   0,    ,    0,    0,    0,    0, 
SH, 92, 2014042400, 03, JAS1, 108, 105S, 1313E,  69,    0,   ,   0,    ,    0,    0,    0,    0, 
SH, 92, 2014042400, 03, JAS1, 120, 105S, 1293E,  73,    0,   ,   0,    ,    0,    0,    0,    0, 
SH, 92, 2014042400, 03, JAS5,  12, 143S, 1383E,  18,    0,   ,   0,    ,    0,    0,    0,    0, 
SH, 92, 2014042400, 03, JAS5,  24, 128S, 1378E,  23,    0,   ,   0,    ,    0,    0,    0,    0, 
SH, 92, 2014042400, 03, JAS5,  36, 113S, 1380E,  28,    0,   ,   0,    ,    0,    0,    0,    0, 
SH, 92, 2014042400, 03, JAS5,  48, 114S, 1382E,  33,    0,   ,   0,    ,    0,    0,    0,    0, 
SH, 92, 2014042400, 03, JAS5,  60, 116S, 1377E,  39,    0,   ,   0,    ,    0,    0,    0,    0, 
SH, 92, 2014042400, 03, JAS5,  72, 115S, 1363E,  44,    0,   ,   0,    ,    0,    0,    0,    0, 
SH, 92, 2014042400, 03, JAS5,  84, 110S, 1347E,  49,    0,   ,   0,    ,    0,    0,    0,    0, 
SH, 92, 2014042400, 03, JAS5,  96, 106S, 1332E,  54,    0,   ,   0,    ,    0,    0,    0,    0, 
SH, 92, 2014042400, 03, JAS5, 108, 105S, 1313E,  57,    0,   ,   0,    ,    0,    0,    0,    0, 
SH, 92, 2014042400, 03, JAS5, 120, 105S, 1293E,  62,    0,   ,   0,    ,    0,    0,    0,    0, 
SH, 92, 2014042400, 03, JAVI,   0, 145S, 1388E,  15,    0,   ,  34, NEQ,    0,    0,    0,    0, 
SH, 92, 2014042400, 03, JAVI,  12, 143S, 1383E,  17,    0,   ,  34, NEQ,    0,    0,    0,    0, 
SH, 92, 2014042400, 03, JAVI,  24, 128S, 1378E,  19,    0,   ,  34, NEQ,    0,    0,    0,    0, 
SH, 92, 2014042400, 03, JAVI,  36, 113S, 1380E,  17,    0,   ,  34, NEQ,    0,    0,    0,    0, 
SH, 92, 2014042400, 03, JAVI,  48, 114S, 1382E,  14,    0,   ,  34, NEQ,    0,    0,    0,    0, 
SH, 92, 2014042400, 03, JAVI,  60, 116S, 1377E,  12,    0,   ,  34, NEQ,    0,    0,    0,    0, 
SH, 92, 2014042400, 03, JAVI,  72, 115S, 1363E,  12,    0,   ,  34, NEQ,    0,    0,    0,    0, 
SH, 92, 2014042400, 03, JAVI,  84, 110S, 1347E,  14,    0,   ,  34, NEQ,    0,    0,    0,    0, 
SH, 92, 2014042400, 03, JAVI,  96, 106S, 1332E,  17,    0,   ,  34, NEQ,    0,    0,    0,    0, 
SH, 92, 2014042400, 03, JAVI, 108, 105S, 1313E,  19,    0,   ,  34, NEQ,    0,    0,    0,    0, 
SH, 92, 2014042400, 03, JAVI, 120, 105S, 1293E,  21,    0,   ,  34, NEQ,    0,    0,    0,    0, 
SH, 92, 2014042400, 03, S5XX,   0,   0N,    0W,  15,    0,   ,   0,    ,    0,    0,    0,    0, 
SH, 92, 2014042400, 03, S5XX,  12,   0N,    0W,  18,    0,   ,   0,    ,    0,    0,    0,    0, 
SH, 92, 2014042400, 03, S5XX,  24,   0N,    0W,  23,    0,   ,   0,    ,    0,    0,    0,    0, 
SH, 92, 2014042400, 03, S5XX,  36,   0N,    0W,  25,    0,   ,   0,    ,    0,    0,    0,    0, 
SH, 92, 2014042400, 03, S5XX,  48,   0N,    0W,  29,    0,   ,   0,    ,    0,    0,    0,    0, 
SH, 92, 2014042400, 03, S5XX,  60,   0N,    0W,  34,    0,   ,   0,    ,    0,    0,    0,    0, 
SH, 92, 2014042400, 03, S5XX,  72,   0N,    0W,  36,    0,   ,   0,    ,    0,    0,    0,    0, 
SH, 92, 2014042400, 03, ST5D,  12,   0N,    0E,  17,    0,   ,   0,    ,    0,    0,    0,    0, 
SH, 92, 2014042400, 03, ST5D,  24,   0N,    0E,  20,    0,   ,   0,    ,    0,    0,    0,    0, 
SH, 92, 2014042400, 03, ST5D,  36,   0N,    0E,  23,    0,   ,   0,    ,    0,    0,    0,    0, 
SH, 92, 2014042400, 03, ST5D,  48,   0N,    0E,  26,    0,   ,   0,    ,    0,    0,    0,    0, 
SH, 92, 2014042400, 03, ST5D,  60,   0N,    0E,  31,    0,   ,   0,    ,    0,    0,    0,    0, 
SH, 92, 2014042400, 03, ST5D,  72,   0N,    0E,  36,    0,   ,   0,    ,    0,    0,    0,    0, 
SH, 92, 2014042400, 03, ST5D,  84,   0N,    0E,  39,    0,   ,   0,    ,    0,    0,    0,    0, 
SH, 92, 2014042400, 03, ST5D,  96,   0N,    0E,  42,    0,   ,   0,    ,    0,    0,    0,    0, 
SH, 92, 2014042400, 03, ST5D, 108,   0N,    0E,  47,    0,   ,   0,    ,    0,    0,    0,    0, 
SH, 92, 2014042400, 03, ST5D, 120,   0N,    0E,  47,    0,   ,   0,    ,    0,    0,    0,    0, 
SH, 92, 2014042400, 03, STRT,  12, 143S, 1382E,   0,    0,   ,   0,    ,    0,    0,    0,    0, 
SH, 92, 2014042400, 03, STRT,  24, 139S, 1374E,   0,    0,   ,   0,    ,    0,    0,    0,    0, 
SH, 92, 2014042400, 03, STRT,  36, 135S, 1365E,   0,    0,   ,   0,    ,    0,    0,    0,    0, 
SH, 92, 2014042400, 03, STRT,  48, 131S, 1356E,   0,    0,   ,   0,    ,    0,    0,    0,    0, 
SH, 92, 2014042400, 03, STRT,  72, 119S, 1330E,   0,    0,   ,   0,    ,    0,    0,    0,    0, 
SH, 92, 2014042400, 03, TMMI,   0, 145S, 1388E,  15,    0,   ,  34, NEQ,    0,    0,    0,    0, 
SH, 92, 2014042400, 03, TMMI,  12, 143S, 1385E,  21,    0,   ,  34, NEQ,    0,    0,    0,    0, 
SH, 92, 2014042400, 03, TMMI,  24, 135S, 1379E,  22,    0,   ,  34, NEQ,    0,    0,    0,    0, 
SH, 92, 2014042400, 03, TMMI,  36, 128S, 1372E,  20,    0,   ,  34, NEQ,    0,    0,    0,    0, 
SH, 92, 2014042400, 03, TMMI,  48, 122S, 1367E,  20,    0,   ,  34, NEQ,    0,    0,    0,    0, 
SH, 92, 2014042400, 03, TMMI,  60, 116S, 1359E,  20,    0,   ,  34, NEQ,    0,    0,    0,    0, 
SH, 92, 2014042400, 03, TMMI,  72, 111S, 1348E,  21,    0,   ,  34, NEQ,    0,    0,    0,    0, 
SH, 92, 2014042400, 03, TMMI,  84, 106S, 1336E,  22,    0,   ,  34, NEQ,    0,    0,    0,    0, 
SH, 92, 2014042400, 03, TMMI,  96, 101S, 1325E,  22,    0,   ,  34, NEQ,    0,    0,    0,    0, 
SH, 92, 2014042400, 03, TMMI, 108,  96S, 1312E,  22,    0,   ,  34, NEQ,    0,    0,    0,    0, 
SH, 92, 2014042400, 03, TMMI, 120,  95S, 1296E,  26,    0,   ,  34, NEQ,    0,    0,    0,    0, 
SH, 92, 2014042400, 03, TMMI, 132,  94S, 1282E,  27,    0,   ,  34, NEQ,    0,    0,    0,    0, 
SH, 92, 2014042400, 03, TMMI, 144,  93S, 1268E,  29,    0,   ,  34, NEQ,    0,    0,    0,    0, 
SH, 92, 2014042400, 03, WBAI,   0, 145S, 1388E,   0,    0,   ,  34, NEQ,    0,    0,    0,    0, 
SH, 92, 2014042400, 03, WBAI,  12, 140S, 1393E,   0,    0,   ,  34, NEQ,    0,    0,    0,    0, 
SH, 92, 2014042400, 03, WBAI,  24, 140S, 1407E,   0,    0,   ,  34, NEQ,    0,    0,    0,    0, 
SH, 92, 2014042400, 03, WBAI,  36, 140S, 1416E,   0,    0,   ,  34, NEQ,    0,    0,    0,    0, 
SH, 92, 2014042400, 03, WBAI,  48, 140S, 1416E,   0,    0,   ,  34, NEQ,    0,    0,    0,    0, 
SH, 92, 2014042400, 03, WBAI,  60, 133S, 1402E,   0,    0,   ,  34, NEQ,    0,    0,    0,    0, 
SH, 92, 2014042400, 03, WBAI,  72, 126S, 1387E,   0,    0,   ,  34, NEQ,    0,    0,    0,    0, 
SH, 92, 2014042400, 03, WBS1,  12, 140S, 1393E,  17,    0,   ,   0,    ,    0,    0,    0,    0, 
SH, 92, 2014042400, 03, WBS1,  24, 140S, 1407E,  22,    0,   ,   0,    ,    0,    0,    0,    0, 
SH, 92, 2014042400, 03, WBS1,  36, 140S, 1416E,  23,    0,   ,   0,    ,    0,    0,    0,    0, 
SH, 92, 2014042400, 03, WBS1,  48, 140S, 1416E,  25,    0,   ,   0,    ,    0,    0,    0,    0, 
SH, 92, 2014042400, 03, WBS1,  60, 133S, 1402E,  32,    0,   ,   0,    ,    0,    0,    0,    0, 
SH, 92, 2014042400, 03, WBS1,  72, 126S, 1387E,  37,    0,   ,   0,    ,    0,    0,    0,    0, 
SH, 92, 2014042400, 03, WBS5,  12, 140S, 1393E,  18,    0,   ,   0,    ,    0,    0,    0,    0, 
SH, 92, 2014042400, 03, WBS5,  24, 140S, 1407E,  22,    0,   ,   0,    ,    0,    0,    0,    0, 
SH, 92, 2014042400, 03, WBS5,  36, 140S, 1416E,  21,    0,   ,   0,    ,    0,    0,    0,    0, 
SH, 92, 2014042400, 03, WBS5,  48, 140S, 1416E,  24,    0,   ,   0,    ,    0,    0,    0,    0, 
SH, 92, 2014042400, 03, WBS5,  60, 133S, 1402E,  28,    0,   ,   0,    ,    0,    0,    0,    0, 
SH, 92, 2014042400, 03, WBS5,  72, 126S, 1387E,  28,    0,   ,   0,    ,    0,    0,    0,    0, 
SH, 92, 2014042400, 03, XTRP,  12, 144S, 1390E,  15,    0,   ,   0,    ,    0,    0,    0,    0, 
SH, 92, 2014042400, 03, XTRP,  24, 144S, 1392E,  15,    0,   ,   0,    ,    0,    0,    0,    0, 
SH, 92, 2014042400, 03, XTRP,  36, 144S, 1394E,  15,    0,   ,   0,    ,    0,    0,    0,    0, 
SH, 92, 2014042400, 03, XTRP,  48, 144S, 1396E,  15,    0,   ,   0,    ,    0,    0,    0,    0, 
SH, 92, 2014042400, 03, XTRP,  60, 144S, 1398E,  15,    0,   ,   0,    ,    0,    0,    0,    0, 
SH, 92, 2014042400, 03, XTRP,  72, 144S, 1400E,  15,    0,   ,   0,    ,    0,    0,    0,    0, 
SH, 92, 2014042400, 03, XTRP,  84, 144S, 1402E,  15,    0,   ,   0,    ,    0,    0,    0,    0, 
SH, 92, 2014042400, 03, XTRP,  96, 144S, 1404E,  15,    0,   ,   0,    ,    0,    0,    0,    0, 
SH, 92, 2014042400, 03, XTRP, 108, 144S, 1406E,  15,    0,   ,   0,    ,    0,    0,    0,    0, 
SH, 92, 2014042400, 03, XTRP, 120, 144S, 1408E,  15,    0,   ,   0,    ,    0,    0,    0,    0, 
SH, 92, 2014042400, 72, JAVN,   0, 144S, 1365E,  15,    0,   ,  34, NEQ,    0,    0,    0,    0, 
SH, 92, 2014042400, 72, JAVN,  12, 111S, 1345E,  15,    0,   ,  34, NEQ,    0,    0,    0,    0, 
SH, 92, 2014042400, 72, JAVN,  24, 114S, 1356E,  15,    0,   ,  34, NEQ,    0,    0,    0,    0, 
SH, 92, 2014042400, 72, JAVN,  36, 118S, 1365E,  10,    0,   ,  34, NEQ,    0,    0,    0,    0, 
SH, 92, 2014042400, 72, JAVN,  48, 120S, 1365E,  15,    0,   ,  34, NEQ,    0,    0,    0,    0, 
SH, 92, 2014042400, 72, JAVN,  60, 125S, 1356E,  10,    0,   ,  34, NEQ,    0,    0,    0,    0, 
SH, 92, 2014042400, 72, JAVN,  72, 115S, 1344E,  10,    0,   ,  34, NEQ,    0,    0,    0,    0, 
SH, 92, 2014042400, 72, JAVN,  84, 115S, 1315E,   5,    0,   ,  34, NEQ,    0,    0,    0,    0, 
SH, 92, 2014042400, 72, JAVN,  96, 108S, 1295E,  15,    0,   ,  34, NEQ,    0,    0,    0,    0, 
SH, 92, 2014042400, 72, JAVN, 108, 105S, 1286E,  15,    0,   ,  34, NEQ,    0,    0,    0,    0, 
SH, 92, 2014042400, 72, JAVN, 120, 105S, 1261E,  15,    0,   ,  34, NEQ,    0,    0,    0,    0, 
SH, 92, 2014042406, 01, CARQ, -18, 146S, 1386E,  15,    0,   ,   0,    ,    0,    0,    0,    0, 
SH, 92, 2014042406, 01, CARQ, -12, 146S, 1387E,  15,    0,   ,   0,    ,    0,    0,    0,    0, 
SH, 92, 2014042406, 01, CARQ,  -6, 146S, 1388E,  15,    0,   ,   0,    ,    0,    0,    0,    0, 
SH, 92, 2014042406, 01, CARQ,   0, 146S, 1389E,  15,    0,   ,   0,    ,    0,    0,    0,    0, 
SH, 92, 2014042406, 03, CLAU,  12, 148S, 1390E,   0,    0,   ,   0,    ,    0,    0,    0,    0, 
SH, 92, 2014042406, 03, CLAU,  24, 150S, 1389E,   0,    0,   ,   0,    ,    0,    0,    0,    0, 
SH, 92, 2014042406, 03, CLAU,  36, 154S, 1386E,   0,    0,   ,   0,    ,    0,    0,    0,    0, 
SH, 92, 2014042406, 03, CLAU,  48, 157S, 1383E,   0,    0,   ,   0,    ,    0,    0,    0,    0, 
SH, 92, 2014042406, 03, CLAU,  72, 167S, 1375E,   0,    0,   ,   0,    ,    0,    0,    0,    0, 
SH, 92, 2014042406, 03, CLIM,  12, 144S, 1383E,   0,    0,   ,   0,    ,    0,    0,    0,    0, 
SH, 92, 2014042406, 03, CLIM,  24, 148S, 1380E,   0,    0,   ,   0,    ,    0,    0,    0,    0, 
SH, 92, 2014042406, 03, CLIM,  36, 145S, 1375E,   0,    0,   ,   0,    ,    0,    0,    0,    0, 
SH, 92, 2014042406, 03, CLIM,  48, 149S, 1392E,   0,    0,   ,   0,    ,    0,    0,    0,    0, 
SH, 92, 2014042406, 03, CLIM,  72, 148S, 1405E,   0,    0,   ,   0,    ,    0,    0,    0,    0, 
SH, 92, 2014042406, 03, CLIP,  12, 148S, 1388E,   0,    0,   ,   0,    ,    0,    0,    0,    0, 
SH, 92, 2014042406, 03, CLIP,  24, 150S, 1410E,   0,    0,   ,   0,    ,    0,    0,    0,    0, 
SH, 92, 2014042406, 03, CLIP,  36, 153S, 1417E,   0,    0,   ,   0,    ,    0,    0,    0,    0, 
SH, 92, 2014042406, 03, CLIP,  48, 158S, 1445E,   0,    0,   ,   0,    ,    0,    0,    0,    0, 
SH, 92, 2014042406, 03, CLIP,  72, 165S, 1521E,   0,    0,   ,   0,    ,    0,    0,    0,    0, 
SH, 92, 2014042406, 03, HPAC,  12, 145S, 1387E,   0,    0,   ,   0,    ,    0,    0,    0,    0, 
SH, 92, 2014042406, 03, HPAC,  24, 147S, 1386E,   0,    0,   ,   0,    ,    0,    0,    0,    0, 
SH, 92, 2014042406, 03, HPAC,  36, 145S, 1385E,   0,    0,   ,   0,    ,    0,    0,    0,    0, 
SH, 92, 2014042406, 03, HPAC,  48, 148S, 1395E,   0,    0,   ,   0,    ,    0,    0,    0,    0, 
SH, 92, 2014042406, 03, HPAC,  72, 147S, 1403E,   0,    0,   ,   0,    ,    0,    0,    0,    0, 
SH, 92, 2014042406, 03, ST5D,  12,   0N,    0E,  17,    0,   ,   0,    ,    0,    0,    0,    0, 
SH, 92, 2014042406, 03, ST5D,  24,   0N,    0E,  20,    0,   ,   0,    ,    0,    0,    0,    0, 
SH, 92, 2014042406, 03, ST5D,  36,   0N,    0E,  23,    0,   ,   0,    ,    0,    0,    0,    0, 
SH, 92, 2014042406, 03, ST5D,  48,   0N,    0E,  26,    0,   ,   0,    ,    0,    0,    0,    0, 
SH, 92, 2014042406, 03, ST5D,  60,   0N,    0E,  31,    0,   ,   0,    ,    0,    0,    0,    0, 
SH, 92, 2014042406, 03, ST5D,  72,   0N,    0E,  36,    0,   ,   0,    ,    0,    0,    0,    0, 
SH, 92, 2014042406, 03, ST5D,  84,   0N,    0E,  39,    0,   ,   0,    ,    0,    0,    0,    0, 
SH, 92, 2014042406, 03, ST5D,  96,   0N,    0E,  42,    0,   ,   0,    ,    0,    0,    0,    0, 
SH, 92, 2014042406, 03, ST5D, 108,   0N,    0E,  47,    0,   ,   0,    ,    0,    0,    0,    0, 
SH, 92, 2014042406, 03, ST5D, 120,   0N,    0E,  47,    0,   ,   0,    ,    0,    0,    0,    0, 
SH, 92, 2014042406, 03, STRT,  12, 143S, 1383E,   0,    0,   ,   0,    ,    0,    0,    0,    0, 
SH, 92, 2014042406, 03, STRT,  24, 139S, 1375E,   0,    0,   ,   0,    ,    0,    0,    0,    0, 
SH, 92, 2014042406, 03, STRT,  36, 135S, 1366E,   0,    0,   ,   0,    ,    0,    0,    0,    0, 
SH, 92, 2014042406, 03, STRT,  48, 131S, 1357E,   0,    0,   ,   0,    ,    0,    0,    0,    0, 
SH, 92, 2014042406, 03, STRT,  72, 119S, 1331E,   0,    0,   ,   0,    ,    0,    0,    0,    0, 
SH, 92, 2014042406, 03, TMM2,   0, 145S, 1389E,  15,    0,   ,  34, NEQ,    0,    0,    0,    0, 
SH, 92, 2014042406, 03, TMM2,  12, 139S, 1385E,  18,    0,   ,  34, NEQ,    0,    0,    0,    0, 
SH, 92, 2014042406, 03, TMM2,  24, 131S, 1378E,  17,    0,   ,  34, NEQ,    0,    0,    0,    0, 
SH, 92, 2014042406, 03, TMM2,  36, 124S, 1372E,  16,    0,   ,  34, NEQ,    0,    0,    0,    0, 
SH, 92, 2014042406, 03, TMM2,  48, 119S, 1366E,  17,    0,   ,  34, NEQ,    0,    0,    0,    0, 
SH, 92, 2014042406, 03, TMM2,  60, 113S, 1356E,  17,    0,   ,  34, NEQ,    0,    0,    0,    0, 
SH, 92, 2014042406, 03, TMM2,  72, 108S, 1344E,  18,    0,   ,  34, NEQ,    0,    0,    0,    0, 
SH, 92, 2014042406, 03, TMM2,  84, 103S, 1333E,  18,    0,   ,  34, NEQ,    0,    0,    0,    0, 
SH, 92, 2014042406, 03, TMM2,  96,  98S, 1321E,  19,    0,   ,  34, NEQ,    0,    0,    0,    0, 
SH, 92, 2014042406, 03, TMM2, 108,  95S, 1306E,  20,    0,   ,  34, NEQ,    0,    0,    0,    0, 
SH, 92, 2014042406, 03, TMM2, 120,  94S, 1291E,  24,    0,   ,  34, NEQ,    0,    0,    0,    0, 
SH, 92, 2014042406, 03, TMM2, 132,  94S, 1279E,  22,    0,   ,  34, NEQ,    0,    0,    0,    0, 
SH, 92, 2014042406, 03, TMM2, 144,  94S, 1267E,  24,    0,   ,  34, NEQ,    0,    0,    0,    0, 
SH, 92, 2014042406, 03, TMMN,   0, 142S, 1385E,  23,    0,   ,   0,    ,    0,    0,    0,    0, 
SH, 92, 2014042406, 03, TMMN,   6, 144S, 1378E,  23,    0,   ,   0,    ,    0,    0,    0,    0, 
SH, 92, 2014042406, 03, TMMN,  12, 143S, 1373E,  24,    0,   ,   0,    ,    0,    0,    0,    0, 
SH, 92, 2014042406, 03, TMMN,  18, 140S, 1370E,  27,    0,   ,   0,    ,    0,    0,    0,    0, 
SH, 92, 2014042406, 03, TMMN,  24, 139S, 1365E,  28,    0,   ,   0,    ,    0,    0,    0,    0, 
SH, 92, 2014042406, 03, TMMN,  30, 133S, 1365E,  25,    0,   ,   0,    ,    0,    0,    0,    0, 
SH, 92, 2014042406, 03, TMMN,  36, 129S, 1366E,  30,    0,   ,   0,    ,    0,    0,    0,    0, 
SH, 92, 2014042406, 03, TMMN,  42, 125S, 1364E,  32,    0,   ,   0,    ,    0,    0,    0,    0, 
SH, 92, 2014042406, 03, TMMN,  48, 123S, 1358E,  26,    0,   ,   0,    ,    0,    0,    0,    0, 
SH, 92, 2014042406, 03, TMMN,  54, 120S, 1354E,  25,    0,   ,   0,    ,    0,    0,    0,    0, 
SH, 92, 2014042406, 03, TMMN,  60, 116S, 1345E,  26,    0,   ,   0,    ,    0,    0,    0,    0, 
SH, 92, 2014042406, 03, TMMN,  66, 114S, 1342E,  25,    0,   ,   0,    ,    0,    0,    0,    0, 
SH, 92, 2014042406, 03, TMMN,  72, 112S, 1336E,  26,    0,   ,   0,    ,    0,    0,    0,    0, 
SH, 92, 2014042406, 03, TMMN,  78, 111S, 1331E,  25,    0,   ,   0,    ,    0,    0,    0,    0, 
SH, 92, 2014042406, 03, TMMN,  84, 109S, 1323E,  26,    0,   ,   0,    ,    0,    0,    0,    0, 
SH, 92, 2014042406, 03, TMMN,  90, 108S, 1316E,  26,    0,   ,   0,    ,    0,    0,    0,    0, 
SH, 92, 2014042406, 03, TMMN,  96, 108S, 1308E,  26,    0,   ,   0,    ,    0,    0,    0,    0, 
SH, 92, 2014042406, 03, TMMN, 102, 109S, 1299E,  24,    0,   ,   0,    ,    0,    0,    0,    0, 
SH, 92, 2014042406, 03, TMMN, 108, 106S, 1290E,  25,    0,   ,   0,    ,    0,    0,    0,    0, 
SH, 92, 2014042406, 03, TMMN, 114, 104S, 1283E,  26,    0,   ,   0,    ,    0,    0,    0,    0, 
SH, 92, 2014042406, 03, TMMN, 120, 101S, 1276E,  26,    0,   ,   0,    ,    0,    0,    0,    0, 
SH, 92, 2014042406, 03, TMMN, 126, 100S, 1270E,  24,    0,   ,   0,    ,    0,    0,    0,    0, 
SH, 92, 2014042406, 03, TMMN, 132,  98S, 1265E,  26,    0,   ,   0,    ,    0,    0,    0,    0, 
SH, 92, 2014042406, 03, TMMN, 138,  99S, 1258E,  29,    0,   ,   0,    ,    0,    0,    0,    0, 
SH, 92, 2014042406, 03, TMMN, 144,  95S, 1256E,  28,    0,   ,   0,    ,    0,    0,    0,    0, 
SH, 92, 2014042406, 03, WBA2,   0, 145S, 1389E,   0,    0,   ,  34, NEQ,    0,    0,    0,    0, 
SH, 92, 2014042406, 03, WBA2,  12, 143S, 1401E,   0,    0,   ,  34, NEQ,    0,    0,    0,    0, 
SH, 92, 2014042406, 03, WBA2,  24, 143S, 1414E,   0,    0,   ,  34, NEQ,    0,    0,    0,    0, 
SH, 92, 2014042406, 03, WBA2,  36, 144S, 1419E,   0,    0,   ,  34, NEQ,    0,    0,    0,    0, 
SH, 92, 2014042406, 03, WBA2,  48, 140S, 1411E,   0,    0,   ,  34, NEQ,    0,    0,    0,    0, 
SH, 92, 2014042406, 03, WBA2,  60, 131S, 1394E,   0,    0,   ,  34, NEQ,    0,    0,    0,    0, 
SH, 92, 2014042406, 03, WBA2,  72, 122S, 1376E,   0,    0,   ,  34, NEQ,    0,    0,    0,    0, 
SH, 92, 2014042406, 03, WBAR,   0, 146S, 1390E,   0,    0,   ,   0,    ,    0,    0,    0,    0, 
SH, 92, 2014042406, 03, WBAR,   6, 138S, 1376E,   0,    0,   ,   0,    ,    0,    0,    0,    0, 
SH, 92, 2014042406, 03, WBAR,  12, 136S, 1381E,   0,    0,   ,   0,    ,    0,    0,    0,    0, 
SH, 92, 2014042406, 03, WBAR,  18, 134S, 1387E,   0,    0,   ,   0,    ,    0,    0,    0,    0, 
SH, 92, 2014042406, 03, WBAR,  24, 132S, 1393E,   0,    0,   ,   0,    ,    0,    0,    0,    0, 
SH, 92, 2014042406, 03, WBAR,  30, 131S, 1398E,   0,    0,   ,   0,    ,    0,    0,    0,    0, 
SH, 92, 2014042406, 03, WBAR,  36, 131S, 1401E,   0,    0,   ,   0,    ,    0,    0,    0,    0, 
SH, 92, 2014042406, 03, WBAR,  42, 133S, 1402E,   0,    0,   ,   0,    ,    0,    0,    0,    0, 
SH, 92, 2014042406, 03, WBAR,  48, 135S, 1399E,   0,    0,   ,   0,    ,    0,    0,    0,    0, 
SH, 92, 2014042406, 03, WBAR,  54, 138S, 1392E,   0,    0,   ,   0,    ,    0,    0,    0,    0, 
SH, 92, 2014042406, 03, WBAR,  60, 138S, 1379E,   0,    0,   ,   0,    ,    0,    0,    0,    0, 
SH, 92, 2014042406, 03, WBAR,  66, 133S, 1366E,   0,    0,   ,   0,    ,    0,    0,    0,    0, 
SH, 92, 2014042406, 03, WBAR,  72, 127S, 1354E,   0,    0,   ,   0,    ,    0,    0,    0,    0, 
SH, 92, 2014042406, 03, WBS1,  12, 143S, 1401E,  17,    0,   ,   0,    ,    0,    0,    0,    0, 
SH, 92, 2014042406, 03, WBS1,  24, 143S, 1414E,  21,    0,   ,   0,    ,    0,    0,    0,    0, 
SH, 92, 2014042406, 03, WBS1,  36, 144S, 1419E,  23,    0,   ,   0,    ,    0,    0,    0,    0, 
SH, 92, 2014042406, 03, WBS1,  48, 140S, 1411E,  29,    0,   ,   0,    ,    0,    0,    0,    0, 
SH, 92, 2014042406, 03, WBS1,  60, 131S, 1394E,  34,    0,   ,   0,    ,    0,    0,    0,    0, 
SH, 92, 2014042406, 03, WBS1,  72, 122S, 1376E,  39,    0,   ,   0,    ,    0,    0,    0,    0, 
SH, 92, 2014042406, 03, WBS5,  12, 143S, 1401E,  18,    0,   ,   0,    ,    0,    0,    0,    0, 
SH, 92, 2014042406, 03, WBS5,  24, 143S, 1414E,  21,    0,   ,   0,    ,    0,    0,    0,    0, 
SH, 92, 2014042406, 03, WBS5,  36, 144S, 1419E,  22,    0,   ,   0,    ,    0,    0,    0,    0, 
SH, 92, 2014042406, 03, WBS5,  48, 140S, 1411E,  26,    0,   ,   0,    ,    0,    0,    0,    0, 
SH, 92, 2014042406, 03, WBS5,  60, 131S, 1394E,  27,    0,   ,   0,    ,    0,    0,    0,    0, 
SH, 92, 2014042406, 03, WBS5,  72, 122S, 1376E,  28,    0,   ,   0,    ,    0,    0,    0,    0, 
SH, 92, 2014042406, 03, XTRP,  12, 144S, 1391E,  15,    0,   ,   0,    ,    0,    0,    0,    0, 
SH, 92, 2014042406, 03, XTRP,  24, 144S, 1393E,  15,    0,   ,   0,    ,    0,    0,    0,    0, 
SH, 92, 2014042406, 03, XTRP,  36, 144S, 1395E,  15,    0,   ,   0,    ,    0,    0,    0,    0, 
SH, 92, 2014042406, 03, XTRP,  48, 144S, 1397E,  15,    0,   ,   0,    ,    0,    0,    0,    0, 
SH, 92, 2014042406, 03, XTRP,  60, 144S, 1399E,  15,    0,   ,   0,    ,    0,    0,    0,    0, 
SH, 92, 2014042406, 03, XTRP,  72, 144S, 1401E,  15,    0,   ,   0,    ,    0,    0,    0,    0, 
SH, 92, 2014042406, 03, XTRP,  84, 144S, 1403E,  15,    0,   ,   0,    ,    0,    0,    0,    0, 
SH, 92, 2014042406, 03, XTRP,  96, 144S, 1405E,  15,    0,   ,   0,    ,    0,    0,    0,    0, 
SH, 92, 2014042406, 03, XTRP, 108, 144S, 1407E,  15,    0,   ,   0,    ,    0,    0,    0,    0, 
SH, 92, 2014042406, 03, XTRP, 120, 144S, 1409E,  15,    0,   ,   0,    ,    0,    0,    0,    0, 
SH, 92, 2014042406, 72, JAVN,   0, 159S, 1371E,  15,    0,   ,  34, NEQ,    0,    0,    0,    0, 
SH, 92, 2014042406, 72, JAVN,  12, 167S, 1362E,  15,    0,   ,  34, NEQ,    0,    0,    0,    0, 
SH, 92, 2014042412, 01, CARQ, -18, 146S, 1387E,  15,    0,   ,   0,    ,    0,    0,    0,    0, 
SH, 92, 2014042412, 01, CARQ, -12, 146S, 1388E,  15,    0,   ,   0,    ,    0,    0,    0,    0, 
SH, 92, 2014042412, 01, CARQ,  -6, 146S, 1389E,  15,    0,   ,   0,    ,    0,    0,    0,    0, 
SH, 92, 2014042412, 01, CARQ,   0, 146S, 1390E,  15,    0,   ,   0,    ,    0,    0,    0,    0, 
SH, 92, 2014042412, 03, C12N,   0, 146S, 1390E,   0,    0,   ,   0,    ,    0,    0,    0,    0, 
SH, 92, 2014042412, 03, CLAU,  12, 148S, 1391E,   0,    0,   ,   0,    ,    0,    0,    0,    0, 
SH, 92, 2014042412, 03, CLAU,  24, 150S, 1390E,   0,    0,   ,   0,    ,    0,    0,    0,    0, 
SH, 92, 2014042412, 03, CLAU,  36, 154S, 1387E,   0,    0,   ,   0,    ,    0,    0,    0,    0, 
SH, 92, 2014042412, 03, CLAU,  48, 157S, 1384E,   0,    0,   ,   0,    ,    0,    0,    0,    0, 
SH, 92, 2014042412, 03, CLAU,  72, 167S, 1376E,   0,    0,   ,   0,    ,    0,    0,    0,    0, 
SH, 92, 2014042412, 03, CLIM,  12, 143S, 1379E,   0,    0,   ,   0,    ,    0,    0,    0,    0, 
SH, 92, 2014042412, 03, CLIM,  24, 144S, 1377E,   0,    0,   ,   0,    ,    0,    0,    0,    0, 
SH, 92, 2014042412, 03, CLIM,  36, 141S, 1375E,   0,    0,   ,   0,    ,    0,    0,    0,    0, 
SH, 92, 2014042412, 03, CLIM,  48, 142S, 1397E,   0,    0,   ,   0,    ,    0,    0,    0,    0, 
SH, 92, 2014042412, 03, CLIM,  72, 149S, 1429E,   0,    0,   ,   0,    ,    0,    0,    0,    0, 
SH, 92, 2014042412, 03, CLIP,  12, 148S, 1390E,   0,    0,   ,   0,    ,    0,    0,    0,    0, 
SH, 92, 2014042412, 03, CLIP,  24, 150S, 1411E,   0,    0,   ,   0,    ,    0,    0,    0,    0, 
SH, 92, 2014042412, 03, CLIP,  36, 153S, 1418E,   0,    0,   ,   0,    ,    0,    0,    0,    0, 
SH, 92, 2014042412, 03, CLIP,  48, 158S, 1447E,   0,    0,   ,   0,    ,    0,    0,    0,    0, 
SH, 92, 2014042412, 03, CLIP,  72, 165S, 1522E,   0,    0,   ,   0,    ,    0,    0,    0,    0, 
SH, 92, 2014042412, 03, COXX,   0, 146S, 1390E,   0,    0,   ,   0,    ,    0,    0,    0,    0, 
SH, 92, 2014042412, 03, HPAC,  12, 145S, 1385E,   0,    0,   ,   0,    ,    0,    0,    0,    0, 
SH, 92, 2014042412, 03, HPAC,  24, 145S, 1385E,   0,    0,   ,   0,    ,    0,    0,    0,    0, 
SH, 92, 2014042412, 03, HPAC,  36, 143S, 1386E,   0,    0,   ,   0,    ,    0,    0,    0,    0, 
SH, 92, 2014042412, 03, HPAC,  48, 144S, 1397E,   0,    0,   ,   0,    ,    0,    0,    0,    0, 
SH, 92, 2014042412, 03, HPAC,  72, 148S, 1415E,   0,    0,   ,   0,    ,    0,    0,    0,    0, 
SH, 92, 2014042412, 03, JAVI,   0, 145S, 1390E,  15,    0,   ,  34, NEQ,    0,    0,    0,    0, 
SH, 92, 2014042412, 03, ST5D,  12,   0N,    0E,  17,    0,   ,   0,    ,    0,    0,    0,    0, 
SH, 92, 2014042412, 03, ST5D,  24,   0N,    0E,  20,    0,   ,   0,    ,    0,    0,    0,    0, 
SH, 92, 2014042412, 03, ST5D,  36,   0N,    0E,  23,    0,   ,   0,    ,    0,    0,    0,    0, 
SH, 92, 2014042412, 03, ST5D,  48,   0N,    0E,  26,    0,   ,   0,    ,    0,    0,    0,    0, 
SH, 92, 2014042412, 03, ST5D,  60,   0N,    0E,  31,    0,   ,   0,    ,    0,    0,    0,    0, 
SH, 92, 2014042412, 03, ST5D,  72,   0N,    0E,  36,    0,   ,   0,    ,    0,    0,    0,    0, 
SH, 92, 2014042412, 03, ST5D,  84,   0N,    0E,  39,    0,   ,   0,    ,    0,    0,    0,    0, 
SH, 92, 2014042412, 03, ST5D,  96,   0N,    0E,  42,    0,   ,   0,    ,    0,    0,    0,    0, 
SH, 92, 2014042412, 03, ST5D, 108,   0N,    0E,  47,    0,   ,   0,    ,    0,    0,    0,    0, 
SH, 92, 2014042412, 03, ST5D, 120,   0N,    0E,  47,    0,   ,   0,    ,    0,    0,    0,    0, 
SH, 92, 2014042412, 03, STRT,  12, 143S, 1384E,   0,    0,   ,   0,    ,    0,    0,    0,    0, 
SH, 92, 2014042412, 03, STRT,  24, 139S, 1375E,   0,    0,   ,   0,    ,    0,    0,    0,    0, 
SH, 92, 2014042412, 03, STRT,  36, 135S, 1366E,   0,    0,   ,   0,    ,    0,    0,    0,    0, 
SH, 92, 2014042412, 03, STRT,  48, 129S, 1353E,   0,    0,   ,   0,    ,    0,    0,    0,    0, 
SH, 92, 2014042412, 03, STRT,  72, 117S, 1327E,   0,    0,   ,   0,    ,    0,    0,    0,    0, 
SH, 92, 2014042412, 03, TMMI,   0, 145S, 1390E,  15,    0,   ,  34, NEQ,    0,    0,    0,    0, 
SH, 92, 2014042412, 03, TMMI,  12, 143S, 1381E,  17,    0,   ,  34, NEQ,    0,    0,    0,    0, 
SH, 92, 2014042412, 03, TMMI,  24, 136S, 1377E,  19,    0,   ,  34, NEQ,    0,    0,    0,    0, 
SH, 92, 2014042412, 03, TMMI,  36, 128S, 1373E,  20,    0,   ,  34, NEQ,    0,    0,    0,    0, 
SH, 92, 2014042412, 03, TMMI,  48, 122S, 1364E,  17,    0,   ,  34, NEQ,    0,    0,    0,    0, 
SH, 92, 2014042412, 03, TMMI,  60, 117S, 1352E,  16,    0,   ,  34, NEQ,    0,    0,    0,    0, 
SH, 92, 2014042412, 03, TMMI,  72, 113S, 1341E,  16,    0,   ,  34, NEQ,    0,    0,    0,    0, 
SH, 92, 2014042412, 03, TMMI,  84, 111S, 1326E,  17,    0,   ,  34, NEQ,    0,    0,    0,    0, 
SH, 92, 2014042412, 03, TMMI,  96, 110S, 1310E,  16,    0,   ,  34, NEQ,    0,    0,    0,    0, 
SH, 92, 2014042412, 03, TMMI, 108, 106S, 1294E,  16,    0,   ,  34, NEQ,    0,    0,    0,    0, 
SH, 92, 2014042412, 03, TMMI, 120, 102S, 1281E,  16,    0,   ,  34, NEQ,    0,    0,    0,    0, 
SH, 92, 2014042412, 03, TMMI, 132, 100S, 1271E,  18,    0,   ,  34, NEQ,    0,    0,    0,    0, 
SH, 92, 2014042412, 03, TMMI, 144,  97S, 1260E,  20,    0,   ,  34, NEQ,    0,    0,    0,    0, 
SH, 92, 2014042412, 03, WBAI,   0, 145S, 1390E,   0,    0,   ,  34, NEQ,    0,    0,    0,    0, 
SH, 92, 2014042412, 03, WBAI,  12, 139S, 1393E,   0,    0,   ,  34, NEQ,    0,    0,    0,    0, 
SH, 92, 2014042412, 03, WBAI,  24, 136S, 1403E,   0,    0,   ,  34, NEQ,    0,    0,    0,    0, 
SH, 92, 2014042412, 03, WBAI,  36, 138S, 1405E,   0,    0,   ,  34, NEQ,    0,    0,    0,    0, 
SH, 92, 2014042412, 03, WBAI,  48, 141S, 1395E,   0,    0,   ,  34, NEQ,    0,    0,    0,    0, 
SH, 92, 2014042412, 03, WBAI,  60, 136S, 1372E,   0,    0,   ,  34, NEQ,    0,    0,    0,    0, 
SH, 92, 2014042412, 03, WBAI,  72, 132S, 1350E,   0,    0,   ,  34, NEQ,    0,    0,    0,    0, 
SH, 92, 2014042412, 03, WBS1,  12, 139S, 1393E,  17,    0,   ,   0,    ,    0,    0,    0,    0, 
SH, 92, 2014042412, 03, WBS1,  24, 136S, 1403E,  21,    0,   ,   0,    ,    0,    0,    0,    0, 
SH, 92, 2014042412, 03, WBS1,  36, 138S, 1405E,  24,    0,   ,   0,    ,    0,    0,    0,    0, 
SH, 92, 2014042412, 03, WBS1,  48, 141S, 1395E,  29,    0,   ,   0,    ,    0,    0,    0,    0, 
SH, 92, 2014042412, 03, WBS1,  60, 136S, 1372E,  35,    0,   ,   0,    ,    0,    0,    0,    0, 
SH, 92, 2014042412, 03, WBS1,  72, 132S, 1350E,  31,    0,   ,   0,    ,    0,    0,    0,    0, 
SH, 92, 2014042412, 03, WBS5,  12, 139S, 1393E,  18,    0,   ,   0,    ,    0,    0,    0,    0, 
SH, 92, 2014042412, 03, WBS5,  24, 136S, 1403E,  22,    0,   ,   0,    ,    0,    0,    0,    0, 
SH, 92, 2014042412, 03, WBS5,  36, 138S, 1405E,  24,    0,   ,   0,    ,    0,    0,    0,    0, 
SH, 92, 2014042412, 03, WBS5,  48, 141S, 1395E,  26,    0,   ,   0,    ,    0,    0,    0,    0, 
SH, 92, 2014042412, 03, WBS5,  60, 136S, 1372E,  27,    0,   ,   0,    ,    0,    0,    0,    0, 
SH, 92, 2014042412, 03, WBS5,  72, 132S, 1350E,  25,    0,   ,   0,    ,    0,    0,    0,    0, 
SH, 92, 2014042412, 03, XTRP,  12, 144S, 1392E,  15,    0,   ,   0,    ,    0,    0,    0,    0, 
SH, 92, 2014042412, 03, XTRP,  24, 144S, 1394E,  15,    0,   ,   0,    ,    0,    0,    0,    0, 
SH, 92, 2014042412, 03, XTRP,  36, 144S, 1396E,  15,    0,   ,   0,    ,    0,    0,    0,    0, 
SH, 92, 2014042412, 03, XTRP,  48, 144S, 1398E,  15,    0,   ,   0,    ,    0,    0,    0,    0, 
SH, 92, 2014042412, 03, XTRP,  60, 144S, 1400E,  15,    0,   ,   0,    ,    0,    0,    0,    0, 
SH, 92, 2014042412, 03, XTRP,  72, 144S, 1402E,  15,    0,   ,   0,    ,    0,    0,    0,    0, 
SH, 92, 2014042412, 03, XTRP,  84, 144S, 1404E,  15,    0,   ,   0,    ,    0,    0,    0,    0, 
SH, 92, 2014042412, 03, XTRP,  96, 144S, 1406E,  15,    0,   ,   0,    ,    0,    0,    0,    0, 
SH, 92, 2014042412, 03, XTRP, 108, 144S, 1408E,  15,    0,   ,   0,    ,    0,    0,    0,    0, 
SH, 92, 2014042412, 03, XTRP, 120, 144S, 1410E,  15,    0,   ,   0,    ,    0,    0,    0,    0, 
