WP, 95, 2018122000, 01, CARQ, -18,  60N, 1251E,  15,    0,   ,   0,    ,    0,    0,    0,    0, 
WP, 95, 2018122000, 01, CARQ, -12,  62N, 1248E,  15,    0,   ,   0,    ,    0,    0,    0,    0, 
WP, 95, 2018122000, 01, CARQ,  -6,  63N, 1246E,  15,    0,   ,   0,    ,    0,    0,    0,    0, 
WP, 95, 2018122000, 01, CARQ,   0,  64N, 1243E,  15,    0,   ,   0,    ,    0,    0,    0,    0, 
WP, 95, 2018122000, 03, C120,  12,  65N, 1238E,   0,    0,   ,   0,    ,    0,    0,    0,    0, 
WP, 95, 2018122000, 03, C120,  24,  66N, 1230E,   0,    0,   ,   0,    ,    0,    0,    0,    0, 
WP, 95, 2018122000, 03, C120,  36,  68N, 1223E,   0,    0,   ,   0,    ,    0,    0,    0,    0, 
WP, 95, 2018122000, 03, C120,  48,  69N, 1215E,   0,    0,   ,   0,    ,    0,    0,    0,    0, 
WP, 95, 2018122000, 03, C120,  60,  70N, 1207E,   0,    0,   ,   0,    ,    0,    0,    0,    0, 
WP, 95, 2018122000, 03, C120,  72,  71N, 1194E,   0,    0,   ,   0,    ,    0,    0,    0,    0, 
WP, 95, 2018122000, 03, C120,  84,  72N, 1182E,   0,    0,   ,   0,    ,    0,    0,    0,    0, 
WP, 95, 2018122000, 03, C120,  96,  72N, 1170E,   0,    0,   ,   0,    ,    0,    0,    0,    0, 
WP, 95, 2018122000, 03, C120, 108,  72N, 1159E,   0,    0,   ,   0,    ,    0,    0,    0,    0, 
WP, 95, 2018122000, 03, C120, 120,  72N, 1152E,   0,    0,   ,   0,    ,    0,    0,    0,    0, 
WP, 95, 2018122000, 03, CLIM,  12,  71N, 1214E,   8,    0,   ,   0,    ,    0,    0,    0,    0, 
WP, 95, 2018122000, 03, CLIM,  24,  77N, 1192E,   9,    0,   ,   0,    ,    0,    0,    0,    0, 
WP, 95, 2018122000, 03, CLIM,  36,  87N, 1170E,   6,    0,   ,   0,    ,    0,    0,    0,    0, 
WP, 95, 2018122000, 03, CLIM,  48,  92N, 1155E,   5,    0,   ,   0,    ,    0,    0,    0,    0, 
WP, 95, 2018122000, 03, CLIM,  72, 100N, 1137E,  30,    0,   ,   0,    ,    0,    0,    0,    0, 
WP, 95, 2018122000, 03, CLIP,  12,  67N, 1238E,  19,    0,   ,   0,    ,    0,    0,    0,    0, 
WP, 95, 2018122000, 03, CLIP,  24,  72N, 1230E,  27,    0,   ,   0,    ,    0,    0,    0,    0, 
WP, 95, 2018122000, 03, CLIP,  36,  77N, 1221E,  35,    0,   ,   0,    ,    0,    0,    0,    0, 
WP, 95, 2018122000, 03, CLIP,  48,  83N, 1213E,  43,    0,   ,   0,    ,    0,    0,    0,    0, 
WP, 95, 2018122000, 03, CLIP,  72,  99N, 1195E,  55,    0,   ,   0,    ,    0,    0,    0,    0, 
WP, 95, 2018122000, 03, FBAM,  12,  68N, 1230E,   0,    0,   ,   0,    ,    0,    0,    0,    0, 
WP, 95, 2018122000, 03, FBAM,  24,  75N, 1205E,   0,    0,   ,   0,    ,    0,    0,    0,    0, 
WP, 95, 2018122000, 03, FBAM,  36,  82N, 1182E,   0,    0,   ,   0,    ,    0,    0,    0,    0, 
WP, 95, 2018122000, 03, FBAM,  48,  90N, 1158E,   0,    0,   ,   0,    ,    0,    0,    0,    0, 
WP, 95, 2018122000, 03, FBAM,  72, 103N, 1114E,   0,    0,   ,   0,    ,    0,    0,    0,    0, 
WP, 95, 2018122000, 03, HPAC,  12,  68N, 1226E,   0,    0,   ,   0,    ,    0,    0,    0,    0, 
WP, 95, 2018122000, 03, HPAC,  24,  73N, 1212E,   0,    0,   ,   0,    ,    0,    0,    0,    0, 
WP, 95, 2018122000, 03, HPAC,  36,  79N, 1199E,   0,    0,   ,   0,    ,    0,    0,    0,    0, 
WP, 95, 2018122000, 03, HPAC,  48,  82N, 1189E,   0,    0,   ,   0,    ,    0,    0,    0,    0, 
WP, 95, 2018122000, 03, HPAC,  72,  88N, 1175E,   0,    0,   ,   0,    ,    0,    0,    0,    0, 
WP, 95, 2018122000, 03, MBAM,  12,  67N, 1234E,   0,    0,   ,   0,    ,    0,    0,    0,    0, 
WP, 95, 2018122000, 03, MBAM,  24,  73N, 1221E,   0,    0,   ,   0,    ,    0,    0,    0,    0, 
WP, 95, 2018122000, 03, MBAM,  36,  79N, 1209E,   0,    0,   ,   0,    ,    0,    0,    0,    0, 
WP, 95, 2018122000, 03, MBAM,  48,  87N, 1199E,   0,    0,   ,   0,    ,    0,    0,    0,    0, 
WP, 95, 2018122000, 03, MBAM,  72, 105N, 1184E,   0,    0,   ,   0,    ,    0,    0,    0,    0, 
WP, 95, 2018122000, 03, RECR,  12,  71N, 1225E,  20,    0,   ,   0,    ,    0,    0,    0,    0, 
WP, 95, 2018122000, 03, RECR,  24,  77N, 1200E,  30,    0,   ,   0,    ,    0,    0,    0,    0, 
WP, 95, 2018122000, 03, RECR,  36,  89N, 1185E,  55,    0,   ,   0,    ,    0,    0,    0,    0, 
WP, 95, 2018122000, 03, RECR,  48, 101N, 1174E,  60,    0,   ,   0,    ,    0,    0,    0,    0, 
WP, 95, 2018122000, 03, RECR,  72, 130N, 1165E,  65,    0,   ,   0,    ,    0,    0,    0,    0, 
WP, 95, 2018122000, 03, SBAM,  12,  67N, 1235E,   0,    0,   ,   0,    ,    0,    0,    0,    0, 
WP, 95, 2018122000, 03, SBAM,  24,  71N, 1226E,   0,    0,   ,   0,    ,    0,    0,    0,    0, 
WP, 95, 2018122000, 03, SBAM,  36,  77N, 1219E,   0,    0,   ,   0,    ,    0,    0,    0,    0, 
WP, 95, 2018122000, 03, SBAM,  48,  86N, 1214E,   0,    0,   ,   0,    ,    0,    0,    0,    0, 
WP, 95, 2018122000, 03, SBAM,  72, 108N, 1210E,   0,    0,   ,   0,    ,    0,    0,    0,    0, 
WP, 95, 2018122000, 03, ST5D,  12,   0N,    0E,  16,    0,   ,   0,    ,    0,    0,    0,    0, 
WP, 95, 2018122000, 03, ST5D,  24,   0N,    0E,  18,    0,   ,   0,    ,    0,    0,    0,    0, 
WP, 95, 2018122000, 03, ST5D,  36,   0N,    0E,  18,    0,   ,   0,    ,    0,    0,    0,    0, 
WP, 95, 2018122000, 03, ST5D,  48,   0N,    0E,  20,    0,   ,   0,    ,    0,    0,    0,    0, 
WP, 95, 2018122000, 03, ST5D,  60,   0N,    0E,  25,    0,   ,   0,    ,    0,    0,    0,    0, 
WP, 95, 2018122000, 03, ST5D,  72,   0N,    0E,  31,    0,   ,   0,    ,    0,    0,    0,    0, 
WP, 95, 2018122000, 03, ST5D,  84,   0N,    0E,  33,    0,   ,   0,    ,    0,    0,    0,    0, 
WP, 95, 2018122000, 03, ST5D,  96,   0N,    0E,  36,    0,   ,   0,    ,    0,    0,    0,    0, 
WP, 95, 2018122000, 03, ST5D, 108,   0N,    0E,  37,    0,   ,   0,    ,    0,    0,    0,    0, 
WP, 95, 2018122000, 03, ST5D, 120,   0N,    0E,  38,    0,   ,   0,    ,    0,    0,    0,    0, 
WP, 95, 2018122000, 03, STRT,  12,  73N, 1229E,  25,    0,   ,   0,    ,    0,    0,    0,    0, 
WP, 95, 2018122000, 03, STRT,  24,  80N, 1221E,  25,    0,   ,   0,    ,    0,    0,    0,    0, 
WP, 95, 2018122000, 03, STRT,  36,  79N, 1211E,  25,    0,   ,   0,    ,    0,    0,    0,    0, 
WP, 95, 2018122000, 03, STRT,  48,  79N, 1201E,  25,    0,   ,   0,    ,    0,    0,    0,    0, 
WP, 95, 2018122000, 03, STRT,  72,  81N, 1180E,  25,    0,   ,   0,    ,    0,    0,    0,    0, 
WP, 95, 2018122000, 03, TCLP,   0,  64N, 1243E,  15,    0,   ,   0,    ,    0,    0,    0,    0, 
WP, 95, 2018122000, 03, TCLP,  12,  65N, 1237E,  20,    0,   ,   0,    ,    0,    0,    0,    0, 
WP, 95, 2018122000, 03, TCLP,  24,  65N, 1231E,  20,    0,   ,   0,    ,    0,    0,    0,    0, 
WP, 95, 2018122000, 03, TCLP,  36,  63N, 1224E,  19,    0,   ,   0,    ,    0,    0,    0,    0, 
WP, 95, 2018122000, 03, TCLP,  48,  61N, 1217E,  17,    0,   ,   0,    ,    0,    0,    0,    0, 
WP, 95, 2018122000, 03, TCLP,  60,  58N, 1210E,  16,    0,   ,   0,    ,    0,    0,    0,    0, 
WP, 95, 2018122000, 03, WBAR,   0,  64N, 1243E,   0,    0,   ,   0,    ,    0,    0,    0,    0, 
WP, 95, 2018122000, 03, WBAR,   6,  60N, 1257E,   0,    0,   ,   0,    ,    0,    0,    0,    0, 
WP, 95, 2018122000, 03, WBAR,  12,  71N, 1251E,   0,    0,   ,   0,    ,    0,    0,    0,    0, 
WP, 95, 2018122000, 03, WBAR,  18,  78N, 1241E,   0,    0,   ,   0,    ,    0,    0,    0,    0, 
WP, 95, 2018122000, 03, WBAR,  24,  84N, 1229E,   0,    0,   ,   0,    ,    0,    0,    0,    0, 
WP, 95, 2018122000, 03, WBAR,  30,  90N, 1216E,   0,    0,   ,   0,    ,    0,    0,    0,    0, 
WP, 95, 2018122000, 03, WBAR,  36,  95N, 1198E,   0,    0,   ,   0,    ,    0,    0,    0,    0, 
WP, 95, 2018122000, 03, XTRP,  12,  66N, 1238E,  15,    0,   ,   0,    ,    0,    0,    0,    0, 
WP, 95, 2018122000, 03, XTRP,  24,  68N, 1233E,  15,    0,   ,   0,    ,    0,    0,    0,    0, 
WP, 95, 2018122000, 03, XTRP,  36,  70N, 1228E,  15,    0,   ,   0,    ,    0,    0,    0,    0, 
WP, 95, 2018122000, 03, XTRP,  48,  72N, 1223E,  15,    0,   ,   0,    ,    0,    0,    0,    0, 
WP, 95, 2018122000, 03, XTRP,  60,  74N, 1218E,  15,    0,   ,   0,    ,    0,    0,    0,    0, 
WP, 95, 2018122000, 03, XTRP,  72,  76N, 1213E,  15,    0,   ,   0,    ,    0,    0,    0,    0, 
WP, 95, 2018122000, 03, XTRP,  84,  78N, 1208E,  15,    0,   ,   0,    ,    0,    0,    0,    0, 
WP, 95, 2018122000, 03, XTRP,  96,  80N, 1203E,  15,    0,   ,   0,    ,    0,    0,    0,    0, 
WP, 95, 2018122000, 03, XTRP, 108,  82N, 1198E,  15,    0,   ,   0,    ,    0,    0,    0,    0, 
WP, 95, 2018122000, 03, XTRP, 120,  84N, 1193E,  15,    0,   ,   0,    ,    0,    0,    0,    0, 
WP, 95, 2018122000, 71, JNVG,   0,  98N, 1265E,  15,    0,   ,  34, NEQ,    0,    0,    0,    0, 
WP, 95, 2018122000, 71, JNVG,  12, 105N, 1246E,  15,    0,   ,  34, NEQ,    0,    0,    0,    0, 
WP, 95, 2018122000, 71, JNVG,  24,  84N, 1225E,  15,    0,   ,  34, NEQ,    0,    0,    0,    0, 
WP, 95, 2018122000, 71, JNVG,  36,  95N, 1210E,  15,    0,   ,  34, NEQ,    0,    0,    0,    0, 
WP, 95, 2018122000, 71, JNVG,  48, 105N, 1165E,  15,    0,   ,  34, NEQ,    0,    0,    0,    0, 
WP, 95, 2018122000, 71, JNVG,  60, 114N, 1153E,  15,    0,   ,  34, NEQ,    0,    0,    0,    0, 
WP, 95, 2018122000, 71, JNVG,  72, 114N, 1135E,  20,    0,   ,  34, NEQ,    0,    0,    0,    0, 
WP, 95, 2018122000, 71, JNVG,  84, 112N, 1125E,  25,    0,   ,  34, NEQ,    0,    0,    0,    0, 
WP, 95, 2018122000, 71, JNVG,  96, 113N, 1124E,  25,    0,   ,  34, NEQ,    0,    0,    0,    0, 
WP, 95, 2018122000, 71, JNVG, 108, 115N, 1122E,  20,    0,   ,  34, NEQ,    0,    0,    0,    0, 
WP, 95, 2018122000, 71, JNVG, 120, 116N, 1124E,  15,    0,   ,  34, NEQ,    0,    0,    0,    0, 
WP, 95, 2018122000, 72, JAVN,   0,  65N, 1238E,  15,    0,   ,  34, NEQ,    0,    0,    0,    0, 
WP, 95, 2018122000, 72, JAVN,  12,  75N, 1236E,  10,    0,   ,  34, NEQ,    0,    0,    0,    0, 
WP, 95, 2018122000, 72, JAVN,  24, 105N, 1207E,  15,    0,   ,  34, NEQ,    0,    0,    0,    0, 
WP, 95, 2018122000, 72, JAVN,  36, 107N, 1174E,  15,    0,   ,  34, NEQ,    0,    0,    0,    0, 
WP, 95, 2018122000, 72, JAVN,  48, 115N, 1143E,  20,    0,   ,  34, NEQ,    0,    0,    0,    0, 
WP, 95, 2018122000, 72, JAVN,  60, 106N, 1116E,  25,    0,   ,  34, NEQ,    0,    0,    0,    0, 
WP, 95, 2018122000, 72, JAVN,  72, 106N, 1106E,  30,    0,   ,  34, NEQ,    0,    0,    0,    0, 
WP, 95, 2018122000, 72, JAVN,  84, 106N, 1083E,  20,    0,   ,  34, NEQ,    0,    0,    0,    0, 
WP, 95, 2018122000, 72, JAVN,  96,  95N, 1072E,  15,    0,   ,  34, NEQ,    0,    0,    0,    0, 
WP, 95, 2018122000, 72, JAVN, 108,  95N, 1066E,  20,    0,   ,  34, NEQ,    0,    0,    0,    0, 
WP, 95, 2018122000, 72, JAVN, 120,  85N, 1052E,   5,    0,   ,  34, NEQ,    0,    0,    0,    0, 
WP, 95, 2018122000, 73, JUKM,   0, 100N, 1267E,  15,    0,   ,  34, NEQ,    0,    0,    0,    0, 
WP, 95, 2018122000, 73, JUKM,  12,  99N, 1247E,  15,    0,   ,  34, NEQ,    0,    0,    0,    0, 
WP, 95, 2018122000, 73, JUKM,  24,  92N, 1239E,  15,    0,   ,  34, NEQ,    0,    0,    0,    0, 
WP, 95, 2018122000, 73, JUKM,  36,  89N, 1230E,  15,    0,   ,  34, NEQ,    0,    0,    0,    0, 
WP, 95, 2018122000, 73, JUKM,  48,  88N, 1212E,  15,    0,   ,  34, NEQ,    0,    0,    0,    0, 
WP, 95, 2018122000, 73, JUKM,  60,  82N, 1213E,  15,    0,   ,  34, NEQ,    0,    0,    0,    0, 
WP, 95, 2018122000, 73, JUKM,  72,  77N, 1209E,  15,    0,   ,  34, NEQ,    0,    0,    0,    0, 
WP, 95, 2018122000, 73, JUKM,  84,  72N, 1216E,  15,    0,   ,  34, NEQ,    0,    0,    0,    0, 
WP, 95, 2018122000, 73, JUKM,  96,  78N, 1210E,  10,    0,   ,  34, NEQ,    0,    0,    0,    0, 
WP, 95, 2018122000, 73, JUKM, 108,  79N, 1211E,  15,    0,   ,  34, NEQ,    0,    0,    0,    0, 
WP, 95, 2018122006, 01, CARQ, -24,  60N, 1251E,  15,    0,   ,   0,    ,    0,    0,    0,    0, 
WP, 95, 2018122006, 01, CARQ, -18,  62N, 1248E,  15,    0,   ,   0,    ,    0,    0,    0,    0, 
WP, 95, 2018122006, 01, CARQ, -12,  63N, 1246E,  15,    0,   ,   0,    ,    0,    0,    0,    0, 
WP, 95, 2018122006, 01, CARQ,  -6,  64N, 1241E,  15,    0,   ,   0,    ,    0,    0,    0,    0, 
WP, 95, 2018122006, 01, CARQ,   0,  64N, 1232E,  15,    0,   ,   0,    ,    0,    0,    0,    0, 
WP, 95, 2018122006, 03, C120,  12,  65N, 1219E,   0,    0,   ,   0,    ,    0,    0,    0,    0, 
WP, 95, 2018122006, 03, C120,  24,  66N, 1205E,   0,    0,   ,   0,    ,    0,    0,    0,    0, 
WP, 95, 2018122006, 03, C120,  36,  67N, 1193E,   0,    0,   ,   0,    ,    0,    0,    0,    0, 
WP, 95, 2018122006, 03, C120,  48,  67N, 1181E,   0,    0,   ,   0,    ,    0,    0,    0,    0, 
WP, 95, 2018122006, 03, C120,  60,  68N, 1169E,   0,    0,   ,   0,    ,    0,    0,    0,    0, 
WP, 95, 2018122006, 03, C120,  72,  68N, 1153E,   0,    0,   ,   0,    ,    0,    0,    0,    0, 
WP, 95, 2018122006, 03, C120,  84,  68N, 1139E,   0,    0,   ,   0,    ,    0,    0,    0,    0, 
WP, 95, 2018122006, 03, C120,  96,  68N, 1126E,   0,    0,   ,   0,    ,    0,    0,    0,    0, 
WP, 95, 2018122006, 03, C120, 108,  68N, 1115E,   0,    0,   ,   0,    ,    0,    0,    0,    0, 
WP, 95, 2018122006, 03, C120, 120,  68N, 1108E,   0,    0,   ,   0,    ,    0,    0,    0,    0, 
WP, 95, 2018122006, 03, CLIM,  12,  71N, 1206E,   6,    0,   ,   0,    ,    0,    0,    0,    0, 
WP, 95, 2018122006, 03, CLIM,  24,  77N, 1182E,   8,    0,   ,   0,    ,    0,    0,    0,    0, 
WP, 95, 2018122006, 03, CLIM,  36,  84N, 1163E,  10,    0,   ,   0,    ,    0,    0,    0,    0, 
WP, 95, 2018122006, 03, CLIM,  48,  89N, 1146E,  20,    0,   ,   0,    ,    0,    0,    0,    0, 
WP, 95, 2018122006, 03, CLIM,  72, 103N, 1133E,  26,    0,   ,   0,    ,    0,    0,    0,    0, 
WP, 95, 2018122006, 03, CLIP,  12,  66N, 1219E,  19,    0,   ,   0,    ,    0,    0,    0,    0, 
WP, 95, 2018122006, 03, CLIP,  24,  69N, 1203E,  28,    0,   ,   0,    ,    0,    0,    0,    0, 
WP, 95, 2018122006, 03, CLIP,  36,  73N, 1186E,  37,    0,   ,   0,    ,    0,    0,    0,    0, 
WP, 95, 2018122006, 03, CLIP,  48,  81N, 1171E,  45,    0,   ,   0,    ,    0,    0,    0,    0, 
WP, 95, 2018122006, 03, CLIP,  72,  98N, 1157E,  59,    0,   ,   0,    ,    0,    0,    0,    0, 
WP, 95, 2018122006, 03, FBAM,  12,  67N, 1215E,   0,    0,   ,   0,    ,    0,    0,    0,    0, 
WP, 95, 2018122006, 03, FBAM,  24,  74N, 1193E,   0,    0,   ,   0,    ,    0,    0,    0,    0, 
WP, 95, 2018122006, 03, FBAM,  36,  83N, 1172E,   0,    0,   ,   0,    ,    0,    0,    0,    0, 
WP, 95, 2018122006, 03, FBAM,  48,  93N, 1150E,   0,    0,   ,   0,    ,    0,    0,    0,    0, 
WP, 95, 2018122006, 03, FBAM,  72, 106N, 1111E,   0,    0,   ,   0,    ,    0,    0,    0,    0, 
WP, 95, 2018122006, 03, HPAC,  12,  68N, 1212E,   0,    0,   ,   0,    ,    0,    0,    0,    0, 
WP, 95, 2018122006, 03, HPAC,  24,  71N, 1193E,   0,    0,   ,   0,    ,    0,    0,    0,    0, 
WP, 95, 2018122006, 03, HPAC,  36,  76N, 1176E,   0,    0,   ,   0,    ,    0,    0,    0,    0, 
WP, 95, 2018122006, 03, HPAC,  48,  79N, 1161E,   0,    0,   ,   0,    ,    0,    0,    0,    0, 
WP, 95, 2018122006, 03, HPAC,  72,  86N, 1140E,   0,    0,   ,   0,    ,    0,    0,    0,    0, 
WP, 95, 2018122006, 03, JAVI,   0,  64N, 1232E,  15,    0,   ,  34, NEQ,    0,    0,    0,    0, 
WP, 95, 2018122006, 03, JAVI,  12,  82N, 1216E,  14,    0,   ,  34, NEQ,    0,    0,    0,    0, 
WP, 95, 2018122006, 03, JAVI,  24,  98N, 1187E,  16,    0,   ,  34, NEQ,    0,    0,    0,    0, 
WP, 95, 2018122006, 03, JAVI,  36, 103N, 1155E,  19,    0,   ,  34, NEQ,    0,    0,    0,    0, 
WP, 95, 2018122006, 03, JAVI,  48, 103N, 1127E,  24,    0,   ,  34, NEQ,    0,    0,    0,    0, 
WP, 95, 2018122006, 03, JAVI,  60,  99N, 1108E,  28,    0,   ,  34, NEQ,    0,    0,    0,    0, 
WP, 95, 2018122006, 03, JAVI,  72,  98N, 1091E,  26,    0,   ,  34, NEQ,    0,    0,    0,    0, 
WP, 95, 2018122006, 03, JAVI,  84,  93N, 1075E,  20,    0,   ,  34, NEQ,    0,    0,    0,    0, 
WP, 95, 2018122006, 03, JAVI,  96,  88N, 1065E,  18,    0,   ,  34, NEQ,    0,    0,    0,    0, 
WP, 95, 2018122006, 03, JAVI, 108,  82N, 1055E,  13,    0,   ,  34, NEQ,    0,    0,    0,    0, 
WP, 95, 2018122006, 03, JAVI, 120,  77N, 1045E,   7,    0,   ,  34, NEQ,    0,    0,    0,    0, 
WP, 95, 2018122006, 03, MBAM,  12,  66N, 1219E,   0,    0,   ,   0,    ,    0,    0,    0,    0, 
WP, 95, 2018122006, 03, MBAM,  24,  69N, 1210E,   0,    0,   ,   0,    ,    0,    0,    0,    0, 
WP, 95, 2018122006, 03, MBAM,  36,  75N, 1202E,   0,    0,   ,   0,    ,    0,    0,    0,    0, 
WP, 95, 2018122006, 03, MBAM,  48,  83N, 1194E,   0,    0,   ,   0,    ,    0,    0,    0,    0, 
WP, 95, 2018122006, 03, MBAM,  72,  99N, 1184E,   0,    0,   ,   0,    ,    0,    0,    0,    0, 
WP, 95, 2018122006, 03, RECR,  12,  69N, 1204E,  25,    0,   ,   0,    ,    0,    0,    0,    0, 
WP, 95, 2018122006, 03, RECR,  24,  67N, 1172E,  45,    0,   ,   0,    ,    0,    0,    0,    0, 
WP, 95, 2018122006, 03, RECR,  36,  73N, 1150E,  40,    0,   ,   0,    ,    0,    0,    0,    0, 
WP, 95, 2018122006, 03, RECR,  48,  86N, 1134E,  40,    0,   ,   0,    ,    0,    0,    0,    0, 
WP, 95, 2018122006, 03, RECR,  72, 122N, 1114E,  45,    0,   ,   0,    ,    0,    0,    0,    0, 
WP, 95, 2018122006, 03, SBAM,  12,  65N, 1221E,   0,    0,   ,   0,    ,    0,    0,    0,    0, 
WP, 95, 2018122006, 03, SBAM,  24,  68N, 1215E,   0,    0,   ,   0,    ,    0,    0,    0,    0, 
WP, 95, 2018122006, 03, SBAM,  36,  75N, 1212E,   0,    0,   ,   0,    ,    0,    0,    0,    0, 
WP, 95, 2018122006, 03, SBAM,  48,  83N, 1211E,   0,    0,   ,   0,    ,    0,    0,    0,    0, 
WP, 95, 2018122006, 03, SBAM,  72, 100N, 1210E,   0,    0,   ,   0,    ,    0,    0,    0,    0, 
WP, 95, 2018122006, 03, ST5D,  12,   0N,    0E,  16,    0,   ,   0,    ,    0,    0,    0,    0, 
WP, 95, 2018122006, 03, ST5D,  24,   0N,    0E,  18,    0,   ,   0,    ,    0,    0,    0,    0, 
WP, 95, 2018122006, 03, ST5D,  36,   0N,    0E,  18,    0,   ,   0,    ,    0,    0,    0,    0, 
WP, 95, 2018122006, 03, ST5D,  48,   0N,    0E,  20,    0,   ,   0,    ,    0,    0,    0,    0, 
WP, 95, 2018122006, 03, ST5D,  60,   0N,    0E,  25,    0,   ,   0,    ,    0,    0,    0,    0, 
WP, 95, 2018122006, 03, ST5D,  72,   0N,    0E,  30,    0,   ,   0,    ,    0,    0,    0,    0, 
WP, 95, 2018122006, 03, ST5D,  84,   0N,    0E,  31,    0,   ,   0,    ,    0,    0,    0,    0, 
WP, 95, 2018122006, 03, ST5D,  96,   0N,    0E,  35,    0,   ,   0,    ,    0,    0,    0,    0, 
WP, 95, 2018122006, 03, ST5D, 108,   0N,    0E,  35,    0,   ,   0,    ,    0,    0,    0,    0, 
WP, 95, 2018122006, 03, ST5D, 120,   0N,    0E,  37,    0,   ,   0,    ,    0,    0,    0,    0, 
WP, 95, 2018122006, 03, STRT,  12,  65N, 1221E,  15,    0,   ,   0,    ,    0,    0,    0,    0, 
WP, 95, 2018122006, 03, STRT,  24,  68N, 1207E,  15,    0,   ,   0,    ,    0,    0,    0,    0, 
WP, 95, 2018122006, 03, STRT,  36,  71N, 1194E,  15,    0,   ,   0,    ,    0,    0,    0,    0, 
WP, 95, 2018122006, 03, STRT,  48,  73N, 1181E,  15,    0,   ,   0,    ,    0,    0,    0,    0, 
WP, 95, 2018122006, 03, STRT,  72,  78N, 1154E,  15,    0,   ,   0,    ,    0,    0,    0,    0, 
WP, 95, 2018122006, 03, TCLP,   0,  64N, 1232E,  15,    0,   ,   0,    ,    0,    0,    0,    0, 
WP, 95, 2018122006, 03, TCLP,  12,  64N, 1218E,  16,    0,   ,   0,    ,    0,    0,    0,    0, 
WP, 95, 2018122006, 03, TCLP,  24,  63N, 1205E,  16,    0,   ,   0,    ,    0,    0,    0,    0, 
WP, 95, 2018122006, 03, TCLP,  36,  61N, 1194E,  15,    0,   ,   0,    ,    0,    0,    0,    0, 
WP, 95, 2018122006, 03, WBAI,   0,  64N, 1232E,   0,    0,   ,  34, NEQ,    0,    0,    0,    0, 
WP, 95, 2018122006, 03, WBAI,  12,  75N, 1223E,   0,    0,   ,  34, NEQ,    0,    0,    0,    0, 
WP, 95, 2018122006, 03, WBAI,  24,  88N, 1198E,   0,    0,   ,  34, NEQ,    0,    0,    0,    0, 
WP, 95, 2018122006, 03, WBAI,  36, 100N, 1172E,   0,    0,   ,  34, NEQ,    0,    0,    0,    0, 
WP, 95, 2018122006, 03, XTRP,  12,  65N, 1218E,  15,    0,   ,   0,    ,    0,    0,    0,    0, 
WP, 95, 2018122006, 03, XTRP,  24,  66N, 1204E,  15,    0,   ,   0,    ,    0,    0,    0,    0, 
WP, 95, 2018122006, 03, XTRP,  36,  67N, 1190E,  15,    0,   ,   0,    ,    0,    0,    0,    0, 
WP, 95, 2018122006, 03, XTRP,  48,  68N, 1176E,  15,    0,   ,   0,    ,    0,    0,    0,    0, 
WP, 95, 2018122006, 03, XTRP,  60,  69N, 1162E,  15,    0,   ,   0,    ,    0,    0,    0,    0, 
WP, 95, 2018122006, 03, XTRP,  72,  70N, 1148E,  15,    0,   ,   0,    ,    0,    0,    0,    0, 
WP, 95, 2018122006, 03, XTRP,  84,  71N, 1134E,  15,    0,   ,   0,    ,    0,    0,    0,    0, 
WP, 95, 2018122006, 03, XTRP,  96,  72N, 1120E,  15,    0,   ,   0,    ,    0,    0,    0,    0, 
WP, 95, 2018122006, 03, XTRP, 108,  73N, 1106E,  15,    0,   ,   0,    ,    0,    0,    0,    0, 
WP, 95, 2018122006, 03, XTRP, 120,  74N, 1092E,  15,    0,   ,   0,    ,    0,    0,    0,    0, 
WP, 95, 2018122006, 71, JNVG,   0,  48N, 1217E,  15,    0,   ,  34, NEQ,    0,    0,    0,    0, 
WP, 95, 2018122006, 72, JAVN,   0,  40N, 1206E,  15,    0,   ,  34, NEQ,    0,    0,    0,    0, 
WP, 95, 2018122012, 01, CARQ, -12,  64N, 1241E,  15,    0,   ,   0,    ,    0,    0,    0,    0, 
WP, 95, 2018122012, 01, CARQ,  -6,  64N, 1232E,  15,    0,   ,   0,    ,    0,    0,    0,    0, 
WP, 95, 2018122012, 01, CARQ,   0,  65N, 1221E,  15,    0,   ,   0,    ,    0,    0,    0,    0, 
WP, 95, 2018122012, 03, C120,  12,  65N, 1203E,   0,    0,   ,   0,    ,    0,    0,    0,    0, 
WP, 95, 2018122012, 03, C120,  24,  66N, 1185E,   0,    0,   ,   0,    ,    0,    0,    0,    0, 
WP, 95, 2018122012, 03, C120,  36,  66N, 1169E,   0,    0,   ,   0,    ,    0,    0,    0,    0, 
WP, 95, 2018122012, 03, C120,  48,  66N, 1154E,   0,    0,   ,   0,    ,    0,    0,    0,    0, 
WP, 95, 2018122012, 03, C120,  60,  67N, 1139E,   0,    0,   ,   0,    ,    0,    0,    0,    0, 
WP, 95, 2018122012, 03, C120,  72,  67N, 1121E,   0,    0,   ,   0,    ,    0,    0,    0,    0, 
WP, 95, 2018122012, 03, C120,  84,  67N, 1106E,   0,    0,   ,   0,    ,    0,    0,    0,    0, 
WP, 95, 2018122012, 03, C120,  96,  67N, 1092E,   0,    0,   ,   0,    ,    0,    0,    0,    0, 
WP, 95, 2018122012, 03, C120, 108,  67N, 1080E,   0,    0,   ,   0,    ,    0,    0,    0,    0, 
WP, 95, 2018122012, 03, C120, 120,  67N, 1073E,   0,    0,   ,   0,    ,    0,    0,    0,    0, 
WP, 95, 2018122012, 03, CLIM,  12,  72N, 1196E,  11,    0,   ,   0,    ,    0,    0,    0,    0, 
WP, 95, 2018122012, 03, CLIM,  24,  77N, 1170E,   8,    0,   ,   0,    ,    0,    0,    0,    0, 
WP, 95, 2018122012, 03, CLIM,  36,  83N, 1150E,  11,    0,   ,   0,    ,    0,    0,    0,    0, 
WP, 95, 2018122012, 03, CLIM,  48,  90N, 1127E,  17,    0,   ,   0,    ,    0,    0,    0,    0, 
WP, 95, 2018122012, 03, CLIM,  72,  86N, 1119E,  15,    0,   ,   0,    ,    0,    0,    0,    0, 
WP, 95, 2018122012, 03, CLIP,  12,  68N, 1203E,  19,    0,   ,   0,    ,    0,    0,    0,    0, 
WP, 95, 2018122012, 03, CLIP,  24,  72N, 1185E,  28,    0,   ,   0,    ,    0,    0,    0,    0, 
WP, 95, 2018122012, 03, CLIP,  36,  76N, 1165E,  37,    0,   ,   0,    ,    0,    0,    0,    0, 
WP, 95, 2018122012, 03, CLIP,  48,  81N, 1149E,  46,    0,   ,   0,    ,    0,    0,    0,    0, 
WP, 95, 2018122012, 03, CLIP,  72,  92N, 1121E,  61,    0,   ,   0,    ,    0,    0,    0,    0, 
WP, 95, 2018122012, 03, FBAM,  12,  68N, 1199E,   0,    0,   ,   0,    ,    0,    0,    0,    0, 
WP, 95, 2018122012, 03, FBAM,  24,  75N, 1176E,   0,    0,   ,   0,    ,    0,    0,    0,    0, 
WP, 95, 2018122012, 03, FBAM,  36,  83N, 1153E,   0,    0,   ,   0,    ,    0,    0,    0,    0, 
WP, 95, 2018122012, 03, FBAM,  48,  92N, 1129E,   0,    0,   ,   0,    ,    0,    0,    0,    0, 
WP, 95, 2018122012, 03, FBAM,  72,  98N, 1087E,   0,    0,   ,   0,    ,    0,    0,    0,    0, 
WP, 95, 2018122012, 03, HPAC,  12,  69N, 1198E,   0,    0,   ,   0,    ,    0,    0,    0,    0, 
WP, 95, 2018122012, 03, HPAC,  24,  72N, 1175E,   0,    0,   ,   0,    ,    0,    0,    0,    0, 
WP, 95, 2018122012, 03, HPAC,  36,  76N, 1156E,   0,    0,   ,   0,    ,    0,    0,    0,    0, 
WP, 95, 2018122012, 03, HPAC,  48,  80N, 1134E,   0,    0,   ,   0,    ,    0,    0,    0,    0, 
WP, 95, 2018122012, 03, HPAC,  72,  78N, 1110E,   0,    0,   ,   0,    ,    0,    0,    0,    0, 
WP, 95, 2018122012, 03, JAV2,   0,  65N, 1221E,  15,    0,   ,  34, NEQ,    0,    0,    0,    0, 
WP, 95, 2018122012, 03, JAV2,  12,  85N, 1197E,  16,    0,   ,  34, NEQ,    0,    0,    0,    0, 
WP, 95, 2018122012, 03, JAV2,  24,  94N, 1165E,  18,    0,   ,  34, NEQ,    0,    0,    0,    0, 
WP, 95, 2018122012, 03, JAV2,  36,  97N, 1135E,  22,    0,   ,  34, NEQ,    0,    0,    0,    0, 
WP, 95, 2018122012, 03, JAV2,  48,  94N, 1111E,  27,    0,   ,  34, NEQ,    0,    0,    0,    0, 
WP, 95, 2018122012, 03, JAV2,  60,  92N, 1094E,  29,    0,   ,  34, NEQ,    0,    0,    0,    0, 
WP, 95, 2018122012, 03, JAV2,  72,  89N, 1077E,  23,    0,   ,  34, NEQ,    0,    0,    0,    0, 
WP, 95, 2018122012, 03, JAV2,  84,  83N, 1064E,  19,    0,   ,  34, NEQ,    0,    0,    0,    0, 
WP, 95, 2018122012, 03, JAV2,  96,  79N, 1055E,  18,    0,   ,  34, NEQ,    0,    0,    0,    0, 
WP, 95, 2018122012, 03, JAV2, 108,  71N, 1043E,   7,    0,   ,  34, NEQ,    0,    0,    0,    0, 
WP, 95, 2018122012, 03, JAV2, 120,  63N, 1031E,  18,    0,   ,  34, NEQ,    0,    0,    0,    0, 
WP, 95, 2018122012, 03, MBAM,  12,  67N, 1203E,   0,    0,   ,   0,    ,    0,    0,    0,    0, 
WP, 95, 2018122012, 03, MBAM,  24,  72N, 1190E,   0,    0,   ,   0,    ,    0,    0,    0,    0, 
WP, 95, 2018122012, 03, MBAM,  36,  79N, 1177E,   0,    0,   ,   0,    ,    0,    0,    0,    0, 
WP, 95, 2018122012, 03, MBAM,  48,  86N, 1164E,   0,    0,   ,   0,    ,    0,    0,    0,    0, 
WP, 95, 2018122012, 03, MBAM,  72,  98N, 1143E,   0,    0,   ,   0,    ,    0,    0,    0,    0, 
WP, 95, 2018122012, 03, MEMN,   0,  63N, 1231E,  28,    0,   ,   0,    ,    0,    0,    0,    0, 
WP, 95, 2018122012, 03, MEMN,   6,  65N, 1241E,  32,    0,   ,   0,    ,    0,    0,    0,    0, 
WP, 95, 2018122012, 03, MEMN,  12,  64N, 1240E,  35,    0,   ,   0,    ,    0,    0,    0,    0, 
WP, 95, 2018122012, 03, MEMN,  18,  63N, 1241E,  34,    0,   ,   0,    ,    0,    0,    0,    0, 
WP, 95, 2018122012, 03, MEMN,  24,  62N, 1238E,  33,    0,   ,   0,    ,    0,    0,    0,    0, 
WP, 95, 2018122012, 03, MEMN,  30,  63N, 1241E,  31,    0,   ,   0,    ,    0,    0,    0,    0, 
WP, 95, 2018122012, 03, MEMN,  36,  66N, 1246E,  33,    0,   ,   0,    ,    0,    0,    0,    0, 
WP, 95, 2018122012, 03, MEMN,  42,  69N, 1248E,  34,    0,   ,   0,    ,    0,    0,    0,    0, 
WP, 95, 2018122012, 03, MEMN,  48,  71N, 1247E,  33,    0,   ,   0,    ,    0,    0,    0,    0, 
WP, 95, 2018122012, 03, MEMN,  54,  74N, 1243E,  35,    0,   ,   0,    ,    0,    0,    0,    0, 
WP, 95, 2018122012, 03, MEMN,  60,  79N, 1243E,  30,    0,   ,   0,    ,    0,    0,    0,    0, 
WP, 95, 2018122012, 03, MEMN,  66,  79N, 1240E,  28,    0,   ,   0,    ,    0,    0,    0,    0, 
WP, 95, 2018122012, 03, MEMN,  72,  77N, 1237E,  28,    0,   ,   0,    ,    0,    0,    0,    0, 
WP, 95, 2018122012, 03, MEMN,  78,  74N, 1235E,  38,    0,   ,   0,    ,    0,    0,    0,    0, 
WP, 95, 2018122012, 03, RECR,  12,  73N, 1204E,  25,    0,   ,   0,    ,    0,    0,    0,    0, 
WP, 95, 2018122012, 03, RECR,  24,  71N, 1172E,  45,    0,   ,   0,    ,    0,    0,    0,    0, 
WP, 95, 2018122012, 03, RECR,  36,  78N, 1151E,  45,    0,   ,   0,    ,    0,    0,    0,    0, 
WP, 95, 2018122012, 03, RECR,  48,  91N, 1133E,  45,    0,   ,   0,    ,    0,    0,    0,    0, 
WP, 95, 2018122012, 03, RECR,  72, 125N, 1098E,  45,    0,   ,   0,    ,    0,    0,    0,    0, 
WP, 95, 2018122012, 03, SBAM,  12,  67N, 1205E,   0,    0,   ,   0,    ,    0,    0,    0,    0, 
WP, 95, 2018122012, 03, SBAM,  24,  71N, 1195E,   0,    0,   ,   0,    ,    0,    0,    0,    0, 
WP, 95, 2018122012, 03, SBAM,  36,  78N, 1186E,   0,    0,   ,   0,    ,    0,    0,    0,    0, 
WP, 95, 2018122012, 03, SBAM,  48,  86N, 1178E,   0,    0,   ,   0,    ,    0,    0,    0,    0, 
WP, 95, 2018122012, 03, SBAM,  72, 102N, 1167E,   0,    0,   ,   0,    ,    0,    0,    0,    0, 
WP, 95, 2018122012, 03, ST5D,  12,   0N,    0E,  16,    0,   ,   0,    ,    0,    0,    0,    0, 
WP, 95, 2018122012, 03, ST5D,  24,   0N,    0E,  17,    0,   ,   0,    ,    0,    0,    0,    0, 
WP, 95, 2018122012, 03, ST5D,  36,   0N,    0E,  18,    0,   ,   0,    ,    0,    0,    0,    0, 
WP, 95, 2018122012, 03, ST5D,  48,   0N,    0E,  20,    0,   ,   0,    ,    0,    0,    0,    0, 
WP, 95, 2018122012, 03, ST5D,  60,   0N,    0E,  25,    0,   ,   0,    ,    0,    0,    0,    0, 
WP, 95, 2018122012, 03, ST5D,  72,   0N,    0E,  30,    0,   ,   0,    ,    0,    0,    0,    0, 
WP, 95, 2018122012, 03, ST5D,  84,   0N,    0E,  30,    0,   ,   0,    ,    0,    0,    0,    0, 
WP, 95, 2018122012, 03, ST5D,  96,   0N,    0E,  34,    0,   ,   0,    ,    0,    0,    0,    0, 
WP, 95, 2018122012, 03, ST5D, 108,   0N,    0E,  34,    0,   ,   0,    ,    0,    0,    0,    0, 
WP, 95, 2018122012, 03, ST5D, 120,   0N,    0E,  36,    0,   ,   0,    ,    0,    0,    0,    0, 
WP, 95, 2018122012, 03, STRT,  12,  68N, 1209E,  15,    0,   ,   0,    ,    0,    0,    0,    0, 
WP, 95, 2018122012, 03, STRT,  24,  70N, 1198E,  15,    0,   ,   0,    ,    0,    0,    0,    0, 
WP, 95, 2018122012, 03, STRT,  36,  72N, 1187E,  15,    0,   ,   0,    ,    0,    0,    0,    0, 
WP, 95, 2018122012, 03, STRT,  48,  76N, 1174E,  20,    0,   ,   0,    ,    0,    0,    0,    0, 
WP, 95, 2018122012, 03, STRT,  72,  84N, 1147E,  20,    0,   ,   0,    ,    0,    0,    0,    0, 
WP, 95, 2018122012, 03, TCLP,   0,  65N, 1221E,  15,    0,   ,   0,    ,    0,    0,    0,    0, 
WP, 95, 2018122012, 03, TCLP,  12,  65N, 1202E,  16,    0,   ,   0,    ,    0,    0,    0,    0, 
WP, 95, 2018122012, 03, TCLP,  24,  64N, 1185E,  16,    0,   ,   0,    ,    0,    0,    0,    0, 
WP, 95, 2018122012, 03, TCLP,  36,  62N, 1170E,  18,    0,   ,   0,    ,    0,    0,    0,    0, 
WP, 95, 2018122012, 03, TCLP,  48,  59N, 1156E,  24,    0,   ,   0,    ,    0,    0,    0,    0, 
WP, 95, 2018122012, 03, TCLP,  60,  56N, 1145E,  24,    0,   ,   0,    ,    0,    0,    0,    0, 
WP, 95, 2018122012, 03, TCLP,  72,  52N, 1136E,  23,    0,   ,   0,    ,    0,    0,    0,    0, 
WP, 95, 2018122012, 03, TCLP,  84,  48N, 1127E,  23,    0,   ,   0,    ,    0,    0,    0,    0, 
WP, 95, 2018122012, 03, TCLP,  96,  44N, 1120E,  22,    0,   ,   0,    ,    0,    0,    0,    0, 
WP, 95, 2018122012, 03, TCLP, 108,  40N, 1113E,  22,    0,   ,   0,    ,    0,    0,    0,    0, 
WP, 95, 2018122012, 03, TCLP, 120,  36N, 1107E,  21,    0,   ,   0,    ,    0,    0,    0,    0, 
WP, 95, 2018122012, 03, TCLP, 132,  32N, 1102E,  21,    0,   ,   0,    ,    0,    0,    0,    0, 
WP, 95, 2018122012, 03, TCLP, 144,  28N, 1098E,  20,    0,   ,   0,    ,    0,    0,    0,    0, 
WP, 95, 2018122012, 03, TCLP, 156,  24N, 1094E,  20,    0,   ,   0,    ,    0,    0,    0,    0, 
WP, 95, 2018122012, 03, TCLP, 168,  20N, 1090E,  20,    0,   ,   0,    ,    0,    0,    0,    0, 
WP, 95, 2018122012, 03, TMMN,   0,  66N, 1235E,  24,    0,   ,   0,    ,    0,    0,    0,    0, 
WP, 95, 2018122012, 03, TMMN,   6,  69N, 1239E,  25,    0,   ,   0,    ,    0,    0,    0,    0, 
WP, 95, 2018122012, 03, TMMN,  12,  70N, 1239E,  25,    0,   ,   0,    ,    0,    0,    0,    0, 
WP, 95, 2018122012, 03, TMMN,  18,  69N, 1236E,  25,    0,   ,   0,    ,    0,    0,    0,    0, 
WP, 95, 2018122012, 03, TMMN,  24,  68N, 1235E,  25,    0,   ,   0,    ,    0,    0,    0,    0, 
WP, 95, 2018122012, 03, TMMN,  30,  69N, 1236E,  25,    0,   ,   0,    ,    0,    0,    0,    0, 
WP, 95, 2018122012, 03, TMMN,  36,  72N, 1239E,  26,    0,   ,   0,    ,    0,    0,    0,    0, 
WP, 95, 2018122012, 03, TMMN,  42,  76N, 1241E,  26,    0,   ,   0,    ,    0,    0,    0,    0, 
WP, 95, 2018122012, 03, TMMN,  48,  80N, 1244E,  27,    0,   ,   0,    ,    0,    0,    0,    0, 
WP, 95, 2018122012, 03, TMMN,  54,  86N, 1245E,  28,    0,   ,   0,    ,    0,    0,    0,    0, 
WP, 95, 2018122012, 03, TMMN,  60,  93N, 1244E,  28,    0,   ,   0,    ,    0,    0,    0,    0, 
WP, 95, 2018122012, 03, TMMN,  66,  99N, 1242E,  30,    0,   ,   0,    ,    0,    0,    0,    0, 
WP, 95, 2018122012, 03, TMMN,  72, 102N, 1239E,  33,    0,   ,   0,    ,    0,    0,    0,    0, 
WP, 95, 2018122012, 03, TMMN,  78, 104N, 1235E,  35,    0,   ,   0,    ,    0,    0,    0,    0, 
WP, 95, 2018122012, 03, TMMN,  84, 106N, 1229E,  34,    0,   ,   0,    ,    0,    0,    0,    0, 
WP, 95, 2018122012, 03, TMMN,  90, 107N, 1220E,  32,    0,   ,   0,    ,    0,    0,    0,    0, 
WP, 95, 2018122012, 03, TMMN,  96, 105N, 1209E,  32,    0,   ,   0,    ,    0,    0,    0,    0, 
WP, 95, 2018122012, 03, TMMN, 102, 101N, 1200E,  32,    0,   ,   0,    ,    0,    0,    0,    0, 
WP, 95, 2018122012, 03, TMMN, 108,  97N, 1192E,  32,    0,   ,   0,    ,    0,    0,    0,    0, 
WP, 95, 2018122012, 03, TMMN, 114,  92N, 1187E,  31,    0,   ,   0,    ,    0,    0,    0,    0, 
WP, 95, 2018122012, 03, TMMN, 120,  90N, 1184E,  30,    0,   ,   0,    ,    0,    0,    0,    0, 
WP, 95, 2018122012, 03, TMMN, 126,  88N, 1184E,  32,    0,   ,   0,    ,    0,    0,    0,    0, 
WP, 95, 2018122012, 03, TMMN, 132,  88N, 1183E,  34,    0,   ,   0,    ,    0,    0,    0,    0, 
WP, 95, 2018122012, 03, TMMN, 138,  88N, 1181E,  33,    0,   ,   0,    ,    0,    0,    0,    0, 
WP, 95, 2018122012, 03, WBA2,   0,  65N, 1221E,   0,    0,   ,  34, NEQ,    0,    0,    0,    0, 
WP, 95, 2018122012, 03, WBA2,  12,  78N, 1202E,   0,    0,   ,  34, NEQ,    0,    0,    0,    0, 
WP, 95, 2018122012, 03, WBA2,  24,  89N, 1172E,   0,    0,   ,  34, NEQ,    0,    0,    0,    0, 
WP, 95, 2018122012, 03, WBA2,  36, 101N, 1142E,   0,    0,   ,  34, NEQ,    0,    0,    0,    0, 
WP, 95, 2018122012, 03, WBAR,   0,  65N, 1221E,   0,    0,   ,   0,    ,    0,    0,    0,    0, 
WP, 95, 2018122012, 03, WBAR,   6,  76N, 1230E,   0,    0,   ,   0,    ,    0,    0,    0,    0, 
WP, 95, 2018122012, 03, WBAR,  12,  84N, 1219E,   0,    0,   ,   0,    ,    0,    0,    0,    0, 
WP, 95, 2018122012, 03, WBAR,  18,  91N, 1207E,   0,    0,   ,   0,    ,    0,    0,    0,    0, 
WP, 95, 2018122012, 03, XTRP,  12,  66N, 1201E,  15,    0,   ,   0,    ,    0,    0,    0,    0, 
WP, 95, 2018122012, 03, XTRP,  24,  67N, 1181E,  15,    0,   ,   0,    ,    0,    0,    0,    0, 
WP, 95, 2018122012, 03, XTRP,  36,  68N, 1161E,  15,    0,   ,   0,    ,    0,    0,    0,    0, 
WP, 95, 2018122012, 03, XTRP,  48,  69N, 1141E,  15,    0,   ,   0,    ,    0,    0,    0,    0, 
WP, 95, 2018122012, 03, XTRP,  60,  70N, 1121E,  15,    0,   ,   0,    ,    0,    0,    0,    0, 
WP, 95, 2018122012, 03, XTRP,  72,  71N, 1101E,  15,    0,   ,   0,    ,    0,    0,    0,    0, 
WP, 95, 2018122012, 03, XTRP,  84,  72N, 1081E,  15,    0,   ,   0,    ,    0,    0,    0,    0, 
WP, 95, 2018122012, 03, XTRP,  96,  73N, 1061E,  15,    0,   ,   0,    ,    0,    0,    0,    0, 
WP, 95, 2018122012, 03, XTRP, 108,  74N, 1041E,  15,    0,   ,   0,    ,    0,    0,    0,    0, 
WP, 95, 2018122012, 03, XTRP, 120,  75N, 1021E,  15,    0,   ,   0,    ,    0,    0,    0,    0, 
WP, 95, 2018122012, 71, JNVG,   0,  96N, 1256E,  15,    0,   ,  34, NEQ,    0,    0,    0,    0, 
WP, 95, 2018122012, 72, JAVN,   0,  56N, 1252E,  15,    0,   ,  34, NEQ,    0,    0,    0,    0, 
WP, 95, 2018122018, 01, CARQ, -18,  64N, 1241E,  15,    0,   ,   0,    ,    0,    0,    0,    0, 
WP, 95, 2018122018, 01, CARQ, -12,  64N, 1232E,  15,    0,   ,   0,    ,    0,    0,    0,    0, 
WP, 95, 2018122018, 01, CARQ,  -6,  65N, 1221E,  15,    0,   ,   0,    ,    0,    0,    0,    0, 
WP, 95, 2018122018, 01, CARQ,   0, 100N, 1213E,  15,    0,   ,   0,    ,    0,    0,    0,    0, 
WP, 95, 2018122018, 03, C120,  12, 127N, 1195E,   0,    0,   ,   0,    ,    0,    0,    0,    0, 
WP, 95, 2018122018, 03, C120,  24, 146N, 1178E,   0,    0,   ,   0,    ,    0,    0,    0,    0, 
WP, 95, 2018122018, 03, C120,  36, 158N, 1166E,   0,    0,   ,   0,    ,    0,    0,    0,    0, 
WP, 95, 2018122018, 03, C120,  48, 167N, 1155E,   0,    0,   ,   0,    ,    0,    0,    0,    0, 
WP, 95, 2018122018, 03, C120,  60, 174N, 1146E,   0,    0,   ,   0,    ,    0,    0,    0,    0, 
WP, 95, 2018122018, 03, C120,  72, 178N, 1136E,   0,    0,   ,   0,    ,    0,    0,    0,    0, 
WP, 95, 2018122018, 03, C120,  84, 179N, 1129E,   0,    0,   ,   0,    ,    0,    0,    0,    0, 
WP, 95, 2018122018, 03, C120,  96, 179N, 1123E,   0,    0,   ,   0,    ,    0,    0,    0,    0, 
WP, 95, 2018122018, 03, C120, 108, 179N, 1120E,   0,    0,   ,   0,    ,    0,    0,    0,    0, 
WP, 95, 2018122018, 03, C120, 120, 179N, 1120E,   0,    0,   ,   0,    ,    0,    0,    0,    0, 
WP, 95, 2018122018, 03, CLIM,  12, 101N, 1194E,   9,    0,   ,   0,    ,    0,    0,    0,    0, 
WP, 95, 2018122018, 03, CLIM,  24, 103N, 1178E,  10,    0,   ,   0,    ,    0,    0,    0,    0, 
WP, 95, 2018122018, 03, CLIM,  36, 109N, 1164E,   7,    0,   ,   0,    ,    0,    0,    0,    0, 
WP, 95, 2018122018, 03, CLIM,  48, 104N, 1142E,   7,    0,   ,   0,    ,    0,    0,    0,    0, 
WP, 95, 2018122018, 03, CLIM,  72,  99N, 1110E,   0,    0,   ,   0,    ,    0,    0,    0,    0, 
WP, 95, 2018122018, 03, CLIP,  12, 119N, 1195E,  18,    0,   ,   0,    ,    0,    0,    0,    0, 
WP, 95, 2018122018, 03, CLIP,  24, 125N, 1197E,  25,    0,   ,   0,    ,    0,    0,    0,    0, 
WP, 95, 2018122018, 03, CLIP,  36, 139N, 1228E,  31,    0,   ,   0,    ,    0,    0,    0,    0, 
WP, 95, 2018122018, 03, CLIP,  48, 160N, 1263E,  31,    0,   ,   0,    ,    0,    0,    0,    0, 
WP, 95, 2018122018, 03, CLIP,  72, 202N, 1285E,  17,    0,   ,   0,    ,    0,    0,    0,    0, 
WP, 95, 2018122018, 03, FBAM,  12, 125N, 1190E,   0,    0,   ,   0,    ,    0,    0,    0,    0, 
WP, 95, 2018122018, 03, FBAM,  24, 136N, 1162E,   0,    0,   ,   0,    ,    0,    0,    0,    0, 
WP, 95, 2018122018, 03, FBAM,  36, 148N, 1138E,   0,    0,   ,   0,    ,    0,    0,    0,    0, 
WP, 95, 2018122018, 03, FBAM,  48, 159N, 1119E,   0,    0,   ,   0,    ,    0,    0,    0,    0, 
WP, 95, 2018122018, 03, FBAM,  72, 175N, 1100E,   0,    0,   ,   0,    ,    0,    0,    0,    0, 
WP, 95, 2018122018, 03, HPAC,  12, 118N, 1194E,   0,    0,   ,   0,    ,    0,    0,    0,    0, 
WP, 95, 2018122018, 03, HPAC,  24, 138N, 1176E,   0,    0,   ,   0,    ,    0,    0,    0,    0, 
WP, 95, 2018122018, 03, HPAC,  36, 159N, 1159E,   0,    0,   ,   0,    ,    0,    0,    0,    0, 
WP, 95, 2018122018, 03, HPAC,  48, 174N, 1138E,   0,    0,   ,   0,    ,    0,    0,    0,    0, 
WP, 95, 2018122018, 03, HPAC,  72, 208N, 1100E,   0,    0,   ,   0,    ,    0,    0,    0,    0, 
WP, 95, 2018122018, 03, MBAM,  12, 124N, 1191E,   0,    0,   ,   0,    ,    0,    0,    0,    0, 
WP, 95, 2018122018, 03, MBAM,  24, 130N, 1166E,   0,    0,   ,   0,    ,    0,    0,    0,    0, 
WP, 95, 2018122018, 03, MBAM,  36, 136N, 1143E,   0,    0,   ,   0,    ,    0,    0,    0,    0, 
WP, 95, 2018122018, 03, MBAM,  48, 140N, 1121E,   0,    0,   ,   0,    ,    0,    0,    0,    0, 
WP, 95, 2018122018, 03, MBAM,  72, 139N, 1081E,   0,    0,   ,   0,    ,    0,    0,    0,    0, 
WP, 95, 2018122018, 03, RECR,  12, 106N, 1199E,  25,    0,   ,   0,    ,    0,    0,    0,    0, 
WP, 95, 2018122018, 03, SBAM,  12, 123N, 1191E,   0,    0,   ,   0,    ,    0,    0,    0,    0, 
WP, 95, 2018122018, 03, SBAM,  24, 126N, 1165E,   0,    0,   ,   0,    ,    0,    0,    0,    0, 
WP, 95, 2018122018, 03, SBAM,  36, 128N, 1142E,   0,    0,   ,   0,    ,    0,    0,    0,    0, 
WP, 95, 2018122018, 03, SBAM,  48, 128N, 1119E,   0,    0,   ,   0,    ,    0,    0,    0,    0, 
WP, 95, 2018122018, 03, SBAM,  72, 118N, 1079E,   0,    0,   ,   0,    ,    0,    0,    0,    0, 
WP, 95, 2018122018, 03, ST5D,  12,   0N,    0E,  16,    0,   ,   0,    ,    0,    0,    0,    0, 
WP, 95, 2018122018, 03, ST5D,  24,   0N,    0E,  17,    0,   ,   0,    ,    0,    0,    0,    0, 
WP, 95, 2018122018, 03, ST5D,  36,   0N,    0E,  20,    0,   ,   0,    ,    0,    0,    0,    0, 
WP, 95, 2018122018, 03, ST5D,  48,   0N,    0E,  23,    0,   ,   0,    ,    0,    0,    0,    0, 
WP, 95, 2018122018, 03, ST5D,  60,   0N,    0E,  28,    0,   ,   0,    ,    0,    0,    0,    0, 
WP, 95, 2018122018, 03, ST5D,  72,   0N,    0E,  33,    0,   ,   0,    ,    0,    0,    0,    0, 
WP, 95, 2018122018, 03, ST5D,  84,   0N,    0E,  33,    0,   ,   0,    ,    0,    0,    0,    0, 
WP, 95, 2018122018, 03, ST5D,  96,   0N,    0E,  36,    0,   ,   0,    ,    0,    0,    0,    0, 
WP, 95, 2018122018, 03, ST5D, 108,   0N,    0E,  31,    0,   ,   0,    ,    0,    0,    0,    0, 
WP, 95, 2018122018, 03, ST5D, 120,   0N,    0E,  32,    0,   ,   0,    ,    0,    0,    0,    0, 
WP, 95, 2018122018, 03, STRT,  12, 113N, 1189E,  25,    0,   ,   0,    ,    0,    0,    0,    0, 
WP, 95, 2018122018, 03, STRT,  24, 118N, 1171E,  25,    0,   ,   0,    ,    0,    0,    0,    0, 
WP, 95, 2018122018, 03, STRT,  36, 123N, 1156E,  25,    0,   ,   0,    ,    0,    0,    0,    0, 
WP, 95, 2018122018, 03, STRT,  48, 126N, 1151E,  25,    0,   ,   0,    ,    0,    0,    0,    0, 
WP, 95, 2018122018, 03, STRT,  72, 130N, 1137E,  20,    0,   ,   0,    ,    0,    0,    0,    0, 
WP, 95, 2018122018, 03, TCLP,   0, 100N, 1213E,  15,    0,   ,   0,    ,    0,    0,    0,    0, 
WP, 95, 2018122018, 03, WBAI,   0, 100N, 1213E,   0,    0,   ,  34, NEQ,    0,    0,    0,    0, 
WP, 95, 2018122018, 03, WBAI,  12, 116N, 1199E,   0,    0,   ,  34, NEQ,    0,    0,    0,    0, 
WP, 95, 2018122018, 03, XTRP,  12, 136N, 1194E,  15,    0,   ,   0,    ,    0,    0,    0,    0, 
WP, 95, 2018122018, 03, XTRP,  24, 172N, 1174E,  15,    0,   ,   0,    ,    0,    0,    0,    0, 
WP, 95, 2018122018, 03, XTRP,  36, 208N, 1154E,  15,    0,   ,   0,    ,    0,    0,    0,    0, 
WP, 95, 2018122018, 03, XTRP,  48, 243N, 1133E,  15,    0,   ,   0,    ,    0,    0,    0,    0, 
WP, 95, 2018122018, 03, XTRP,  60, 279N, 1112E,  15,    0,   ,   0,    ,    0,    0,    0,    0, 
WP, 95, 2018122018, 03, XTRP,  72, 315N, 1090E,  15,    0,   ,   0,    ,    0,    0,    0,    0, 
WP, 95, 2018122018, 03, XTRP,  84, 351N, 1067E,  15,    0,   ,   0,    ,    0,    0,    0,    0, 
WP, 95, 2018122018, 03, XTRP,  96, 387N, 1043E,  15,    0,   ,   0,    ,    0,    0,    0,    0, 
WP, 95, 2018122018, 03, XTRP, 108, 423N, 1018E,  15,    0,   ,   0,    ,    0,    0,    0,    0, 
WP, 95, 2018122018, 03, XTRP, 120, 459N,  991E,  15,    0,   ,   0,    ,    0,    0,    0,    0, 
WP, 95, 2018122018, 71, JNVG,   0, 102N, 1224E,  15,    0,   ,  34, NEQ,    0,    0,    0,    0, 
WP, 95, 2018122018, 72, JAVN,   0, 123N, 1198E,  15,    0,   ,  34, NEQ,    0,    0,    0,    0, 
WP, 95, 2018122018, 72, JAVN,  12, 110N, 1187E,  20,    0,   ,  34, NEQ,    0,    0,    0,    0, 
WP, 95, 2018122018, 72, JAVN,  24, 107N, 1159E,  20,    0,   ,  34, NEQ,    0,    0,    0,    0, 
WP, 95, 2018122018, 72, JAVN,  36, 100N, 1132E,  20,    0,   ,  34, NEQ,    0,    0,    0,    0, 
WP, 95, 2018122018, 72, JAVN,  48,  95N, 1110E,  20,    0,   ,  34, NEQ,    0,    0,    0,    0, 
WP, 95, 2018122018, 72, JAVN,  60,  88N, 1101E,  20,    0,   ,  34, NEQ,    0,    0,    0,    0, 
WP, 95, 2018122018, 72, JAVN,  72,  78N, 1090E,  20,    0,   ,  34, NEQ,    0,    0,    0,    0, 
WP, 95, 2018122018, 72, JAVN,  84,  71N, 1092E,  15,    0,   ,  34, NEQ,    0,    0,    0,    0, 
WP, 95, 2018122018, 72, JAVN,  96,  75N, 1105E,  15,    0,   ,  34, NEQ,    0,    0,    0,    0, 
WP, 95, 2018122018, 72, JAVN, 108,  80N, 1120E,  10,    0,   ,  34, NEQ,    0,    0,    0,    0, 
WP, 95, 2018122100, 71, JNVG,   0, 112N, 1190E,  15,    0,   ,  34, NEQ,    0,    0,    0,    0, 
WP, 95, 2018122100, 72, JAVN,   0, 108N, 1205E,  15,    0,   ,  34, NEQ,    0,    0,    0,    0, 
WP, 95, 2018122100, 72, JAVN,  12, 106N, 1171E,  20,    0,   ,  34, NEQ,    0,    0,    0,    0, 
WP, 95, 2018122100, 72, JAVN,  24,  99N, 1144E,  20,    0,   ,  34, NEQ,    0,    0,    0,    0, 
WP, 95, 2018122100, 72, JAVN,  36,  97N, 1126E,  20,    0,   ,  34, NEQ,    0,    0,    0,    0, 
WP, 95, 2018122100, 72, JAVN,  48,  89N, 1108E,  20,    0,   ,  34, NEQ,    0,    0,    0,    0, 
WP, 95, 2018122100, 72, JAVN,  60,  76N, 1097E,  25,    0,   ,  34, NEQ,    0,    0,    0,    0, 
WP, 95, 2018122100, 72, JAVN,  72,  72N, 1104E,  20,    0,   ,  34, NEQ,    0,    0,    0,    0, 
WP, 95, 2018122100, 72, JAVN,  84,  69N, 1102E,  10,    0,   ,  34, NEQ,    0,    0,    0,    0, 
WP, 95, 2018122100, 73, JUKM,   0,  80N, 1218E,  15,    0,   ,  34, NEQ,    0,    0,    0,    0, 
WP, 95, 2018122100, 73, JUKM,  12,  80N, 1218E,  15,    0,   ,  34, NEQ,    0,    0,    0,    0, 
WP, 95, 2018122100, 73, JUKM,  24,  78N, 1208E,  15,    0,   ,  34, NEQ,    0,    0,    0,    0, 
WP, 95, 2018122100, 73, JUKM,  36,  78N, 1202E,  10,    0,   ,  34, NEQ,    0,    0,    0,    0, 
WP, 95, 2018122100, 73, JUKM,  48,  91N, 1166E,  15,    0,   ,  34, NEQ,    0,    0,    0,    0, 
WP, 95, 2018122100, 73, JUKM,  60,  91N, 1160E,  15,    0,   ,  34, NEQ,    0,    0,    0,    0, 
WP, 95, 2018122100, 73, JUKM,  72,  91N, 1150E,  15,    0,   ,  34, NEQ,    0,    0,    0,    0, 
WP, 95, 2018122100, 73, JUKM,  84,  91N, 1140E,  15,    0,   ,  34, NEQ,    0,    0,    0,    0, 
WP, 95, 2018122100, 73, JUKM,  96,  92N, 1132E,  20,    0,   ,  34, NEQ,    0,    0,    0,    0, 
WP, 95, 2018122100, 73, JUKM, 108,  93N, 1127E,  20,    0,   ,  34, NEQ,    0,    0,    0,    0, 
WP, 95, 2018122100, 73, JUKM, 120,  89N, 1126E,  25,    0,   ,  34, NEQ,    0,    0,    0,    0, 
WP, 95, 2018122106, 01, CARQ, -12, 110N, 1226E,  15,    0,   ,   0,    ,    0,    0,    0,    0, 
WP, 95, 2018122106, 01, CARQ,  -6, 110N, 1213E,  15,    0,   ,   0,    ,    0,    0,    0,    0, 
WP, 95, 2018122106, 01, CARQ,   0, 110N, 1202E,  15,    0,   ,   0,    ,    0,    0,    0,    0, 
WP, 95, 2018122106, 03, C120,  12, 110N, 1181E,   0,    0,   ,   0,    ,    0,    0,    0,    0, 
WP, 95, 2018122106, 03, C120,  24, 110N, 1162E,   0,    0,   ,   0,    ,    0,    0,    0,    0, 
WP, 95, 2018122106, 03, C120,  36, 110N, 1144E,   0,    0,   ,   0,    ,    0,    0,    0,    0, 
WP, 95, 2018122106, 03, C120,  48, 110N, 1127E,   0,    0,   ,   0,    ,    0,    0,    0,    0, 
WP, 95, 2018122106, 03, C120,  60, 110N, 1111E,   0,    0,   ,   0,    ,    0,    0,    0,    0, 
WP, 95, 2018122106, 03, C120,  72, 109N, 1096E,   0,    0,   ,   0,    ,    0,    0,    0,    0, 
WP, 95, 2018122106, 03, C120,  84, 109N, 1084E,   0,    0,   ,   0,    ,    0,    0,    0,    0, 
WP, 95, 2018122106, 03, C120,  96, 108N, 1074E,   0,    0,   ,   0,    ,    0,    0,    0,    0, 
WP, 95, 2018122106, 03, C120, 108, 107N, 1066E,   0,    0,   ,   0,    ,    0,    0,    0,    0, 
WP, 95, 2018122106, 03, C120, 120, 106N, 1061E,   0,    0,   ,   0,    ,    0,    0,    0,    0, 
WP, 95, 2018122106, 03, CLIM,  12, 112N, 1184E,  14,    0,   ,   0,    ,    0,    0,    0,    0, 
WP, 95, 2018122106, 03, CLIM,  24, 117N, 1171E,  15,    0,   ,   0,    ,    0,    0,    0,    0, 
WP, 95, 2018122106, 03, CLIM,  36, 115N, 1160E,  17,    0,   ,   0,    ,    0,    0,    0,    0, 
WP, 95, 2018122106, 03, CLIM,  48, 117N, 1155E,  13,    0,   ,   0,    ,    0,    0,    0,    0, 
WP, 95, 2018122106, 03, CLIM,  72, 106N, 1110E,   0,    0,   ,   0,    ,    0,    0,    0,    0, 
WP, 95, 2018122106, 03, CLIP,  12, 111N, 1181E,  19,    0,   ,   0,    ,    0,    0,    0,    0, 
WP, 95, 2018122106, 03, CLIP,  24, 114N, 1163E,  27,    0,   ,   0,    ,    0,    0,    0,    0, 
WP, 95, 2018122106, 03, CLIP,  36, 114N, 1145E,  35,    0,   ,   0,    ,    0,    0,    0,    0, 
WP, 95, 2018122106, 03, CLIP,  48, 115N, 1133E,  43,    0,   ,   0,    ,    0,    0,    0,    0, 
WP, 95, 2018122106, 03, CLIP,  72, 114N, 1104E,  58,    0,   ,   0,    ,    0,    0,    0,    0, 
WP, 95, 2018122106, 03, FBAM,  12, 113N, 1175E,   0,    0,   ,   0,    ,    0,    0,    0,    0, 
WP, 95, 2018122106, 03, FBAM,  24, 120N, 1146E,   0,    0,   ,   0,    ,    0,    0,    0,    0, 
WP, 95, 2018122106, 03, FBAM,  36, 126N, 1120E,   0,    0,   ,   0,    ,    0,    0,    0,    0, 
WP, 95, 2018122106, 03, FBAM,  48, 127N, 1096E,   0,    0,   ,   0,    ,    0,    0,    0,    0, 
WP, 95, 2018122106, 03, FBAM,  72, 122N, 1050E,   0,    0,   ,   0,    ,    0,    0,    0,    0, 
WP, 95, 2018122106, 03, HPAC,  12, 111N, 1181E,   0,    0,   ,   0,    ,    0,    0,    0,    0, 
WP, 95, 2018122106, 03, HPAC,  24, 114N, 1162E,   0,    0,   ,   0,    ,    0,    0,    0,    0, 
WP, 95, 2018122106, 03, HPAC,  36, 113N, 1145E,   0,    0,   ,   0,    ,    0,    0,    0,    0, 
WP, 95, 2018122106, 03, HPAC,  48, 113N, 1131E,   0,    0,   ,   0,    ,    0,    0,    0,    0, 
WP, 95, 2018122106, 03, HPAC,  72, 108N, 1084E,   0,    0,   ,   0,    ,    0,    0,    0,    0, 
WP, 95, 2018122106, 03, JAV2,   0, 110N, 1202E,  15,    0,   ,  34, NEQ,    0,    0,    0,    0, 
WP, 95, 2018122106, 03, JAV2,  12, 104N, 1178E,  16,    0,   ,  34, NEQ,    0,    0,    0,    0, 
WP, 95, 2018122106, 03, JAV2,  24,  98N, 1152E,  16,    0,   ,  34, NEQ,    0,    0,    0,    0, 
WP, 95, 2018122106, 03, JAV2,  36,  92N, 1132E,  16,    0,   ,  34, NEQ,    0,    0,    0,    0, 
WP, 95, 2018122106, 03, JAV2,  48,  85N, 1119E,  16,    0,   ,  34, NEQ,    0,    0,    0,    0, 
WP, 95, 2018122106, 03, JAV2,  60,  77N, 1112E,  15,    0,   ,  34, NEQ,    0,    0,    0,    0, 
WP, 95, 2018122106, 03, JAV2,  72,  71N, 1113E,  12,    0,   ,  34, NEQ,    0,    0,    0,    0, 
WP, 95, 2018122106, 03, JAV2,  84,  73N, 1124E,  10,    0,   ,  34, NEQ,    0,    0,    0,    0, 
WP, 95, 2018122106, 03, JAV2,  96,  78N, 1139E,   6,    0,   ,  34, NEQ,    0,    0,    0,    0, 
WP, 95, 2018122106, 03, JAV2, 108,  83N, 1153E,  10,    0,   ,  34, NEQ,    0,    0,    0,    0, 
WP, 95, 2018122106, 03, MBAM,  12, 111N, 1178E,   0,    0,   ,   0,    ,    0,    0,    0,    0, 
WP, 95, 2018122106, 03, MBAM,  24, 114N, 1154E,   0,    0,   ,   0,    ,    0,    0,    0,    0, 
WP, 95, 2018122106, 03, MBAM,  36, 116N, 1132E,   0,    0,   ,   0,    ,    0,    0,    0,    0, 
WP, 95, 2018122106, 03, MBAM,  48, 115N, 1112E,   0,    0,   ,   0,    ,    0,    0,    0,    0, 
WP, 95, 2018122106, 03, MBAM,  72, 110N, 1073E,   0,    0,   ,   0,    ,    0,    0,    0,    0, 
WP, 95, 2018122106, 03, RECR,  12, 113N, 1178E,  30,    0,   ,   0,    ,    0,    0,    0,    0, 
WP, 95, 2018122106, 03, SBAM,  12, 111N, 1178E,   0,    0,   ,   0,    ,    0,    0,    0,    0, 
WP, 95, 2018122106, 03, SBAM,  24, 114N, 1156E,   0,    0,   ,   0,    ,    0,    0,    0,    0, 
WP, 95, 2018122106, 03, SBAM,  36, 116N, 1136E,   0,    0,   ,   0,    ,    0,    0,    0,    0, 
WP, 95, 2018122106, 03, SBAM,  48, 117N, 1117E,   0,    0,   ,   0,    ,    0,    0,    0,    0, 
WP, 95, 2018122106, 03, SBAM,  72, 115N, 1082E,   0,    0,   ,   0,    ,    0,    0,    0,    0, 
WP, 95, 2018122106, 03, ST5D,  12,   0N,    0E,  16,    0,   ,   0,    ,    0,    0,    0,    0, 
WP, 95, 2018122106, 03, ST5D,  24,   0N,    0E,  16,    0,   ,   0,    ,    0,    0,    0,    0, 
WP, 95, 2018122106, 03, ST5D,  36,   0N,    0E,  20,    0,   ,   0,    ,    0,    0,    0,    0, 
WP, 95, 2018122106, 03, ST5D,  48,   0N,    0E,  23,    0,   ,   0,    ,    0,    0,    0,    0, 
WP, 95, 2018122106, 03, ST5D,  60,   0N,    0E,  28,    0,   ,   0,    ,    0,    0,    0,    0, 
WP, 95, 2018122106, 03, ST5D,  72,   0N,    0E,  33,    0,   ,   0,    ,    0,    0,    0,    0, 
WP, 95, 2018122106, 03, ST5D,  84,   0N,    0E,  32,    0,   ,   0,    ,    0,    0,    0,    0, 
WP, 95, 2018122106, 03, ST5D,  96,   0N,    0E,  35,    0,   ,   0,    ,    0,    0,    0,    0, 
WP, 95, 2018122106, 03, ST5D, 108,   0N,    0E,  28,    0,   ,   0,    ,    0,    0,    0,    0, 
WP, 95, 2018122106, 03, ST5D, 120,   0N,    0E,  30,    0,   ,   0,    ,    0,    0,    0,    0, 
WP, 95, 2018122106, 03, STRT,  12, 111N, 1184E,  15,    0,   ,   0,    ,    0,    0,    0,    0, 
WP, 95, 2018122106, 03, STRT,  24, 112N, 1169E,  15,    0,   ,   0,    ,    0,    0,    0,    0, 
WP, 95, 2018122106, 03, STRT,  36, 110N, 1154E,  15,    0,   ,   0,    ,    0,    0,    0,    0, 
WP, 95, 2018122106, 03, STRT,  48, 109N, 1140E,  15,    0,   ,   0,    ,    0,    0,    0,    0, 
WP, 95, 2018122106, 03, STRT,  72, 108N, 1107E,  15,    0,   ,   0,    ,    0,    0,    0,    0, 
WP, 95, 2018122106, 03, TCLP,   0, 110N, 1202E,  15,    0,   ,   0,    ,    0,    0,    0,    0, 
WP, 95, 2018122106, 03, TCLP,  12, 110N, 1179E,  16,    0,   ,   0,    ,    0,    0,    0,    0, 
WP, 95, 2018122106, 03, TCLP,  24, 108N, 1158E,  16,    0,   ,   0,    ,    0,    0,    0,    0, 
WP, 95, 2018122106, 03, TCLP,  36, 106N, 1140E,  17,    0,   ,   0,    ,    0,    0,    0,    0, 
WP, 95, 2018122106, 03, TCLP,  48, 103N, 1123E,  16,    0,   ,   0,    ,    0,    0,    0,    0, 
WP, 95, 2018122106, 03, TCLP,  60, 100N, 1108E,  15,    0,   ,   0,    ,    0,    0,    0,    0, 
WP, 95, 2018122106, 03, XTRP,  12, 110N, 1178E,  15,    0,   ,   0,    ,    0,    0,    0,    0, 
WP, 95, 2018122106, 03, XTRP,  24, 110N, 1154E,  15,    0,   ,   0,    ,    0,    0,    0,    0, 
WP, 95, 2018122106, 03, XTRP,  36, 110N, 1130E,  15,    0,   ,   0,    ,    0,    0,    0,    0, 
WP, 95, 2018122106, 03, XTRP,  48, 110N, 1106E,  15,    0,   ,   0,    ,    0,    0,    0,    0, 
WP, 95, 2018122106, 03, XTRP,  60, 110N, 1082E,  15,    0,   ,   0,    ,    0,    0,    0,    0, 
WP, 95, 2018122106, 03, XTRP,  72, 110N, 1058E,  15,    0,   ,   0,    ,    0,    0,    0,    0, 
WP, 95, 2018122106, 03, XTRP,  84, 110N, 1034E,  15,    0,   ,   0,    ,    0,    0,    0,    0, 
WP, 95, 2018122106, 03, XTRP,  96, 110N, 1010E,  15,    0,   ,   0,    ,    0,    0,    0,    0, 
WP, 95, 2018122106, 03, XTRP, 108, 110N,  986E,  15,    0,   ,   0,    ,    0,    0,    0,    0, 
WP, 95, 2018122106, 03, XTRP, 120, 110N,  962E,  15,    0,   ,   0,    ,    0,    0,    0,    0, 
WP, 95, 2018122106, 71, JNVG,   0, 102N, 1185E,  15,    0,   ,  34, NEQ,    0,    0,    0,    0, 
WP, 95, 2018122106, 72, JAVN,   0, 142N, 1231E,  15,    0,   ,  34, NEQ,    0,    0,    0,    0, 
WP, 95, 2018122112, 01, CARQ, -12, 110N, 1213E,  15,    0,   ,   0,    ,    0,    0,    0,    0, 
WP, 95, 2018122112, 01, CARQ,  -6, 110N, 1202E,  15,    0,   ,   0,    ,    0,    0,    0,    0, 
WP, 95, 2018122112, 01, CARQ,   0, 110N, 1191E,  15,    0,   ,   0,    ,    0,    0,    0,    0, 
WP, 95, 2018122112, 03, C120,  12, 110N, 1172E,   0,    0,   ,   0,    ,    0,    0,    0,    0, 
WP, 95, 2018122112, 03, C120,  24, 110N, 1154E,   0,    0,   ,   0,    ,    0,    0,    0,    0, 
WP, 95, 2018122112, 03, C120,  36, 110N, 1138E,   0,    0,   ,   0,    ,    0,    0,    0,    0, 
WP, 95, 2018122112, 03, C120,  48, 110N, 1123E,   0,    0,   ,   0,    ,    0,    0,    0,    0, 
WP, 95, 2018122112, 03, C120,  60, 111N, 1108E,   0,    0,   ,   0,    ,    0,    0,    0,    0, 
WP, 95, 2018122112, 03, C120,  72, 110N, 1094E,   0,    0,   ,   0,    ,    0,    0,    0,    0, 
WP, 95, 2018122112, 03, C120,  84, 109N, 1083E,   0,    0,   ,   0,    ,    0,    0,    0,    0, 
WP, 95, 2018122112, 03, C120,  96, 108N, 1074E,   0,    0,   ,   0,    ,    0,    0,    0,    0, 
WP, 95, 2018122112, 03, C120, 108, 107N, 1067E,   0,    0,   ,   0,    ,    0,    0,    0,    0, 
WP, 95, 2018122112, 03, C120, 120, 106N, 1063E,   0,    0,   ,   0,    ,    0,    0,    0,    0, 
WP, 95, 2018122112, 03, CLIM,  12, 113N, 1175E,  17,    0,   ,   0,    ,    0,    0,    0,    0, 
WP, 95, 2018122112, 03, CLIM,  24, 116N, 1160E,  17,    0,   ,   0,    ,    0,    0,    0,    0, 
WP, 95, 2018122112, 03, CLIM,  36, 113N, 1139E,  21,    0,   ,   0,    ,    0,    0,    0,    0, 
WP, 95, 2018122112, 03, CLIM,  48, 115N, 1125E,  12,    0,   ,   0,    ,    0,    0,    0,    0, 
WP, 95, 2018122112, 03, CLIM,  72, 104N, 1100E,   0,    0,   ,   0,    ,    0,    0,    0,    0, 
WP, 95, 2018122112, 03, CLIP,  12, 111N, 1172E,  19,    0,   ,   0,    ,    0,    0,    0,    0, 
WP, 95, 2018122112, 03, CLIP,  24, 113N, 1154E,  26,    0,   ,   0,    ,    0,    0,    0,    0, 
WP, 95, 2018122112, 03, CLIP,  36, 113N, 1138E,  35,    0,   ,   0,    ,    0,    0,    0,    0, 
WP, 95, 2018122112, 03, CLIP,  48, 114N, 1127E,  43,    0,   ,   0,    ,    0,    0,    0,    0, 
WP, 95, 2018122112, 03, CLIP,  72, 113N, 1099E,  57,    0,   ,   0,    ,    0,    0,    0,    0, 
WP, 95, 2018122112, 03, EEMN,   0, 113N, 1178E,  21, 1009, XX,  34, NEQ,    0,    0,    0,    0, 
WP, 95, 2018122112, 03, EEMN,  12, 102N, 1156E,  25, 1008, XX,  34, NEQ,    0,    0,    0,    0, 
WP, 95, 2018122112, 03, EEMN,  18, 102N, 1146E,  25, 1005, XX,  34, NEQ,    0,    0,    0,    0, 
WP, 95, 2018122112, 03, EEMN,  24,  99N, 1138E,  25, 1007, XX,  34, NEQ,    0,    0,    0,    0, 
WP, 95, 2018122112, 03, EEMN,  30,  98N, 1130E,  26, 1006, XX,  34, NEQ,    0,    0,    0,    0, 
WP, 95, 2018122112, 03, EEMN,  36,  92N, 1119E,  26, 1007, XX,  34, NEQ,    0,    0,    0,    0, 
WP, 95, 2018122112, 03, FBAM,  12, 113N, 1165E,   0,    0,   ,   0,    ,    0,    0,    0,    0, 
WP, 95, 2018122112, 03, FBAM,  24, 119N, 1136E,   0,    0,   ,   0,    ,    0,    0,    0,    0, 
WP, 95, 2018122112, 03, FBAM,  36, 122N, 1109E,   0,    0,   ,   0,    ,    0,    0,    0,    0, 
WP, 95, 2018122112, 03, FBAM,  48, 121N, 1083E,   0,    0,   ,   0,    ,    0,    0,    0,    0, 
WP, 95, 2018122112, 03, FBAM,  72, 113N, 1035E,   0,    0,   ,   0,    ,    0,    0,    0,    0, 
WP, 95, 2018122112, 03, HPAC,  12, 112N, 1172E,   0,    0,   ,   0,    ,    0,    0,    0,    0, 
WP, 95, 2018122112, 03, HPAC,  24, 113N, 1153E,   0,    0,   ,   0,    ,    0,    0,    0,    0, 
WP, 95, 2018122112, 03, HPAC,  36, 112N, 1132E,   0,    0,   ,   0,    ,    0,    0,    0,    0, 
WP, 95, 2018122112, 03, HPAC,  48, 113N, 1114E,   0,    0,   ,   0,    ,    0,    0,    0,    0, 
WP, 95, 2018122112, 03, HPAC,  72, 107N, 1080E,   0,    0,   ,   0,    ,    0,    0,    0,    0, 
WP, 95, 2018122112, 03, MBAM,  12, 112N, 1168E,   0,    0,   ,   0,    ,    0,    0,    0,    0, 
WP, 95, 2018122112, 03, MBAM,  24, 115N, 1145E,   0,    0,   ,   0,    ,    0,    0,    0,    0, 
WP, 95, 2018122112, 03, MBAM,  36, 116N, 1125E,   0,    0,   ,   0,    ,    0,    0,    0,    0, 
WP, 95, 2018122112, 03, MBAM,  48, 114N, 1105E,   0,    0,   ,   0,    ,    0,    0,    0,    0, 
WP, 95, 2018122112, 03, MBAM,  72, 110N, 1067E,   0,    0,   ,   0,    ,    0,    0,    0,    0, 
WP, 95, 2018122112, 03, SBAM,  12, 111N, 1169E,   0,    0,   ,   0,    ,    0,    0,    0,    0, 
WP, 95, 2018122112, 03, SBAM,  24, 115N, 1148E,   0,    0,   ,   0,    ,    0,    0,    0,    0, 
WP, 95, 2018122112, 03, SBAM,  36, 116N, 1128E,   0,    0,   ,   0,    ,    0,    0,    0,    0, 
WP, 95, 2018122112, 03, SBAM,  48, 116N, 1111E,   0,    0,   ,   0,    ,    0,    0,    0,    0, 
WP, 95, 2018122112, 03, SBAM,  72, 116N, 1077E,   0,    0,   ,   0,    ,    0,    0,    0,    0, 
WP, 95, 2018122112, 03, ST5D,  12,   0N,    0E,  15,    0,   ,   0,    ,    0,    0,    0,    0, 
WP, 95, 2018122112, 03, ST5D,  24,   0N,    0E,  16,    0,   ,   0,    ,    0,    0,    0,    0, 
WP, 95, 2018122112, 03, ST5D,  36,   0N,    0E,  20,    0,   ,   0,    ,    0,    0,    0,    0, 
WP, 95, 2018122112, 03, ST5D,  48,   0N,    0E,  23,    0,   ,   0,    ,    0,    0,    0,    0, 
WP, 95, 2018122112, 03, ST5D,  60,   0N,    0E,  28,    0,   ,   0,    ,    0,    0,    0,    0, 
WP, 95, 2018122112, 03, ST5D,  72,   0N,    0E,  33,    0,   ,   0,    ,    0,    0,    0,    0, 
WP, 95, 2018122112, 03, ST5D,  84,   0N,    0E,  31,    0,   ,   0,    ,    0,    0,    0,    0, 
WP, 95, 2018122112, 03, ST5D,  96,   0N,    0E,  34,    0,   ,   0,    ,    0,    0,    0,    0, 
WP, 95, 2018122112, 03, ST5D, 108,   0N,    0E,  27,    0,   ,   0,    ,    0,    0,    0,    0, 
WP, 95, 2018122112, 03, ST5D, 120,   0N,    0E,  28,    0,   ,   0,    ,    0,    0,    0,    0, 
WP, 95, 2018122112, 03, TCLP,   0, 110N, 1191E,  15,    0,   ,   0,    ,    0,    0,    0,    0, 
WP, 95, 2018122112, 03, WBAR,   0, 110N, 1191E,   0,    0,   ,   0,    ,    0,    0,    0,    0, 
WP, 95, 2018122112, 03, WBAR,   6, 125N, 1169E,   0,    0,   ,   0,    ,    0,    0,    0,    0, 
WP, 95, 2018122112, 03, WBAR,  12, 124N, 1151E,   0,    0,   ,   0,    ,    0,    0,    0,    0, 
WP, 95, 2018122112, 03, WBAR,  18, 103N, 1154E,   0,    0,   ,   0,    ,    0,    0,    0,    0, 
WP, 95, 2018122112, 03, WBAR,  24, 107N, 1135E,   0,    0,   ,   0,    ,    0,    0,    0,    0, 
WP, 95, 2018122112, 03, WBAR,  30, 111N, 1122E,   0,    0,   ,   0,    ,    0,    0,    0,    0, 
WP, 95, 2018122112, 03, WBAR,  36, 113N, 1109E,   0,    0,   ,   0,    ,    0,    0,    0,    0, 
WP, 95, 2018122112, 03, WBAR,  42, 115N, 1098E,   0,    0,   ,   0,    ,    0,    0,    0,    0, 
WP, 95, 2018122112, 03, WBAR,  48, 116N, 1087E,   0,    0,   ,   0,    ,    0,    0,    0,    0, 
WP, 95, 2018122112, 03, WBAR,  54, 117N, 1077E,   0,    0,   ,   0,    ,    0,    0,    0,    0, 
WP, 95, 2018122112, 03, WBAR,  60, 118N, 1069E,   0,    0,   ,   0,    ,    0,    0,    0,    0, 
WP, 95, 2018122112, 03, WBAR,  66, 119N, 1061E,   0,    0,   ,   0,    ,    0,    0,    0,    0, 
WP, 95, 2018122112, 03, WBAR,  72, 121N, 1053E,   0,    0,   ,   0,    ,    0,    0,    0,    0, 
WP, 95, 2018122112, 03, XTRP,  12, 110N, 1169E,  15,    0,   ,   0,    ,    0,    0,    0,    0, 
WP, 95, 2018122112, 03, XTRP,  24, 110N, 1147E,  15,    0,   ,   0,    ,    0,    0,    0,    0, 
WP, 95, 2018122112, 03, XTRP,  36, 110N, 1125E,  15,    0,   ,   0,    ,    0,    0,    0,    0, 
WP, 95, 2018122112, 03, XTRP,  48, 110N, 1103E,  15,    0,   ,   0,    ,    0,    0,    0,    0, 
WP, 95, 2018122112, 03, XTRP,  60, 110N, 1081E,  15,    0,   ,   0,    ,    0,    0,    0,    0, 
WP, 95, 2018122112, 03, XTRP,  72, 110N, 1059E,  15,    0,   ,   0,    ,    0,    0,    0,    0, 
WP, 95, 2018122112, 03, XTRP,  84, 110N, 1037E,  15,    0,   ,   0,    ,    0,    0,    0,    0, 
WP, 95, 2018122112, 03, XTRP,  96, 110N, 1015E,  15,    0,   ,   0,    ,    0,    0,    0,    0, 
WP, 95, 2018122112, 03, XTRP, 108, 110N,  993E,  15,    0,   ,   0,    ,    0,    0,    0,    0, 
WP, 95, 2018122112, 03, XTRP, 120, 110N,  971E,  15,    0,   ,   0,    ,    0,    0,    0,    0, 
WP, 95, 2018122112, 71, JNVG,   0, 101N, 1178E,  15,    0,   ,  34, NEQ,    0,    0,    0,    0, 
WP, 95, 2018122112, 72, JAVN,   0,  70N, 1220E,  15,    0,   ,  34, NEQ,    0,    0,    0,    0, 
WP, 95, 2018122112, 73, JUKM,   0, 131N, 1200E,  15,    0,   ,  34, NEQ,    0,    0,    0,    0, 
WP, 95, 2018122112, 73, JUKM,  12,  90N, 1172E,  15,    0,   ,  34, NEQ,    0,    0,    0,    0, 
WP, 95, 2018122112, 73, JUKM,  24,  92N, 1163E,  15,    0,   ,  34, NEQ,    0,    0,    0,    0, 
WP, 95, 2018122112, 73, JUKM,  36,  89N, 1156E,  10,    0,   ,  34, NEQ,    0,    0,    0,    0, 
WP, 95, 2018122112, 73, JUKM,  48,  89N, 1147E,  10,    0,   ,  34, NEQ,    0,    0,    0,    0, 
WP, 95, 2018122112, 73, JUKM,  60,  89N, 1138E,  15,    0,   ,  34, NEQ,    0,    0,    0,    0, 
WP, 95, 2018122112, 73, JUKM,  72,  91N, 1128E,  15,    0,   ,  34, NEQ,    0,    0,    0,    0, 
WP, 95, 2018122112, 73, JUKM,  84,  90N, 1110E,  15,    0,   ,  34, NEQ,    0,    0,    0,    0, 
WP, 95, 2018122112, 73, JUKM,  96,  81N, 1105E,  20,    0,   ,  34, NEQ,    0,    0,    0,    0, 
WP, 95, 2018122112, 73, JUKM, 108,  78N, 1103E,  15,    0,   ,  34, NEQ,    0,    0,    0,    0, 
WP, 95, 2018122112, 73, JUKM, 120,  72N, 1107E,  15,    0,   ,  34, NEQ,    0,    0,    0,    0, 
WP, 95, 2018122118, 01, CARQ, -18, 110N, 1205E,  15,    0,   ,   0,    ,    0,    0,    0,    0, 
WP, 95, 2018122118, 01, CARQ, -12, 110N, 1195E,  15,    0,   ,   0,    ,    0,    0,    0,    0, 
WP, 95, 2018122118, 01, CARQ,  -6, 110N, 1184E,  15,    0,   ,   0,    ,    0,    0,    0,    0, 
WP, 95, 2018122118, 01, CARQ,   0, 110N, 1173E,  15,    0,   ,   0,    ,    0,    0,    0,    0, 
WP, 95, 2018122118, 03, C120,  12, 110N, 1154E,   0,    0,   ,   0,    ,    0,    0,    0,    0, 
WP, 95, 2018122118, 03, C120,  24, 110N, 1136E,   0,    0,   ,   0,    ,    0,    0,    0,    0, 
WP, 95, 2018122118, 03, C120,  36, 110N, 1120E,   0,    0,   ,   0,    ,    0,    0,    0,    0, 
WP, 95, 2018122118, 03, C120,  48, 110N, 1105E,   0,    0,   ,   0,    ,    0,    0,    0,    0, 
WP, 95, 2018122118, 03, C120,  60, 110N, 1091E,   0,    0,   ,   0,    ,    0,    0,    0,    0, 
WP, 95, 2018122118, 03, C120,  72, 109N, 1077E,   0,    0,   ,   0,    ,    0,    0,    0,    0, 
WP, 95, 2018122118, 03, C120,  84, 108N, 1066E,   0,    0,   ,   0,    ,    0,    0,    0,    0, 
WP, 95, 2018122118, 03, C120,  96, 107N, 1057E,   0,    0,   ,   0,    ,    0,    0,    0,    0, 
WP, 95, 2018122118, 03, C120, 108, 105N, 1050E,   0,    0,   ,   0,    ,    0,    0,    0,    0, 
WP, 95, 2018122118, 03, C120, 120, 103N, 1046E,   0,    0,   ,   0,    ,    0,    0,    0,    0, 
WP, 95, 2018122118, 03, CLIM,  12, 113N, 1157E,  15,    0,   ,   0,    ,    0,    0,    0,    0, 
WP, 95, 2018122118, 03, CLIM,  24, 115N, 1145E,  10,    0,   ,   0,    ,    0,    0,    0,    0, 
WP, 95, 2018122118, 03, CLIM,  36, 109N, 1127E,   8,    0,   ,   0,    ,    0,    0,    0,    0, 
WP, 95, 2018122118, 03, CLIM,  48, 101N, 1120E,   7,    0,   ,   0,    ,    0,    0,    0,    0, 
WP, 95, 2018122118, 03, CLIM,  72, 108N, 1094E,   0,    0,   ,   0,    ,    0,    0,    0,    0, 
WP, 95, 2018122118, 03, CLIP,  12, 111N, 1154E,  18,    0,   ,   0,    ,    0,    0,    0,    0, 
WP, 95, 2018122118, 03, CLIP,  24, 112N, 1137E,  26,    0,   ,   0,    ,    0,    0,    0,    0, 
WP, 95, 2018122118, 03, CLIP,  36, 113N, 1120E,  34,    0,   ,   0,    ,    0,    0,    0,    0, 
WP, 95, 2018122118, 03, CLIP,  48, 114N, 1110E,  42,    0,   ,   0,    ,    0,    0,    0,    0, 
WP, 95, 2018122118, 03, CLIP,  72, 113N, 1084E,  56,    0,   ,   0,    ,    0,    0,    0,    0, 
WP, 95, 2018122118, 03, FBAM,  12, 113N, 1148E,   0,    0,   ,   0,    ,    0,    0,    0,    0, 
WP, 95, 2018122118, 03, FBAM,  24, 120N, 1121E,   0,    0,   ,   0,    ,    0,    0,    0,    0, 
WP, 95, 2018122118, 03, FBAM,  36, 121N, 1097E,   0,    0,   ,   0,    ,    0,    0,    0,    0, 
WP, 95, 2018122118, 03, FBAM,  48, 120N, 1072E,   0,    0,   ,   0,    ,    0,    0,    0,    0, 
WP, 95, 2018122118, 03, FBAM,  72, 114N, 1024E,   0,    0,   ,   0,    ,    0,    0,    0,    0, 
WP, 95, 2018122118, 03, HPAC,  12, 111N, 1154E,   0,    0,   ,   0,    ,    0,    0,    0,    0, 
WP, 95, 2018122118, 03, HPAC,  24, 112N, 1137E,   0,    0,   ,   0,    ,    0,    0,    0,    0, 
WP, 95, 2018122118, 03, HPAC,  36, 110N, 1117E,   0,    0,   ,   0,    ,    0,    0,    0,    0, 
WP, 95, 2018122118, 03, HPAC,  48, 106N, 1103E,   0,    0,   ,   0,    ,    0,    0,    0,    0, 
WP, 95, 2018122118, 03, HPAC,  72, 109N, 1068E,   0,    0,   ,   0,    ,    0,    0,    0,    0, 
WP, 95, 2018122118, 03, MBAM,  12, 111N, 1150E,   0,    0,   ,   0,    ,    0,    0,    0,    0, 
WP, 95, 2018122118, 03, MBAM,  24, 112N, 1130E,   0,    0,   ,   0,    ,    0,    0,    0,    0, 
WP, 95, 2018122118, 03, MBAM,  36, 110N, 1112E,   0,    0,   ,   0,    ,    0,    0,    0,    0, 
WP, 95, 2018122118, 03, MBAM,  48, 107N, 1094E,   0,    0,   ,   0,    ,    0,    0,    0,    0, 
WP, 95, 2018122118, 03, MBAM,  72,  99N, 1067E,   0,    0,   ,   0,    ,    0,    0,    0,    0, 
WP, 95, 2018122118, 03, RECR,  12, 117N, 1156E,  25,    0,   ,   0,    ,    0,    0,    0,    0, 
WP, 95, 2018122118, 03, SBAM,  12, 111N, 1151E,   0,    0,   ,   0,    ,    0,    0,    0,    0, 
WP, 95, 2018122118, 03, SBAM,  24, 111N, 1132E,   0,    0,   ,   0,    ,    0,    0,    0,    0, 
WP, 95, 2018122118, 03, SBAM,  36, 109N, 1116E,   0,    0,   ,   0,    ,    0,    0,    0,    0, 
WP, 95, 2018122118, 03, SBAM,  48, 105N, 1103E,   0,    0,   ,   0,    ,    0,    0,    0,    0, 
WP, 95, 2018122118, 03, SBAM,  72, 100N, 1088E,   0,    0,   ,   0,    ,    0,    0,    0,    0, 
WP, 95, 2018122118, 03, ST5D,  12,   0N,    0E,  15,    0,   ,   0,    ,    0,    0,    0,    0, 
WP, 95, 2018122118, 03, ST5D,  24,   0N,    0E,  15,    0,   ,   0,    ,    0,    0,    0,    0, 
WP, 95, 2018122118, 03, ST5D,  36,   0N,    0E,  20,    0,   ,   0,    ,    0,    0,    0,    0, 
WP, 95, 2018122118, 03, ST5D,  48,   0N,    0E,  23,    0,   ,   0,    ,    0,    0,    0,    0, 
WP, 95, 2018122118, 03, ST5D,  60,   0N,    0E,  28,    0,   ,   0,    ,    0,    0,    0,    0, 
WP, 95, 2018122118, 03, ST5D,  72,   0N,    0E,  33,    0,   ,   0,    ,    0,    0,    0,    0, 
WP, 95, 2018122118, 03, ST5D,  84,   0N,    0E,  29,    0,   ,   0,    ,    0,    0,    0,    0, 
WP, 95, 2018122118, 03, ST5D,  96,   0N,    0E,  31,    0,   ,   0,    ,    0,    0,    0,    0, 
WP, 95, 2018122118, 03, ST5D, 108,   0N,    0E,  25,    0,   ,   0,    ,    0,    0,    0,    0, 
WP, 95, 2018122118, 03, ST5D, 120,   0N,    0E,  26,    0,   ,   0,    ,    0,    0,    0,    0, 
WP, 95, 2018122118, 03, STRT,  12, 114N, 1155E,  15,    0,   ,   0,    ,    0,    0,    0,    0, 
WP, 95, 2018122118, 03, STRT,  24, 115N, 1140E,  15,    0,   ,   0,    ,    0,    0,    0,    0, 
WP, 95, 2018122118, 03, STRT,  36, 117N, 1126E,  15,    0,   ,   0,    ,    0,    0,    0,    0, 
WP, 95, 2018122118, 03, STRT,  48, 118N, 1111E,  15,    0,   ,   0,    ,    0,    0,    0,    0, 
WP, 95, 2018122118, 03, STRT,  72, 123N, 1075E,  15,    0,   ,   0,    ,    0,    0,    0,    0, 
WP, 95, 2018122118, 03, TCLP,   0, 110N, 1173E,  15,    0,   ,   0,    ,    0,    0,    0,    0, 
WP, 95, 2018122118, 03, TCLP,  12, 109N, 1152E,  16,    0,   ,   0,    ,    0,    0,    0,    0, 
WP, 95, 2018122118, 03, TCLP,  24, 108N, 1133E,  17,    0,   ,   0,    ,    0,    0,    0,    0, 
WP, 95, 2018122118, 03, TCLP,  36, 106N, 1116E,  17,    0,   ,   0,    ,    0,    0,    0,    0, 
WP, 95, 2018122118, 03, TCLP,  48, 103N, 1101E,  16,    0,   ,   0,    ,    0,    0,    0,    0, 
WP, 95, 2018122118, 03, TCLP,  60, 100N, 1087E,  16,    0,   ,   0,    ,    0,    0,    0,    0, 
WP, 95, 2018122118, 03, WBAI,   0, 110N, 1173E,   0,    0,   ,  34, NEQ,    0,    0,    0,    0, 
WP, 95, 2018122118, 03, WBAI,  12, 105N, 1148E,   0,    0,   ,  34, NEQ,    0,    0,    0,    0, 
WP, 95, 2018122118, 03, WBAI,  24, 104N, 1123E,   0,    0,   ,  34, NEQ,    0,    0,    0,    0, 
WP, 95, 2018122118, 03, WBAI,  36, 108N, 1099E,   0,    0,   ,  34, NEQ,    0,    0,    0,    0, 
WP, 95, 2018122118, 03, WBAI,  48, 111N, 1078E,   0,    0,   ,  34, NEQ,    0,    0,    0,    0, 
WP, 95, 2018122118, 03, WBAI,  60, 113N, 1061E,   0,    0,   ,  34, NEQ,    0,    0,    0,    0, 
WP, 95, 2018122118, 03, WBAI,  72, 115N, 1044E,   0,    0,   ,  34, NEQ,    0,    0,    0,    0, 
WP, 95, 2018122118, 03, XTRP,  12, 110N, 1151E,  15,    0,   ,   0,    ,    0,    0,    0,    0, 
WP, 95, 2018122118, 03, XTRP,  24, 110N, 1129E,  15,    0,   ,   0,    ,    0,    0,    0,    0, 
WP, 95, 2018122118, 03, XTRP,  36, 110N, 1107E,  15,    0,   ,   0,    ,    0,    0,    0,    0, 
WP, 95, 2018122118, 03, XTRP,  48, 110N, 1085E,  15,    0,   ,   0,    ,    0,    0,    0,    0, 
WP, 95, 2018122118, 03, XTRP,  60, 110N, 1063E,  15,    0,   ,   0,    ,    0,    0,    0,    0, 
WP, 95, 2018122118, 03, XTRP,  72, 110N, 1041E,  15,    0,   ,   0,    ,    0,    0,    0,    0, 
WP, 95, 2018122118, 03, XTRP,  84, 110N, 1019E,  15,    0,   ,   0,    ,    0,    0,    0,    0, 
WP, 95, 2018122118, 03, XTRP,  96, 110N,  997E,  15,    0,   ,   0,    ,    0,    0,    0,    0, 
WP, 95, 2018122118, 03, XTRP, 108, 110N,  975E,  15,    0,   ,   0,    ,    0,    0,    0,    0, 
WP, 95, 2018122118, 03, XTRP, 120, 110N,  953E,  15,    0,   ,   0,    ,    0,    0,    0,    0, 
WP, 95, 2018122118, 71, JNVG,   0, 125N, 1196E,  15,    0,   ,  34, NEQ,    0,    0,    0,    0, 
WP, 95, 2018122118, 71, JNVG,  12,  94N, 1154E,  15,    0,   ,  34, NEQ,    0,    0,    0,    0, 
WP, 95, 2018122118, 71, JNVG,  24, 105N, 1138E,  15,    0,   ,  34, NEQ,    0,    0,    0,    0, 
WP, 95, 2018122118, 71, JNVG,  36,  85N, 1105E,  15,    0,   ,  34, NEQ,    0,    0,    0,    0, 
WP, 95, 2018122118, 71, JNVG,  48,  85N, 1101E,  20,    0,   ,  34, NEQ,    0,    0,    0,    0, 
WP, 95, 2018122118, 72, JAVN,   0, 131N, 1199E,  15,    0,   ,  34, NEQ,    0,    0,    0,    0, 
WP, 95, 2018122200, 01, CARQ, -24, 110N, 1205E,  15,    0,   ,   0,    ,    0,    0,    0,    0, 
WP, 95, 2018122200, 01, CARQ, -18, 110N, 1195E,  15,    0,   ,   0,    ,    0,    0,    0,    0, 
WP, 95, 2018122200, 01, CARQ, -12, 110N, 1184E,  15,    0,   ,   0,    ,    0,    0,    0,    0, 
WP, 95, 2018122200, 01, CARQ,  -6, 110N, 1173E,  15,    0,   ,   0,    ,    0,    0,    0,    0, 
WP, 95, 2018122200, 01, CARQ,   0, 112N, 1156E,  15,    0,   ,   0,    ,    0,    0,    0,    0, 
WP, 95, 2018122200, 03, C120,  12, 113N, 1132E,   0,    0,   ,   0,    ,    0,    0,    0,    0, 
WP, 95, 2018122200, 03, C120,  24, 114N, 1110E,   0,    0,   ,   0,    ,    0,    0,    0,    0, 
WP, 95, 2018122200, 03, C120,  36, 114N, 1090E,   0,    0,   ,   0,    ,    0,    0,    0,    0, 
WP, 95, 2018122200, 03, C120,  48, 114N, 1072E,   0,    0,   ,   0,    ,    0,    0,    0,    0, 
WP, 95, 2018122200, 03, C120,  60, 114N, 1055E,   0,    0,   ,   0,    ,    0,    0,    0,    0, 
WP, 95, 2018122200, 03, C120,  72, 112N, 1039E,   0,    0,   ,   0,    ,    0,    0,    0,    0, 
WP, 95, 2018122200, 03, C120,  84, 110N, 1027E,   0,    0,   ,   0,    ,    0,    0,    0,    0, 
WP, 95, 2018122200, 03, C120,  96, 108N, 1018E,   0,    0,   ,   0,    ,    0,    0,    0,    0, 
WP, 95, 2018122200, 03, C120, 108, 106N, 1011E,   0,    0,   ,   0,    ,    0,    0,    0,    0, 
WP, 95, 2018122200, 03, C120, 120, 103N, 1007E,   0,    0,   ,   0,    ,    0,    0,    0,    0, 
WP, 95, 2018122200, 03, CLIM,  12, 111N, 1140E,  13,    0,   ,   0,    ,    0,    0,    0,    0, 
WP, 95, 2018122200, 03, CLIM,  24, 110N, 1123E,   3,    0,   ,   0,    ,    0,    0,    0,    0, 
WP, 95, 2018122200, 03, CLIM,  36, 107N, 1118E,   2,    0,   ,   0,    ,    0,    0,    0,    0, 
WP, 95, 2018122200, 03, CLIM,  48, 103N, 1107E,   0,    0,   ,   0,    ,    0,    0,    0,    0, 
WP, 95, 2018122200, 03, CLIM,  72, 126N, 1098E,  10,    0,   ,   0,    ,    0,    0,    0,    0, 
WP, 95, 2018122200, 03, CLIP,  12, 115N, 1133E,  18,    0,   ,   0,    ,    0,    0,    0,    0, 
WP, 95, 2018122200, 03, CLIP,  24, 117N, 1113E,  26,    0,   ,   0,    ,    0,    0,    0,    0, 
WP, 95, 2018122200, 03, CLIP,  36, 119N, 1095E,  35,    0,   ,   0,    ,    0,    0,    0,    0, 
WP, 95, 2018122200, 03, CLIP,  48, 123N, 1084E,  42,    0,   ,   0,    ,    0,    0,    0,    0, 
WP, 95, 2018122200, 03, CLIP,  72, 127N, 1069E,  55,    0,   ,   0,    ,    0,    0,    0,    0, 
WP, 95, 2018122200, 03, CONW,   0, 112N, 1156E,  15,    0,   ,   0,    ,    0,    0,    0,    0, 
WP, 95, 2018122200, 03, CONW,  12, 104N, 1136E,  15,    0,   ,   0,    ,    0,    0,    0,    0, 
WP, 95, 2018122200, 03, CONW,  24,  99N, 1118E,  14,    0,   ,   0,    ,    0,    0,    0,    0, 
WP, 95, 2018122200, 03, CONW,  36,  94N, 1103E,  15,    0,   ,   0,    ,    0,    0,    0,    0, 
WP, 95, 2018122200, 03, CONW,  48,  90N, 1092E,  17,    0,   ,   0,    ,    0,    0,    0,    0, 
WP, 95, 2018122200, 03, EEM2,   0, 112N, 1156E,  15,    0,   ,  34, NEQ,    0,    0,    0,    0, 
WP, 95, 2018122200, 03, EEM2,  12, 107N, 1137E,  16,    0,   ,  34, NEQ,    0,    0,    0,    0, 
WP, 95, 2018122200, 03, EEM2,  24, 100N, 1118E,  16,    0,   ,  34, NEQ,    0,    0,    0,    0, 
WP, 95, 2018122200, 03, EEM2,  36,  93N, 1099E,  16,    0,   ,  34, NEQ,    0,    0,    0,    0, 
WP, 95, 2018122200, 03, FBAM,  12, 116N, 1128E,   0,    0,   ,   0,    ,    0,    0,    0,    0, 
WP, 95, 2018122200, 03, FBAM,  24, 120N, 1101E,   0,    0,   ,   0,    ,    0,    0,    0,    0, 
WP, 95, 2018122200, 03, FBAM,  36, 119N, 1075E,   0,    0,   ,   0,    ,    0,    0,    0,    0, 
WP, 95, 2018122200, 03, FBAM,  48, 116N, 1049E,   0,    0,   ,   0,    ,    0,    0,    0,    0, 
WP, 95, 2018122200, 03, FBAM,  72, 110N,  999E,   0,    0,   ,   0,    ,    0,    0,    0,    0, 
WP, 95, 2018122200, 03, HPAC,  12, 112N, 1134E,   0,    0,   ,   0,    ,    0,    0,    0,    0, 
WP, 95, 2018122200, 03, HPAC,  24, 113N, 1112E,   0,    0,   ,   0,    ,    0,    0,    0,    0, 
WP, 95, 2018122200, 03, HPAC,  36, 112N, 1095E,   0,    0,   ,   0,    ,    0,    0,    0,    0, 
WP, 95, 2018122200, 03, HPAC,  48, 112N, 1076E,   0,    0,   ,   0,    ,    0,    0,    0,    0, 
WP, 95, 2018122200, 03, HPAC,  72, 125N, 1043E,   0,    0,   ,   0,    ,    0,    0,    0,    0, 
WP, 95, 2018122200, 03, JNVI,   0, 112N, 1156E,  15,    0,   ,  34, NEQ,    0,    0,    0,    0, 
WP, 95, 2018122200, 03, JNVI,  12, 100N, 1126E,  15,    0,   ,  34, NEQ,    0,    0,    0,    0, 
WP, 95, 2018122200, 03, JNVI,  24,  95N, 1102E,  15,    0,   ,  34, NEQ,    0,    0,    0,    0, 
WP, 95, 2018122200, 03, JNVI,  36,  86N, 1084E,  17,    0,   ,  34, NEQ,    0,    0,    0,    0, 
WP, 95, 2018122200, 03, JNVI,  48,  78N, 1067E,  20,    0,   ,  34, NEQ,    0,    0,    0,    0, 
WP, 95, 2018122200, 03, JUK2,   0, 112N, 1156E,  15,    0,   ,  34, NEQ,    0,    0,    0,    0, 
WP, 95, 2018122200, 03, JUK2,  12, 104N, 1143E,  13,    0,   ,  34, NEQ,    0,    0,    0,    0, 
WP, 95, 2018122200, 03, JUK2,  24, 102N, 1135E,  11,    0,   ,  34, NEQ,    0,    0,    0,    0, 
WP, 95, 2018122200, 03, JUK2,  36, 102N, 1127E,  11,    0,   ,  34, NEQ,    0,    0,    0,    0, 
WP, 95, 2018122200, 03, JUK2,  48, 102N, 1118E,  13,    0,   ,  34, NEQ,    0,    0,    0,    0, 
WP, 95, 2018122200, 03, JUK2,  60, 103N, 1106E,  15,    0,   ,  34, NEQ,    0,    0,    0,    0, 
WP, 95, 2018122200, 03, JUK2,  72, 101N, 1093E,  16,    0,   ,  34, NEQ,    0,    0,    0,    0, 
WP, 95, 2018122200, 03, JUK2,  84,  95N, 1086E,  17,    0,   ,  34, NEQ,    0,    0,    0,    0, 
WP, 95, 2018122200, 03, JUK2,  96,  90N, 1084E,  16,    0,   ,  34, NEQ,    0,    0,    0,    0, 
WP, 95, 2018122200, 03, JUK2, 108,  85N, 1087E,  15,    0,   ,  34, NEQ,    0,    0,    0,    0, 
WP, 95, 2018122200, 03, JUK2, 120,  79N, 1089E,  16,    0,   ,  34, NEQ,    0,    0,    0,    0, 
WP, 95, 2018122200, 03, MBAM,  12, 114N, 1129E,   0,    0,   ,   0,    ,    0,    0,    0,    0, 
WP, 95, 2018122200, 03, MBAM,  24, 113N, 1107E,   0,    0,   ,   0,    ,    0,    0,    0,    0, 
WP, 95, 2018122200, 03, MBAM,  36, 110N, 1084E,   0,    0,   ,   0,    ,    0,    0,    0,    0, 
WP, 95, 2018122200, 03, MBAM,  48, 106N, 1062E,   0,    0,   ,   0,    ,    0,    0,    0,    0, 
WP, 95, 2018122200, 03, MBAM,  72,  98N, 1025E,   0,    0,   ,   0,    ,    0,    0,    0,    0, 
WP, 95, 2018122200, 03, SBAM,  12, 114N, 1129E,   0,    0,   ,   0,    ,    0,    0,    0,    0, 
WP, 95, 2018122200, 03, SBAM,  24, 112N, 1108E,   0,    0,   ,   0,    ,    0,    0,    0,    0, 
WP, 95, 2018122200, 03, SBAM,  36, 108N, 1088E,   0,    0,   ,   0,    ,    0,    0,    0,    0, 
WP, 95, 2018122200, 03, SBAM,  48, 103N, 1070E,   0,    0,   ,   0,    ,    0,    0,    0,    0, 
WP, 95, 2018122200, 03, SBAM,  72,  96N, 1044E,   0,    0,   ,   0,    ,    0,    0,    0,    0, 
WP, 95, 2018122200, 03, ST5D,  12,   0N,    0E,  15,    0,   ,   0,    ,    0,    0,    0,    0, 
WP, 95, 2018122200, 03, ST5D,  24,   0N,    0E,  15,    0,   ,   0,    ,    0,    0,    0,    0, 
WP, 95, 2018122200, 03, ST5D,  36,   0N,    0E,  20,    0,   ,   0,    ,    0,    0,    0,    0, 
WP, 95, 2018122200, 03, ST5D,  48,   0N,    0E,  23,    0,   ,   0,    ,    0,    0,    0,    0, 
WP, 95, 2018122200, 03, ST5D,  60,   0N,    0E,  28,    0,   ,   0,    ,    0,    0,    0,    0, 
WP, 95, 2018122200, 03, ST5D,  72,   0N,    0E,  33,    0,   ,   0,    ,    0,    0,    0,    0, 
WP, 95, 2018122200, 03, ST5D,  84,   0N,    0E,  27,    0,   ,   0,    ,    0,    0,    0,    0, 
WP, 95, 2018122200, 03, ST5D,  96,   0N,    0E,  29,    0,   ,   0,    ,    0,    0,    0,    0, 
WP, 95, 2018122200, 03, ST5D, 108,   0N,    0E,  22,    0,   ,   0,    ,    0,    0,    0,    0, 
WP, 95, 2018122200, 03, ST5D, 120,   0N,    0E,  23,    0,   ,   0,    ,    0,    0,    0,    0, 
WP, 95, 2018122200, 03, STRT,  12, 112N, 1133E,  10,    0,   ,   0,    ,    0,    0,    0,    0, 
WP, 95, 2018122200, 03, STRT,  24, 112N, 1117E,   5,    0,   ,   0,    ,    0,    0,    0,    0, 
WP, 95, 2018122200, 03, STRT,  36, 112N, 1102E,   0,    0,   ,   0,    ,    0,    0,    0,    0, 
WP, 95, 2018122200, 03, STRT,  48, 111N, 1077E,   0,    0,   ,   0,    ,    0,    0,    0,    0, 
WP, 95, 2018122200, 03, STRT,  72, 108N, 1033E,   0,    0,   ,   0,    ,    0,    0,    0,    0, 
WP, 95, 2018122200, 03, TCLP,   0, 112N, 1156E,  15,    0,   ,   0,    ,    0,    0,    0,    0, 
WP, 95, 2018122200, 03, WBA2,   0, 112N, 1156E,   0,    0,   ,  34, NEQ,    0,    0,    0,    0, 
WP, 95, 2018122200, 03, WBA2,  12, 105N, 1133E,   0,    0,   ,  34, NEQ,    0,    0,    0,    0, 
WP, 95, 2018122200, 03, WBA2,  24, 109N, 1108E,   0,    0,   ,  34, NEQ,    0,    0,    0,    0, 
WP, 95, 2018122200, 03, WBA2,  36, 112N, 1085E,   0,    0,   ,  34, NEQ,    0,    0,    0,    0, 
WP, 95, 2018122200, 03, WBA2,  48, 114N, 1067E,   0,    0,   ,  34, NEQ,    0,    0,    0,    0, 
WP, 95, 2018122200, 03, WBA2,  60, 117N, 1051E,   0,    0,   ,  34, NEQ,    0,    0,    0,    0, 
WP, 95, 2018122200, 03, WBA2,  72, 120N, 1034E,   0,    0,   ,  34, NEQ,    0,    0,    0,    0, 
WP, 95, 2018122200, 03, XTRP,  12, 114N, 1128E,  15,    0,   ,   0,    ,    0,    0,    0,    0, 
WP, 95, 2018122200, 03, XTRP,  24, 116N, 1100E,  15,    0,   ,   0,    ,    0,    0,    0,    0, 
WP, 95, 2018122200, 03, XTRP,  36, 118N, 1072E,  15,    0,   ,   0,    ,    0,    0,    0,    0, 
WP, 95, 2018122200, 03, XTRP,  48, 120N, 1044E,  15,    0,   ,   0,    ,    0,    0,    0,    0, 
WP, 95, 2018122200, 03, XTRP,  60, 122N, 1016E,  15,    0,   ,   0,    ,    0,    0,    0,    0, 
WP, 95, 2018122200, 03, XTRP,  72, 124N,  988E,  15,    0,   ,   0,    ,    0,    0,    0,    0, 
WP, 95, 2018122200, 03, XTRP,  84, 125N,  959E,  15,    0,   ,   0,    ,    0,    0,    0,    0, 
WP, 95, 2018122200, 03, XTRP,  96, 127N,  931E,  15,    0,   ,   0,    ,    0,    0,    0,    0, 
WP, 95, 2018122200, 03, XTRP, 108, 129N,  903E,  15,    0,   ,   0,    ,    0,    0,    0,    0, 
WP, 95, 2018122200, 03, XTRP, 120, 131N,  875E,  15,    0,   ,   0,    ,    0,    0,    0,    0, 
