EP, 92, 2019091606, 01, CARQ, -24, 108N,  907W,  15,    0, DB,  34, AAA,    0,    0,    0,    0,    0,    0,   0,   0,   0,   E,   0,   X,   0,   0,     INVEST,  , 
EP, 92, 2019091606, 01, CARQ, -18, 107N,  918W,  15,    0, DB,  34, AAA,    0,    0,    0,    0,    0,    0,   0,   0,   0,   E,   0,   X,   0,   0,     INVEST,  , 
EP, 92, 2019091606, 01, CARQ, -12, 107N,  928W,  15,    0, DB,  34, AAA,    0,    0,    0,    0,    0,    0,   0,   0,   0,   E,   0,   X, 273,  10,     INVEST,  , 
EP, 92, 2019091606, 01, CARQ,  -6, 108N,  939W,  20,    0, DB,  34, AAA,    0,    0,    0,    0,    0,    0,   0,   0,   0,   E,   0,   X,   0,   0,     INVEST,  , 
EP, 92, 2019091606, 01, CARQ,   0, 110N,  950W,  20, 1009, DB,  34, NEQ,    0,    0,    0,    0, 1011,  120,  75,   0,   0,   E,   0,   X, 275,  11,     INVEST, S, 
EP, 92, 2019091606, 01, CARQ,   0, 110N,  950W,  20, 1009, DB,  50, NEQ,    0,    0,    0,    0, 1011,  120,  75,   0,   0,   E,   0,   X, 275,  11,     INVEST, S, 
EP, 92, 2019091606, 01, CARQ,   0, 110N,  950W,  20, 1009, DB,  64, NEQ,    0,    0,    0,    0, 1011,  120,  75,   0,   0,   E,   0,   X, 275,  11,     INVEST, S, 
EP, 92, 2019091606, 03, CLP5,  12, 114N,  971W,   0,    0,   ,   0,    ,    0,    0,    0,    0, 
EP, 92, 2019091606, 03, CLP5,  24, 120N,  989W,   0,    0,   ,   0,    ,    0,    0,    0,    0, 
EP, 92, 2019091606, 03, CLP5,  36, 127N, 1007W,   0,    0,   ,   0,    ,    0,    0,    0,    0, 
EP, 92, 2019091606, 03, CLP5,  48, 135N, 1024W,   0,    0,   ,   0,    ,    0,    0,    0,    0, 
EP, 92, 2019091606, 03, CLP5,  60, 142N, 1038W,   0,    0,   ,   0,    ,    0,    0,    0,    0, 
EP, 92, 2019091606, 03, CLP5,  72, 147N, 1052W,   0,    0,   ,   0,    ,    0,    0,    0,    0, 
EP, 92, 2019091606, 03, CLP5,  84, 157N, 1066W,   0,    0,   ,   0,    ,    0,    0,    0,    0, 
EP, 92, 2019091606, 03, CLP5,  96, 162N, 1078W,   0,    0,   ,   0,    ,    0,    0,    0,    0, 
EP, 92, 2019091606, 03, CLP5, 108, 168N, 1092W,   0,    0,   ,   0,    ,    0,    0,    0,    0, 
EP, 92, 2019091606, 03, CLP5, 120, 174N, 1104W,   0,    0,   ,   0,    ,    0,    0,    0,    0, 
EP, 92, 2019091606, 03, DSHP,   0, 110N,  950W,  20,    0, TD,   0,    ,    0,    0,    0,    0, 
EP, 92, 2019091606, 03, DSHP,  12, 113N,  971W,  21,    0, TD,   0,    ,    0,    0,    0,    0, 
EP, 92, 2019091606, 03, DSHP,  24, 116N,  991W,  22,    0, TD,   0,    ,    0,    0,    0,    0, 
EP, 92, 2019091606, 03, DSHP,  36, 124N, 1008W,  27,    0, TD,   0,    ,    0,    0,    0,    0, 
EP, 92, 2019091606, 03, DSHP,  48, 134N, 1021W,  32,    0, TD,   0,    ,    0,    0,    0,    0, 
EP, 92, 2019091606, 03, DSHP,  60, 144N, 1032W,  35,    0, TS,   0,    ,    0,    0,    0,    0, 
EP, 92, 2019091606, 03, DSHP,  72, 152N, 1037W,  41,    0, TS,   0,    ,    0,    0,    0,    0, 
EP, 92, 2019091606, 03, DSHP,  84, 153N, 1037W,  43,    0, TS,   0,    ,    0,    0,    0,    0, 
EP, 92, 2019091606, 03, DSHP,  96, 154N, 1036W,  43,    0, TS,   0,    ,    0,    0,    0,    0, 
EP, 92, 2019091606, 03, DSHP, 108, 159N, 1039W,  46,    0, TS,   0,    ,    0,    0,    0,    0, 
EP, 92, 2019091606, 03, DSHP, 120, 170N, 1048W,  48,    0, TS,   0,    ,    0,    0,    0,    0, 
EP, 92, 2019091606, 03, IVCN,   0,   0N,    0W,  20,    0,   ,   0,    ,    0,    0,    0,    0, 
EP, 92, 2019091606, 03, IVCN,  12,   0N,    0W,  21,    0,   ,   0,    ,    0,    0,    0,    0, 
EP, 92, 2019091606, 03, IVCN,  24,   0N,    0W,  21,    0,   ,   0,    ,    0,    0,    0,    0, 
EP, 92, 2019091606, 03, IVCN,  36,   0N,    0W,  24,    0,   ,   0,    ,    0,    0,    0,    0, 
EP, 92, 2019091606, 03, IVCN,  48,   0N,    0W,  26,    0,   ,   0,    ,    0,    0,    0,    0, 
EP, 92, 2019091606, 03, IVCN,  60,   0N,    0W,  27,    0,   ,   0,    ,    0,    0,    0,    0, 
EP, 92, 2019091606, 03, IVCN,  72,   0N,    0W,  31,    0,   ,   0,    ,    0,    0,    0,    0, 
EP, 92, 2019091606, 03, IVCN,  84,   0N,    0W,  32,    0,   ,   0,    ,    0,    0,    0,    0, 
EP, 92, 2019091606, 03, IVCN,  96,   0N,    0W,  32,    0,   ,   0,    ,    0,    0,    0,    0, 
EP, 92, 2019091606, 03, IVCN, 108,   0N,    0W,  33,    0,   ,   0,    ,    0,    0,    0,    0, 
EP, 92, 2019091606, 03, IVCN, 120,   0N,    0W,  34,    0,   ,   0,    ,    0,    0,    0,    0, 
EP, 92, 2019091606, 03, LGEM,   0, 110N,  950W,  20,    0, TD,   0,    ,    0,    0,    0,    0, 
EP, 92, 2019091606, 03, LGEM,  12, 113N,  971W,  20,    0, TD,   0,    ,    0,    0,    0,    0, 
EP, 92, 2019091606, 03, LGEM,  24, 116N,  991W,  20,    0, TD,   0,    ,    0,    0,    0,    0, 
EP, 92, 2019091606, 03, LGEM,  36, 124N, 1008W,  20,    0, TD,   0,    ,    0,    0,    0,    0, 
EP, 92, 2019091606, 03, LGEM,  48, 134N, 1021W,  20,    0, TD,   0,    ,    0,    0,    0,    0, 
EP, 92, 2019091606, 03, LGEM,  60, 144N, 1032W,  19,    0, TD,   0,    ,    0,    0,    0,    0, 
EP, 92, 2019091606, 03, LGEM,  72, 152N, 1037W,  20,    0, TD,   0,    ,    0,    0,    0,    0, 
EP, 92, 2019091606, 03, LGEM,  84, 153N, 1037W,  20,    0, TD,   0,    ,    0,    0,    0,    0, 
EP, 92, 2019091606, 03, LGEM,  96, 154N, 1036W,  20,    0, TD,   0,    ,    0,    0,    0,    0, 
EP, 92, 2019091606, 03, LGEM, 108, 159N, 1039W,  20,    0, TD,   0,    ,    0,    0,    0,    0, 
EP, 92, 2019091606, 03, LGEM, 120, 170N, 1048W,  20,    0, TD,   0,    ,    0,    0,    0,    0, 
EP, 92, 2019091606, 03, OCD5,   0, 110N,  950W,  20,    0,   ,   0,    ,    0,    0,    0,    0, 
EP, 92, 2019091606, 03, OCD5,  12, 114N,  971W,  31,    0,   ,   0,    ,    0,    0,    0,    0, 
EP, 92, 2019091606, 03, OCD5,  24, 120N,  989W,  46,    0,   ,   0,    ,    0,    0,    0,    0, 
EP, 92, 2019091606, 03, OCD5,  36, 127N, 1007W,  60,    0,   ,   0,    ,    0,    0,    0,    0, 
EP, 92, 2019091606, 03, OCD5,  48, 135N, 1024W,  73,    0,   ,   0,    ,    0,    0,    0,    0, 
EP, 92, 2019091606, 03, OCD5,  60, 142N, 1038W,  67,    0,   ,   0,    ,    0,    0,    0,    0, 
EP, 92, 2019091606, 03, OCD5,  72, 147N, 1052W,  70,    0,   ,   0,    ,    0,    0,    0,    0, 
EP, 92, 2019091606, 03, OCD5,  84, 157N, 1066W,  70,    0,   ,   0,    ,    0,    0,    0,    0, 
EP, 92, 2019091606, 03, OCD5,  96, 162N, 1078W,  68,    0,   ,   0,    ,    0,    0,    0,    0, 
EP, 92, 2019091606, 03, OCD5, 108, 168N, 1092W,  65,    0,   ,   0,    ,    0,    0,    0,    0, 
EP, 92, 2019091606, 03, OCD5, 120, 174N, 1104W,  66,    0,   ,   0,    ,    0,    0,    0,    0, 
EP, 92, 2019091606, 03, SHF5,   0,   0N,    0W,  20,    0,   ,   0,    ,    0,    0,    0,    0, 
EP, 92, 2019091606, 03, SHF5,  12,   0N,    0W,  31,    0,   ,   0,    ,    0,    0,    0,    0, 
EP, 92, 2019091606, 03, SHF5,  24,   0N,    0W,  46,    0,   ,   0,    ,    0,    0,    0,    0, 
EP, 92, 2019091606, 03, SHF5,  36,   0N,    0W,  60,    0,   ,   0,    ,    0,    0,    0,    0, 
EP, 92, 2019091606, 03, SHF5,  48,   0N,    0W,  73,    0,   ,   0,    ,    0,    0,    0,    0, 
EP, 92, 2019091606, 03, SHF5,  60,   0N,    0W,  67,    0,   ,   0,    ,    0,    0,    0,    0, 
EP, 92, 2019091606, 03, SHF5,  72,   0N,    0W,  70,    0,   ,   0,    ,    0,    0,    0,    0, 
EP, 92, 2019091606, 03, SHF5,  84,   0N,    0W,  70,    0,   ,   0,    ,    0,    0,    0,    0, 
EP, 92, 2019091606, 03, SHF5,  96,   0N,    0W,  68,    0,   ,   0,    ,    0,    0,    0,    0, 
EP, 92, 2019091606, 03, SHF5, 108,   0N,    0W,  65,    0,   ,   0,    ,    0,    0,    0,    0, 
EP, 92, 2019091606, 03, SHF5, 120,   0N,    0W,  66,    0,   ,   0,    ,    0,    0,    0,    0, 
EP, 92, 2019091606, 03, SHIP,   0, 110N,  950W,  20,    0, TD,   0,    ,    0,    0,    0,    0, 
EP, 92, 2019091606, 03, SHIP,  12, 113N,  971W,  21,    0, TD,   0,    ,    0,    0,    0,    0, 
EP, 92, 2019091606, 03, SHIP,  24, 116N,  991W,  22,    0, TD,   0,    ,    0,    0,    0,    0, 
EP, 92, 2019091606, 03, SHIP,  36, 124N, 1008W,  27,    0, TD,   0,    ,    0,    0,    0,    0, 
EP, 92, 2019091606, 03, SHIP,  48, 134N, 1021W,  32,    0, TD,   0,    ,    0,    0,    0,    0, 
EP, 92, 2019091606, 03, SHIP,  60, 144N, 1032W,  35,    0, TS,   0,    ,    0,    0,    0,    0, 
EP, 92, 2019091606, 03, SHIP,  72, 152N, 1037W,  41,    0, TS,   0,    ,    0,    0,    0,    0, 
EP, 92, 2019091606, 03, SHIP,  84, 153N, 1037W,  43,    0, TS,   0,    ,    0,    0,    0,    0, 
EP, 92, 2019091606, 03, SHIP,  96, 154N, 1036W,  43,    0, TS,   0,    ,    0,    0,    0,    0, 
EP, 92, 2019091606, 03, SHIP, 108, 159N, 1039W,  46,    0, TS,   0,    ,    0,    0,    0,    0, 
EP, 92, 2019091606, 03, SHIP, 120, 170N, 1048W,  48,    0, TS,   0,    ,    0,    0,    0,    0, 
EP, 92, 2019091606, 03, TABD,   0, 110N,  950W,   0,    0,   ,   0,    ,    0,    0,    0,    0, 
EP, 92, 2019091606, 03, TABD,   6, 111N,  961W,   0,    0,   ,   0,    ,    0,    0,    0,    0, 
EP, 92, 2019091606, 03, TABD,  12, 111N,  972W,   0,    0,   ,   0,    ,    0,    0,    0,    0, 
EP, 92, 2019091606, 03, TABD,  18, 110N,  982W,   0,    0,   ,   0,    ,    0,    0,    0,    0, 
EP, 92, 2019091606, 03, TABD,  24, 110N,  993W,   0,    0,   ,   0,    ,    0,    0,    0,    0, 
EP, 92, 2019091606, 03, TABD,  30, 111N, 1003W,   0,    0,   ,   0,    ,    0,    0,    0,    0, 
EP, 92, 2019091606, 03, TABD,  36, 113N, 1013W,   0,    0,   ,   0,    ,    0,    0,    0,    0, 
EP, 92, 2019091606, 03, TABD,  42, 116N, 1022W,   0,    0,   ,   0,    ,    0,    0,    0,    0, 
EP, 92, 2019091606, 03, TABD,  48, 119N, 1031W,   0,    0,   ,   0,    ,    0,    0,    0,    0, 
EP, 92, 2019091606, 03, TABD,  54, 123N, 1039W,   0,    0,   ,   0,    ,    0,    0,    0,    0, 
EP, 92, 2019091606, 03, TABD,  60, 127N, 1047W,   0,    0,   ,   0,    ,    0,    0,    0,    0, 
EP, 92, 2019091606, 03, TABD,  66, 131N, 1053W,   0,    0,   ,   0,    ,    0,    0,    0,    0, 
EP, 92, 2019091606, 03, TABD,  72, 134N, 1058W,   0,    0,   ,   0,    ,    0,    0,    0,    0, 
EP, 92, 2019091606, 03, TABD,  78, 136N, 1061W,   0,    0,   ,   0,    ,    0,    0,    0,    0, 
EP, 92, 2019091606, 03, TABD,  84, 135N, 1063W,   0,    0,   ,   0,    ,    0,    0,    0,    0, 
EP, 92, 2019091606, 03, TABD,  90, 134N, 1064W,   0,    0,   ,   0,    ,    0,    0,    0,    0, 
EP, 92, 2019091606, 03, TABD,  96, 131N, 1065W,   0,    0,   ,   0,    ,    0,    0,    0,    0, 
EP, 92, 2019091606, 03, TABD, 102, 129N, 1066W,   0,    0,   ,   0,    ,    0,    0,    0,    0, 
EP, 92, 2019091606, 03, TABD, 108, 128N, 1065W,   0,    0,   ,   0,    ,    0,    0,    0,    0, 
EP, 92, 2019091606, 03, TABD, 114, 127N, 1065W,   0,    0,   ,   0,    ,    0,    0,    0,    0, 
EP, 92, 2019091606, 03, TABD, 120, 128N, 1064W,   0,    0,   ,   0,    ,    0,    0,    0,    0, 
EP, 92, 2019091606, 03, TABD, 126, 131N, 1064W,   0,    0,   ,   0,    ,    0,    0,    0,    0, 
EP, 92, 2019091606, 03, TABD, 132, 135N, 1064W,   0,    0,   ,   0,    ,    0,    0,    0,    0, 
EP, 92, 2019091606, 03, TABD, 138, 142N, 1065W,   0,    0,   ,   0,    ,    0,    0,    0,    0, 
EP, 92, 2019091606, 03, TABD, 144, 151N, 1068W,   0,    0,   ,   0,    ,    0,    0,    0,    0, 
EP, 92, 2019091606, 03, TABD, 150, 162N, 1071W,   0,    0,   ,   0,    ,    0,    0,    0,    0, 
EP, 92, 2019091606, 03, TABD, 156, 174N, 1075W,   0,    0,   ,   0,    ,    0,    0,    0,    0, 
EP, 92, 2019091606, 03, TABD, 162, 187N, 1081W,   0,    0,   ,   0,    ,    0,    0,    0,    0, 
EP, 92, 2019091606, 03, TABD, 168, 202N, 1088W,   0,    0,   ,   0,    ,    0,    0,    0,    0, 
EP, 92, 2019091606, 03, TABM,   0, 110N,  950W,   0,    0,   ,   0,    ,    0,    0,    0,    0, 
EP, 92, 2019091606, 03, TABM,   6, 112N,  961W,   0,    0,   ,   0,    ,    0,    0,    0,    0, 
EP, 92, 2019091606, 03, TABM,  12, 113N,  972W,   0,    0,   ,   0,    ,    0,    0,    0,    0, 
EP, 92, 2019091606, 03, TABM,  18, 114N,  982W,   0,    0,   ,   0,    ,    0,    0,    0,    0, 
EP, 92, 2019091606, 03, TABM,  24, 116N,  992W,   0,    0,   ,   0,    ,    0,    0,    0,    0, 
EP, 92, 2019091606, 03, TABM,  30, 119N, 1001W,   0,    0,   ,   0,    ,    0,    0,    0,    0, 
EP, 92, 2019091606, 03, TABM,  36, 124N, 1009W,   0,    0,   ,   0,    ,    0,    0,    0,    0, 
EP, 92, 2019091606, 03, TABM,  42, 129N, 1016W,   0,    0,   ,   0,    ,    0,    0,    0,    0, 
EP, 92, 2019091606, 03, TABM,  48, 134N, 1022W,   0,    0,   ,   0,    ,    0,    0,    0,    0, 
EP, 92, 2019091606, 03, TABM,  54, 139N, 1028W,   0,    0,   ,   0,    ,    0,    0,    0,    0, 
EP, 92, 2019091606, 03, TABM,  60, 144N, 1033W,   0,    0,   ,   0,    ,    0,    0,    0,    0, 
EP, 92, 2019091606, 03, TABM,  66, 149N, 1037W,   0,    0,   ,   0,    ,    0,    0,    0,    0, 
EP, 92, 2019091606, 03, TABM,  72, 152N, 1038W,   0,    0,   ,   0,    ,    0,    0,    0,    0, 
EP, 92, 2019091606, 03, TABM,  78, 153N, 1038W,   0,    0,   ,   0,    ,    0,    0,    0,    0, 
EP, 92, 2019091606, 03, TABM,  84, 153N, 1038W,   0,    0,   ,   0,    ,    0,    0,    0,    0, 
EP, 92, 2019091606, 03, TABM,  90, 153N, 1037W,   0,    0,   ,   0,    ,    0,    0,    0,    0, 
EP, 92, 2019091606, 03, TABM,  96, 154N, 1037W,   0,    0,   ,   0,    ,    0,    0,    0,    0, 
EP, 92, 2019091606, 03, TABM, 102, 156N, 1037W,   0,    0,   ,   0,    ,    0,    0,    0,    0, 
EP, 92, 2019091606, 03, TABM, 108, 159N, 1039W,   0,    0,   ,   0,    ,    0,    0,    0,    0, 
EP, 92, 2019091606, 03, TABM, 114, 164N, 1042W,   0,    0,   ,   0,    ,    0,    0,    0,    0, 
EP, 92, 2019091606, 03, TABM, 120, 170N, 1048W,   0,    0,   ,   0,    ,    0,    0,    0,    0, 
EP, 92, 2019091606, 03, TABM, 126, 178N, 1056W,   0,    0,   ,   0,    ,    0,    0,    0,    0, 
EP, 92, 2019091606, 03, TABM, 132, 187N, 1066W,   0,    0,   ,   0,    ,    0,    0,    0,    0, 
EP, 92, 2019091606, 03, TABM, 138, 197N, 1078W,   0,    0,   ,   0,    ,    0,    0,    0,    0, 
EP, 92, 2019091606, 03, TABM, 144, 207N, 1092W,   0,    0,   ,   0,    ,    0,    0,    0,    0, 
EP, 92, 2019091606, 03, TABM, 150, 219N, 1105W,   0,    0,   ,   0,    ,    0,    0,    0,    0, 
EP, 92, 2019091606, 03, TABM, 156, 230N, 1119W,   0,    0,   ,   0,    ,    0,    0,    0,    0, 
EP, 92, 2019091606, 03, TABM, 162, 241N, 1132W,   0,    0,   ,   0,    ,    0,    0,    0,    0, 
EP, 92, 2019091606, 03, TABM, 168, 252N, 1144W,   0,    0,   ,   0,    ,    0,    0,    0,    0, 
EP, 92, 2019091606, 03, TABS,   0, 110N,  950W,   0,    0,   ,   0,    ,    0,    0,    0,    0, 
EP, 92, 2019091606, 03, TABS,   6, 111N,  960W,   0,    0,   ,   0,    ,    0,    0,    0,    0, 
EP, 92, 2019091606, 03, TABS,  12, 113N,  969W,   0,    0,   ,   0,    ,    0,    0,    0,    0, 
EP, 92, 2019091606, 03, TABS,  18, 116N,  978W,   0,    0,   ,   0,    ,    0,    0,    0,    0, 
EP, 92, 2019091606, 03, TABS,  24, 120N,  984W,   0,    0,   ,   0,    ,    0,    0,    0,    0, 
EP, 92, 2019091606, 03, TABS,  30, 125N,  988W,   0,    0,   ,   0,    ,    0,    0,    0,    0, 
EP, 92, 2019091606, 03, TABS,  36, 130N,  992W,   0,    0,   ,   0,    ,    0,    0,    0,    0, 
EP, 92, 2019091606, 03, TABS,  42, 135N,  994W,   0,    0,   ,   0,    ,    0,    0,    0,    0, 
EP, 92, 2019091606, 03, TABS,  48, 140N,  996W,   0,    0,   ,   0,    ,    0,    0,    0,    0, 
EP, 92, 2019091606, 03, TABS,  54, 145N,  997W,   0,    0,   ,   0,    ,    0,    0,    0,    0, 
EP, 92, 2019091606, 03, TABS,  60, 149N,  998W,   0,    0,   ,   0,    ,    0,    0,    0,    0, 
EP, 92, 2019091606, 03, TABS,  66, 153N,  996W,   0,    0,   ,   0,    ,    0,    0,    0,    0, 
EP, 92, 2019091606, 03, TABS,  72, 156N,  992W,   0,    0,   ,   0,    ,    0,    0,    0,    0, 
EP, 92, 2019091606, 03, TABS,  78, 158N,  988W,   0,    0,   ,   0,    ,    0,    0,    0,    0, 
EP, 92, 2019091606, 03, TABS,  84, 159N,  986W,   0,    0,   ,   0,    ,    0,    0,    0,    0, 
EP, 92, 2019091606, 03, TABS,  90, 159N,  984W,   0,    0,   ,   0,    ,    0,    0,    0,    0, 
EP, 92, 2019091606, 03, TABS,  96, 159N,  985W,   0,    0,   ,   0,    ,    0,    0,    0,    0, 
EP, 92, 2019091606, 03, TABS, 102, 161N,  986W,   0,    0,   ,   0,    ,    0,    0,    0,    0, 
EP, 92, 2019091606, 03, TABS, 108, 163N,  988W,   0,    0,   ,   0,    ,    0,    0,    0,    0, 
EP, 92, 2019091606, 03, TABS, 114, 166N,  991W,   0,    0,   ,   0,    ,    0,    0,    0,    0, 
EP, 92, 2019091606, 03, TABS, 120, 168N,  995W,   0,    0,   ,   0,    ,    0,    0,    0,    0, 
EP, 92, 2019091606, 03, TABS, 126, 171N, 1000W,   0,    0,   ,   0,    ,    0,    0,    0,    0, 
EP, 92, 2019091606, 03, TABS, 132, 174N, 1006W,   0,    0,   ,   0,    ,    0,    0,    0,    0, 
EP, 92, 2019091606, 03, TABS, 138, 179N, 1011W,   0,    0,   ,   0,    ,    0,    0,    0,    0, 
EP, 92, 2019091606, 03, TABS, 144, 183N, 1016W,   0,    0,   ,   0,    ,    0,    0,    0,    0, 
EP, 92, 2019091606, 03, TABS, 150, 188N, 1020W,   0,    0,   ,   0,    ,    0,    0,    0,    0, 
EP, 92, 2019091606, 03, TABS, 156, 192N, 1024W,   0,    0,   ,   0,    ,    0,    0,    0,    0, 
EP, 92, 2019091606, 03, TABS, 162, 196N, 1027W,   0,    0,   ,   0,    ,    0,    0,    0,    0, 
EP, 92, 2019091606, 03, TABS, 168, 199N, 1029W,   0,    0,   ,   0,    ,    0,    0,    0,    0, 
EP, 92, 2019091606, 03, TCLP,   0, 110N,  950W,  20,    0,   ,   0,    ,    0,    0,    0,    0, 
EP, 92, 2019091606, 03, TCLP,  12, 113N,  971W,  25,    0,   ,   0,    ,    0,    0,    0,    0, 
EP, 92, 2019091606, 03, TCLP,  24, 116N,  991W,  29,    0,   ,   0,    ,    0,    0,    0,    0, 
EP, 92, 2019091606, 03, TCLP,  36, 120N, 1010W,  34,    0,   ,   0,    ,    0,    0,    0,    0, 
EP, 92, 2019091606, 03, TCLP,  48, 125N, 1028W,  39,    0,   ,   0,    ,    0,    0,    0,    0, 
EP, 92, 2019091606, 03, TCLP,  60, 130N, 1044W,  44,    0,   ,   0,    ,    0,    0,    0,    0, 
EP, 92, 2019091606, 03, TCLP,  72, 136N, 1060W,  49,    0,   ,   0,    ,    0,    0,    0,    0, 
EP, 92, 2019091606, 03, TCLP,  84, 141N, 1075W,  54,    0,   ,   0,    ,    0,    0,    0,    0, 
EP, 92, 2019091606, 03, TCLP,  96, 147N, 1089W,  59,    0,   ,   0,    ,    0,    0,    0,    0, 
EP, 92, 2019091606, 03, TCLP, 108, 153N, 1102W,  63,    0,   ,   0,    ,    0,    0,    0,    0, 
EP, 92, 2019091606, 03, TCLP, 120, 159N, 1115W,  65,    0,   ,   0,    ,    0,    0,    0,    0, 
EP, 92, 2019091606, 03, TCLP, 132, 165N, 1128W,  67,    0,   ,   0,    ,    0,    0,    0,    0, 
EP, 92, 2019091606, 03, TCLP, 144, 170N, 1140W,  68,    0,   ,   0,    ,    0,    0,    0,    0, 
EP, 92, 2019091606, 03, TCLP, 156, 176N, 1152W,  68,    0,   ,   0,    ,    0,    0,    0,    0, 
EP, 92, 2019091606, 03, TCLP, 168, 182N, 1163W,  67,    0,   ,   0,    ,    0,    0,    0,    0, 
EP, 92, 2019091606, 03, TCLP, 180, 187N, 1174W,  66,    0,   ,   0,    ,    0,    0,    0,    0, 
EP, 92, 2019091606, 03, TCLP, 192, 193N, 1185W,  64,    0,   ,   0,    ,    0,    0,    0,    0, 
EP, 92, 2019091606, 03, TCLP, 204, 198N, 1196W,  61,    0,   ,   0,    ,    0,    0,    0,    0, 
EP, 92, 2019091606, 03, TCLP, 216, 203N, 1207W,  58,    0,   ,   0,    ,    0,    0,    0,    0, 
EP, 92, 2019091606, 03, TCLP, 228, 209N, 1217W,  55,    0,   ,   0,    ,    0,    0,    0,    0, 
EP, 92, 2019091606, 03, TCLP, 240, 214N, 1228W,  52,    0,   ,   0,    ,    0,    0,    0,    0, 
EP, 92, 2019091606, 03, XTRP,   0, 110N,  950W,   0,    0,   ,   0,    ,    0,    0,    0,    0, 
EP, 92, 2019091606, 03, XTRP,  12, 113N,  971W,   0,    0,   ,   0,    ,    0,    0,    0,    0, 
EP, 92, 2019091606, 03, XTRP,  24, 116N,  993W,   0,    0,   ,   0,    ,    0,    0,    0,    0, 
EP, 92, 2019091606, 03, XTRP,  36, 119N, 1015W,   0,    0,   ,   0,    ,    0,    0,    0,    0, 
EP, 92, 2019091606, 03, XTRP,  48, 122N, 1037W,   0,    0,   ,   0,    ,    0,    0,    0,    0, 
EP, 92, 2019091606, 03, XTRP,  60, 125N, 1059W,   0,    0,   ,   0,    ,    0,    0,    0,    0, 
EP, 92, 2019091606, 03, XTRP,  72, 128N, 1081W,   0,    0,   ,   0,    ,    0,    0,    0,    0, 
EP, 92, 2019091606, 03, XTRP,  84, 131N, 1104W,   0,    0,   ,   0,    ,    0,    0,    0,    0, 
EP, 92, 2019091606, 03, XTRP,  96, 134N, 1126W,   0,    0,   ,   0,    ,    0,    0,    0,    0, 
EP, 92, 2019091606, 03, XTRP, 108, 137N, 1148W,   0,    0,   ,   0,    ,    0,    0,    0,    0, 
EP, 92, 2019091606, 03, XTRP, 120, 140N, 1170W,   0,    0,   ,   0,    ,    0,    0,    0,    0, 
EP, 92, 2019091606, 03, XTRP, 132, 143N, 1193W,   0,    0,   ,   0,    ,    0,    0,    0,    0, 
EP, 92, 2019091606, 03, XTRP, 144, 146N, 1215W,   0,    0,   ,   0,    ,    0,    0,    0,    0, 
EP, 92, 2019091606, 03, XTRP, 156, 149N, 1237W,   0,    0,   ,   0,    ,    0,    0,    0,    0, 
EP, 92, 2019091606, 03, XTRP, 168, 153N, 1260W,   0,    0,   ,   0,    ,    0,    0,    0,    0, 
EP, 92, 2019091612, 01, CARQ, -24, 107N,  918W,  15,    0, DB,  34, AAA,    0,    0,    0,    0,    0,    0,   0,   0,   0,   E,   0,   X,   0,   0,     INVEST,  , 
EP, 92, 2019091612, 01, CARQ, -18, 107N,  928W,  15,    0, DB,  34, AAA,    0,    0,    0,    0,    0,    0,   0,   0,   0,   E,   0,   X,   0,   0,     INVEST,  , 
EP, 92, 2019091612, 01, CARQ, -12, 108N,  939W,  20,    0, DB,  34, AAA,    0,    0,    0,    0,    0,    0,   0,   0,   0,   E,   0,   X, 275,  11,     INVEST,  , 
EP, 92, 2019091612, 01, CARQ,  -6, 109N,  950W,  20,    0, DB,  34, AAA,    0,    0,    0,    0,    0,    0,   0,   0,   0,   E,   0,   X,   0,   0,     INVEST,  , 
EP, 92, 2019091612, 01, CARQ,   0, 110N,  960W,  25, 1009, DB,  34, NEQ,    0,    0,    0,    0, 1011,  120,  75,   0,   0,   E,   0,   X, 275,  11,     INVEST, S, 
EP, 92, 2019091612, 01, CARQ,   0, 110N,  960W,  25, 1009, DB,  50, NEQ,    0,    0,    0,    0, 1011,  120,  75,   0,   0,   E,   0,   X, 275,  11,     INVEST, S, 
EP, 92, 2019091612, 01, CARQ,   0, 110N,  960W,  25, 1009, DB,  64, NEQ,    0,    0,    0,    0, 1011,  120,  75,   0,   0,   E,   0,   X, 275,  11,     INVEST, S, 
EP, 92, 2019091612, 03, CLP5,  12, 114N,  981W,   0,    0,   ,   0,    ,    0,    0,    0,    0, 
EP, 92, 2019091612, 03, CLP5,  24, 120N,  999W,   0,    0,   ,   0,    ,    0,    0,    0,    0, 
EP, 92, 2019091612, 03, CLP5,  36, 127N, 1017W,   0,    0,   ,   0,    ,    0,    0,    0,    0, 
EP, 92, 2019091612, 03, CLP5,  48, 135N, 1034W,   0,    0,   ,   0,    ,    0,    0,    0,    0, 
EP, 92, 2019091612, 03, CLP5,  60, 142N, 1049W,   0,    0,   ,   0,    ,    0,    0,    0,    0, 
EP, 92, 2019091612, 03, CLP5,  72, 147N, 1064W,   0,    0,   ,   0,    ,    0,    0,    0,    0, 
EP, 92, 2019091612, 03, CLP5,  84, 156N, 1077W,   0,    0,   ,   0,    ,    0,    0,    0,    0, 
EP, 92, 2019091612, 03, CLP5,  96, 162N, 1089W,   0,    0,   ,   0,    ,    0,    0,    0,    0, 
EP, 92, 2019091612, 03, CLP5, 108, 168N, 1104W,   0,    0,   ,   0,    ,    0,    0,    0,    0, 
EP, 92, 2019091612, 03, CLP5, 120, 174N, 1116W,   0,    0,   ,   0,    ,    0,    0,    0,    0, 
EP, 92, 2019091612, 03, DSHP,   0, 110N,  960W,  25,    0, TD,   0,    ,    0,    0,    0,    0, 
EP, 92, 2019091612, 03, DSHP,  12, 113N,  981W,  30,    0, TD,   0,    ,    0,    0,    0,    0, 
EP, 92, 2019091612, 03, DSHP,  24, 118N, 1000W,  33,    0, TD,   0,    ,    0,    0,    0,    0, 
EP, 92, 2019091612, 03, DSHP,  36, 127N, 1013W,  38,    0, TS,   0,    ,    0,    0,    0,    0, 
EP, 92, 2019091612, 03, DSHP,  48, 138N, 1026W,  43,    0, TS,   0,    ,    0,    0,    0,    0, 
EP, 92, 2019091612, 03, DSHP,  60, 147N, 1034W,  45,    0, TS,   0,    ,    0,    0,    0,    0, 
EP, 92, 2019091612, 03, DSHP,  72, 151N, 1035W,  52,    0, TS,   0,    ,    0,    0,    0,    0, 
EP, 92, 2019091612, 03, DSHP,  84, 152N, 1034W,  50,    0, TS,   0,    ,    0,    0,    0,    0, 
EP, 92, 2019091612, 03, DSHP,  96, 154N, 1035W,  52,    0, TS,   0,    ,    0,    0,    0,    0, 
EP, 92, 2019091612, 03, DSHP, 108, 162N, 1039W,  56,    0, TS,   0,    ,    0,    0,    0,    0, 
EP, 92, 2019091612, 03, DSHP, 120, 176N, 1052W,  57,    0, TS,   0,    ,    0,    0,    0,    0, 
EP, 92, 2019091612, 03, IVCN,   0,   0N,    0W,  25,    0,   ,   0,    ,    0,    0,    0,    0, 
EP, 92, 2019091612, 03, IVCN,  12,   0N,    0W,  29,    0,   ,   0,    ,    0,    0,    0,    0, 
EP, 92, 2019091612, 03, IVCN,  24,   0N,    0W,  32,    0,   ,   0,    ,    0,    0,    0,    0, 
EP, 92, 2019091612, 03, IVCN,  36,   0N,    0W,  35,    0,   ,   0,    ,    0,    0,    0,    0, 
EP, 92, 2019091612, 03, IVCN,  48,   0N,    0W,  37,    0,   ,   0,    ,    0,    0,    0,    0, 
EP, 92, 2019091612, 03, IVCN,  60,   0N,    0W,  38,    0,   ,   0,    ,    0,    0,    0,    0, 
EP, 92, 2019091612, 03, IVCN,  72,   0N,    0W,  42,    0,   ,   0,    ,    0,    0,    0,    0, 
EP, 92, 2019091612, 03, IVCN,  84,   0N,    0W,  41,    0,   ,   0,    ,    0,    0,    0,    0, 
EP, 92, 2019091612, 03, IVCN,  96,   0N,    0W,  42,    0,   ,   0,    ,    0,    0,    0,    0, 
EP, 92, 2019091612, 03, IVCN, 108,   0N,    0W,  45,    0,   ,   0,    ,    0,    0,    0,    0, 
EP, 92, 2019091612, 03, IVCN, 120,   0N,    0W,  45,    0,   ,   0,    ,    0,    0,    0,    0, 
EP, 92, 2019091612, 03, LGEM,   0, 110N,  960W,  25,    0, TD,   0,    ,    0,    0,    0,    0, 
EP, 92, 2019091612, 03, LGEM,  12, 113N,  981W,  28,    0, TD,   0,    ,    0,    0,    0,    0, 
EP, 92, 2019091612, 03, LGEM,  24, 118N, 1000W,  30,    0, TD,   0,    ,    0,    0,    0,    0, 
EP, 92, 2019091612, 03, LGEM,  36, 127N, 1013W,  31,    0, TD,   0,    ,    0,    0,    0,    0, 
EP, 92, 2019091612, 03, LGEM,  48, 138N, 1026W,  31,    0, TD,   0,    ,    0,    0,    0,    0, 
EP, 92, 2019091612, 03, LGEM,  60, 147N, 1034W,  31,    0, TD,   0,    ,    0,    0,    0,    0, 
EP, 92, 2019091612, 03, LGEM,  72, 151N, 1035W,  32,    0, TD,   0,    ,    0,    0,    0,    0, 
EP, 92, 2019091612, 03, LGEM,  84, 152N, 1034W,  32,    0, TD,   0,    ,    0,    0,    0,    0, 
EP, 92, 2019091612, 03, LGEM,  96, 154N, 1035W,  32,    0, TD,   0,    ,    0,    0,    0,    0, 
EP, 92, 2019091612, 03, LGEM, 108, 162N, 1039W,  33,    0, TD,   0,    ,    0,    0,    0,    0, 
EP, 92, 2019091612, 03, LGEM, 120, 176N, 1052W,  33,    0, TD,   0,    ,    0,    0,    0,    0, 
EP, 92, 2019091612, 03, OCD5,   0, 110N,  960W,  25,    0,   ,   0,    ,    0,    0,    0,    0, 
EP, 92, 2019091612, 03, OCD5,  12, 114N,  981W,  36,    0,   ,   0,    ,    0,    0,    0,    0, 
EP, 92, 2019091612, 03, OCD5,  24, 120N,  999W,  50,    0,   ,   0,    ,    0,    0,    0,    0, 
EP, 92, 2019091612, 03, OCD5,  36, 127N, 1017W,  63,    0,   ,   0,    ,    0,    0,    0,    0, 
EP, 92, 2019091612, 03, OCD5,  48, 135N, 1034W,  76,    0,   ,   0,    ,    0,    0,    0,    0, 
EP, 92, 2019091612, 03, OCD5,  60, 142N, 1049W,  71,    0,   ,   0,    ,    0,    0,    0,    0, 
EP, 92, 2019091612, 03, OCD5,  72, 147N, 1064W,  73,    0,   ,   0,    ,    0,    0,    0,    0, 
EP, 92, 2019091612, 03, OCD5,  84, 156N, 1077W,  73,    0,   ,   0,    ,    0,    0,    0,    0, 
EP, 92, 2019091612, 03, OCD5,  96, 162N, 1089W,  71,    0,   ,   0,    ,    0,    0,    0,    0, 
EP, 92, 2019091612, 03, OCD5, 108, 168N, 1104W,  68,    0,   ,   0,    ,    0,    0,    0,    0, 
EP, 92, 2019091612, 03, OCD5, 120, 174N, 1116W,  67,    0,   ,   0,    ,    0,    0,    0,    0, 
EP, 92, 2019091612, 03, SHF5,   0,   0N,    0W,  25,    0,   ,   0,    ,    0,    0,    0,    0, 
EP, 92, 2019091612, 03, SHF5,  12,   0N,    0W,  36,    0,   ,   0,    ,    0,    0,    0,    0, 
EP, 92, 2019091612, 03, SHF5,  24,   0N,    0W,  50,    0,   ,   0,    ,    0,    0,    0,    0, 
EP, 92, 2019091612, 03, SHF5,  36,   0N,    0W,  63,    0,   ,   0,    ,    0,    0,    0,    0, 
EP, 92, 2019091612, 03, SHF5,  48,   0N,    0W,  76,    0,   ,   0,    ,    0,    0,    0,    0, 
EP, 92, 2019091612, 03, SHF5,  60,   0N,    0W,  71,    0,   ,   0,    ,    0,    0,    0,    0, 
EP, 92, 2019091612, 03, SHF5,  72,   0N,    0W,  73,    0,   ,   0,    ,    0,    0,    0,    0, 
EP, 92, 2019091612, 03, SHF5,  84,   0N,    0W,  73,    0,   ,   0,    ,    0,    0,    0,    0, 
EP, 92, 2019091612, 03, SHF5,  96,   0N,    0W,  71,    0,   ,   0,    ,    0,    0,    0,    0, 
EP, 92, 2019091612, 03, SHF5, 108,   0N,    0W,  68,    0,   ,   0,    ,    0,    0,    0,    0, 
EP, 92, 2019091612, 03, SHF5, 120,   0N,    0W,  67,    0,   ,   0,    ,    0,    0,    0,    0, 
EP, 92, 2019091612, 03, SHIP,   0, 110N,  960W,  25,    0, TD,   0,    ,    0,    0,    0,    0, 
EP, 92, 2019091612, 03, SHIP,  12, 113N,  981W,  30,    0, TD,   0,    ,    0,    0,    0,    0, 
EP, 92, 2019091612, 03, SHIP,  24, 118N, 1000W,  33,    0, TD,   0,    ,    0,    0,    0,    0, 
EP, 92, 2019091612, 03, SHIP,  36, 127N, 1013W,  38,    0, TS,   0,    ,    0,    0,    0,    0, 
EP, 92, 2019091612, 03, SHIP,  48, 138N, 1026W,  43,    0, TS,   0,    ,    0,    0,    0,    0, 
EP, 92, 2019091612, 03, SHIP,  60, 147N, 1034W,  45,    0, TS,   0,    ,    0,    0,    0,    0, 
EP, 92, 2019091612, 03, SHIP,  72, 151N, 1035W,  52,    0, TS,   0,    ,    0,    0,    0,    0, 
EP, 92, 2019091612, 03, SHIP,  84, 152N, 1034W,  50,    0, TS,   0,    ,    0,    0,    0,    0, 
EP, 92, 2019091612, 03, SHIP,  96, 154N, 1035W,  52,    0, TS,   0,    ,    0,    0,    0,    0, 
EP, 92, 2019091612, 03, SHIP, 108, 162N, 1039W,  56,    0, TS,   0,    ,    0,    0,    0,    0, 
EP, 92, 2019091612, 03, SHIP, 120, 176N, 1052W,  57,    0, TS,   0,    ,    0,    0,    0,    0, 
EP, 92, 2019091612, 03, TABD,   0, 110N,  960W,   0,    0,   ,   0,    ,    0,    0,    0,    0, 
EP, 92, 2019091612, 03, TABD,   6, 111N,  971W,   0,    0,   ,   0,    ,    0,    0,    0,    0, 
EP, 92, 2019091612, 03, TABD,  12, 110N,  981W,   0,    0,   ,   0,    ,    0,    0,    0,    0, 
EP, 92, 2019091612, 03, TABD,  18, 110N,  992W,   0,    0,   ,   0,    ,    0,    0,    0,    0, 
EP, 92, 2019091612, 03, TABD,  24, 110N, 1002W,   0,    0,   ,   0,    ,    0,    0,    0,    0, 
EP, 92, 2019091612, 03, TABD,  30, 113N, 1012W,   0,    0,   ,   0,    ,    0,    0,    0,    0, 
EP, 92, 2019091612, 03, TABD,  36, 116N, 1021W,   0,    0,   ,   0,    ,    0,    0,    0,    0, 
EP, 92, 2019091612, 03, TABD,  42, 119N, 1030W,   0,    0,   ,   0,    ,    0,    0,    0,    0, 
EP, 92, 2019091612, 03, TABD,  48, 123N, 1038W,   0,    0,   ,   0,    ,    0,    0,    0,    0, 
EP, 92, 2019091612, 03, TABD,  54, 127N, 1046W,   0,    0,   ,   0,    ,    0,    0,    0,    0, 
EP, 92, 2019091612, 03, TABD,  60, 131N, 1052W,   0,    0,   ,   0,    ,    0,    0,    0,    0, 
EP, 92, 2019091612, 03, TABD,  66, 134N, 1057W,   0,    0,   ,   0,    ,    0,    0,    0,    0, 
EP, 92, 2019091612, 03, TABD,  72, 135N, 1060W,   0,    0,   ,   0,    ,    0,    0,    0,    0, 
EP, 92, 2019091612, 03, TABD,  78, 135N, 1062W,   0,    0,   ,   0,    ,    0,    0,    0,    0, 
EP, 92, 2019091612, 03, TABD,  84, 133N, 1063W,   0,    0,   ,   0,    ,    0,    0,    0,    0, 
EP, 92, 2019091612, 03, TABD,  90, 131N, 1064W,   0,    0,   ,   0,    ,    0,    0,    0,    0, 
EP, 92, 2019091612, 03, TABD,  96, 129N, 1065W,   0,    0,   ,   0,    ,    0,    0,    0,    0, 
EP, 92, 2019091612, 03, TABD, 102, 127N, 1064W,   0,    0,   ,   0,    ,    0,    0,    0,    0, 
EP, 92, 2019091612, 03, TABD, 108, 127N, 1064W,   0,    0,   ,   0,    ,    0,    0,    0,    0, 
EP, 92, 2019091612, 03, TABD, 114, 128N, 1063W,   0,    0,   ,   0,    ,    0,    0,    0,    0, 
EP, 92, 2019091612, 03, TABD, 120, 130N, 1063W,   0,    0,   ,   0,    ,    0,    0,    0,    0, 
EP, 92, 2019091612, 03, TABD, 126, 134N, 1063W,   0,    0,   ,   0,    ,    0,    0,    0,    0, 
EP, 92, 2019091612, 03, TABD, 132, 141N, 1065W,   0,    0,   ,   0,    ,    0,    0,    0,    0, 
EP, 92, 2019091612, 03, TABD, 138, 149N, 1067W,   0,    0,   ,   0,    ,    0,    0,    0,    0, 
EP, 92, 2019091612, 03, TABD, 144, 160N, 1070W,   0,    0,   ,   0,    ,    0,    0,    0,    0, 
EP, 92, 2019091612, 03, TABD, 150, 172N, 1074W,   0,    0,   ,   0,    ,    0,    0,    0,    0, 
EP, 92, 2019091612, 03, TABD, 156, 185N, 1079W,   0,    0,   ,   0,    ,    0,    0,    0,    0, 
EP, 92, 2019091612, 03, TABD, 162, 199N, 1087W,   0,    0,   ,   0,    ,    0,    0,    0,    0, 
EP, 92, 2019091612, 03, TABD, 168, 216N, 1094W,   0,    0,   ,   0,    ,    0,    0,    0,    0, 
EP, 92, 2019091612, 03, TABM,   0, 110N,  960W,   0,    0,   ,   0,    ,    0,    0,    0,    0, 
EP, 92, 2019091612, 03, TABM,   6, 111N,  971W,   0,    0,   ,   0,    ,    0,    0,    0,    0, 
EP, 92, 2019091612, 03, TABM,  12, 113N,  981W,   0,    0,   ,   0,    ,    0,    0,    0,    0, 
EP, 92, 2019091612, 03, TABM,  18, 115N,  991W,   0,    0,   ,   0,    ,    0,    0,    0,    0, 
EP, 92, 2019091612, 03, TABM,  24, 118N, 1000W,   0,    0,   ,   0,    ,    0,    0,    0,    0, 
EP, 92, 2019091612, 03, TABM,  30, 122N, 1007W,   0,    0,   ,   0,    ,    0,    0,    0,    0, 
EP, 92, 2019091612, 03, TABM,  36, 127N, 1014W,   0,    0,   ,   0,    ,    0,    0,    0,    0, 
EP, 92, 2019091612, 03, TABM,  42, 133N, 1020W,   0,    0,   ,   0,    ,    0,    0,    0,    0, 
EP, 92, 2019091612, 03, TABM,  48, 138N, 1026W,   0,    0,   ,   0,    ,    0,    0,    0,    0, 
EP, 92, 2019091612, 03, TABM,  54, 143N, 1030W,   0,    0,   ,   0,    ,    0,    0,    0,    0, 
EP, 92, 2019091612, 03, TABM,  60, 147N, 1034W,   0,    0,   ,   0,    ,    0,    0,    0,    0, 
EP, 92, 2019091612, 03, TABM,  66, 149N, 1035W,   0,    0,   ,   0,    ,    0,    0,    0,    0, 
EP, 92, 2019091612, 03, TABM,  72, 151N, 1035W,   0,    0,   ,   0,    ,    0,    0,    0,    0, 
EP, 92, 2019091612, 03, TABM,  78, 151N, 1034W,   0,    0,   ,   0,    ,    0,    0,    0,    0, 
EP, 92, 2019091612, 03, TABM,  84, 152N, 1034W,   0,    0,   ,   0,    ,    0,    0,    0,    0, 
EP, 92, 2019091612, 03, TABM,  90, 153N, 1034W,   0,    0,   ,   0,    ,    0,    0,    0,    0, 
EP, 92, 2019091612, 03, TABM,  96, 154N, 1035W,   0,    0,   ,   0,    ,    0,    0,    0,    0, 
EP, 92, 2019091612, 03, TABM, 102, 157N, 1036W,   0,    0,   ,   0,    ,    0,    0,    0,    0, 
EP, 92, 2019091612, 03, TABM, 108, 162N, 1039W,   0,    0,   ,   0,    ,    0,    0,    0,    0, 
EP, 92, 2019091612, 03, TABM, 114, 168N, 1045W,   0,    0,   ,   0,    ,    0,    0,    0,    0, 
EP, 92, 2019091612, 03, TABM, 120, 176N, 1052W,   0,    0,   ,   0,    ,    0,    0,    0,    0, 
EP, 92, 2019091612, 03, TABM, 126, 186N, 1062W,   0,    0,   ,   0,    ,    0,    0,    0,    0, 
EP, 92, 2019091612, 03, TABM, 132, 196N, 1074W,   0,    0,   ,   0,    ,    0,    0,    0,    0, 
EP, 92, 2019091612, 03, TABM, 138, 207N, 1087W,   0,    0,   ,   0,    ,    0,    0,    0,    0, 
EP, 92, 2019091612, 03, TABM, 144, 220N, 1101W,   0,    0,   ,   0,    ,    0,    0,    0,    0, 
EP, 92, 2019091612, 03, TABM, 150, 232N, 1114W,   0,    0,   ,   0,    ,    0,    0,    0,    0, 
EP, 92, 2019091612, 03, TABM, 156, 243N, 1128W,   0,    0,   ,   0,    ,    0,    0,    0,    0, 
EP, 92, 2019091612, 03, TABM, 162, 254N, 1140W,   0,    0,   ,   0,    ,    0,    0,    0,    0, 
EP, 92, 2019091612, 03, TABM, 168, 267N, 1151W,   0,    0,   ,   0,    ,    0,    0,    0,    0, 
EP, 92, 2019091612, 03, TABS,   0, 110N,  960W,   0,    0,   ,   0,    ,    0,    0,    0,    0, 
EP, 92, 2019091612, 03, TABS,   6, 112N,  970W,   0,    0,   ,   0,    ,    0,    0,    0,    0, 
EP, 92, 2019091612, 03, TABS,  12, 115N,  978W,   0,    0,   ,   0,    ,    0,    0,    0,    0, 
EP, 92, 2019091612, 03, TABS,  18, 119N,  985W,   0,    0,   ,   0,    ,    0,    0,    0,    0, 
EP, 92, 2019091612, 03, TABS,  24, 123N,  989W,   0,    0,   ,   0,    ,    0,    0,    0,    0, 
EP, 92, 2019091612, 03, TABS,  30, 128N,  992W,   0,    0,   ,   0,    ,    0,    0,    0,    0, 
EP, 92, 2019091612, 03, TABS,  36, 134N,  994W,   0,    0,   ,   0,    ,    0,    0,    0,    0, 
EP, 92, 2019091612, 03, TABS,  42, 139N,  996W,   0,    0,   ,   0,    ,    0,    0,    0,    0, 
EP, 92, 2019091612, 03, TABS,  48, 143N,  997W,   0,    0,   ,   0,    ,    0,    0,    0,    0, 
EP, 92, 2019091612, 03, TABS,  54, 148N,  998W,   0,    0,   ,   0,    ,    0,    0,    0,    0, 
EP, 92, 2019091612, 03, TABS,  60, 152N,  996W,   0,    0,   ,   0,    ,    0,    0,    0,    0, 
EP, 92, 2019091612, 03, TABS,  66, 155N,  992W,   0,    0,   ,   0,    ,    0,    0,    0,    0, 
EP, 92, 2019091612, 03, TABS,  72, 156N,  988W,   0,    0,   ,   0,    ,    0,    0,    0,    0, 
EP, 92, 2019091612, 03, TABS,  78, 157N,  985W,   0,    0,   ,   0,    ,    0,    0,    0,    0, 
EP, 92, 2019091612, 03, TABS,  84, 157N,  984W,   0,    0,   ,   0,    ,    0,    0,    0,    0, 
EP, 92, 2019091612, 03, TABS,  90, 157N,  984W,   0,    0,   ,   0,    ,    0,    0,    0,    0, 
EP, 92, 2019091612, 03, TABS,  96, 159N,  985W,   0,    0,   ,   0,    ,    0,    0,    0,    0, 
EP, 92, 2019091612, 03, TABS, 102, 161N,  987W,   0,    0,   ,   0,    ,    0,    0,    0,    0, 
EP, 92, 2019091612, 03, TABS, 108, 163N,  990W,   0,    0,   ,   0,    ,    0,    0,    0,    0, 
EP, 92, 2019091612, 03, TABS, 114, 165N,  994W,   0,    0,   ,   0,    ,    0,    0,    0,    0, 
EP, 92, 2019091612, 03, TABS, 120, 168N,  999W,   0,    0,   ,   0,    ,    0,    0,    0,    0, 
EP, 92, 2019091612, 03, TABS, 126, 171N, 1004W,   0,    0,   ,   0,    ,    0,    0,    0,    0, 
EP, 92, 2019091612, 03, TABS, 132, 175N, 1010W,   0,    0,   ,   0,    ,    0,    0,    0,    0, 
EP, 92, 2019091612, 03, TABS, 138, 179N, 1014W,   0,    0,   ,   0,    ,    0,    0,    0,    0, 
EP, 92, 2019091612, 03, TABS, 144, 183N, 1019W,   0,    0,   ,   0,    ,    0,    0,    0,    0, 
EP, 92, 2019091612, 03, TABS, 150, 187N, 1022W,   0,    0,   ,   0,    ,    0,    0,    0,    0, 
EP, 92, 2019091612, 03, TABS, 156, 190N, 1026W,   0,    0,   ,   0,    ,    0,    0,    0,    0, 
EP, 92, 2019091612, 03, TABS, 162, 193N, 1028W,   0,    0,   ,   0,    ,    0,    0,    0,    0, 
EP, 92, 2019091612, 03, TABS, 168, 195N, 1030W,   0,    0,   ,   0,    ,    0,    0,    0,    0, 
EP, 92, 2019091612, 03, TCLP,   0, 110N,  960W,  25,    0,   ,   0,    ,    0,    0,    0,    0, 
EP, 92, 2019091612, 03, TCLP,  12, 113N,  981W,  30,    0,   ,   0,    ,    0,    0,    0,    0, 
EP, 92, 2019091612, 03, TCLP,  24, 116N, 1001W,  35,    0,   ,   0,    ,    0,    0,    0,    0, 
EP, 92, 2019091612, 03, TCLP,  36, 120N, 1020W,  40,    0,   ,   0,    ,    0,    0,    0,    0, 
EP, 92, 2019091612, 03, TCLP,  48, 125N, 1038W,  46,    0,   ,   0,    ,    0,    0,    0,    0, 
EP, 92, 2019091612, 03, TCLP,  60, 130N, 1054W,  51,    0,   ,   0,    ,    0,    0,    0,    0, 
EP, 92, 2019091612, 03, TCLP,  72, 136N, 1070W,  56,    0,   ,   0,    ,    0,    0,    0,    0, 
EP, 92, 2019091612, 03, TCLP,  84, 141N, 1085W,  61,    0,   ,   0,    ,    0,    0,    0,    0, 
EP, 92, 2019091612, 03, TCLP,  96, 147N, 1099W,  65,    0,   ,   0,    ,    0,    0,    0,    0, 
EP, 92, 2019091612, 03, TCLP, 108, 153N, 1112W,  68,    0,   ,   0,    ,    0,    0,    0,    0, 
EP, 92, 2019091612, 03, TCLP, 120, 158N, 1125W,  70,    0,   ,   0,    ,    0,    0,    0,    0, 
EP, 92, 2019091612, 03, TCLP, 132, 164N, 1138W,  70,    0,   ,   0,    ,    0,    0,    0,    0, 
EP, 92, 2019091612, 03, TCLP, 144, 170N, 1150W,  70,    0,   ,   0,    ,    0,    0,    0,    0, 
EP, 92, 2019091612, 03, TCLP, 156, 175N, 1162W,  70,    0,   ,   0,    ,    0,    0,    0,    0, 
EP, 92, 2019091612, 03, TCLP, 168, 181N, 1173W,  68,    0,   ,   0,    ,    0,    0,    0,    0, 
EP, 92, 2019091612, 03, TCLP, 180, 186N, 1184W,  66,    0,   ,   0,    ,    0,    0,    0,    0, 
EP, 92, 2019091612, 03, TCLP, 192, 192N, 1195W,  63,    0,   ,   0,    ,    0,    0,    0,    0, 
EP, 92, 2019091612, 03, TCLP, 204, 197N, 1206W,  61,    0,   ,   0,    ,    0,    0,    0,    0, 
EP, 92, 2019091612, 03, TCLP, 216, 202N, 1217W,  58,    0,   ,   0,    ,    0,    0,    0,    0, 
EP, 92, 2019091612, 03, TCLP, 228, 207N, 1227W,  55,    0,   ,   0,    ,    0,    0,    0,    0, 
EP, 92, 2019091612, 03, TCLP, 240, 212N, 1238W,  52,    0,   ,   0,    ,    0,    0,    0,    0, 
EP, 92, 2019091612, 03, XTRP,   0, 110N,  960W,   0,    0,   ,   0,    ,    0,    0,    0,    0, 
EP, 92, 2019091612, 03, XTRP,  12, 112N,  980W,   0,    0,   ,   0,    ,    0,    0,    0,    0, 
EP, 92, 2019091612, 03, XTRP,  24, 114N, 1001W,   0,    0,   ,   0,    ,    0,    0,    0,    0, 
EP, 92, 2019091612, 03, XTRP,  36, 116N, 1022W,   0,    0,   ,   0,    ,    0,    0,    0,    0, 
EP, 92, 2019091612, 03, XTRP,  48, 119N, 1043W,   0,    0,   ,   0,    ,    0,    0,    0,    0, 
EP, 92, 2019091612, 03, XTRP,  60, 121N, 1064W,   0,    0,   ,   0,    ,    0,    0,    0,    0, 
EP, 92, 2019091612, 03, XTRP,  72, 123N, 1085W,   0,    0,   ,   0,    ,    0,    0,    0,    0, 
EP, 92, 2019091612, 03, XTRP,  84, 125N, 1106W,   0,    0,   ,   0,    ,    0,    0,    0,    0, 
EP, 92, 2019091612, 03, XTRP,  96, 127N, 1127W,   0,    0,   ,   0,    ,    0,    0,    0,    0, 
EP, 92, 2019091612, 03, XTRP, 108, 129N, 1149W,   0,    0,   ,   0,    ,    0,    0,    0,    0, 
EP, 92, 2019091612, 03, XTRP, 120, 132N, 1170W,   0,    0,   ,   0,    ,    0,    0,    0,    0, 
EP, 92, 2019091612, 03, XTRP, 132, 134N, 1191W,   0,    0,   ,   0,    ,    0,    0,    0,    0, 
EP, 92, 2019091612, 03, XTRP, 144, 136N, 1212W,   0,    0,   ,   0,    ,    0,    0,    0,    0, 
EP, 92, 2019091612, 03, XTRP, 156, 138N, 1233W,   0,    0,   ,   0,    ,    0,    0,    0,    0, 
EP, 92, 2019091612, 03, XTRP, 168, 140N, 1255W,   0,    0,   ,   0,    ,    0,    0,    0,    0, 
