WP, 93, 2019072900, 01, CARQ, -12, 202N, 1617E,  15,    0,   ,   0,    ,    0,    0,    0,    0, 
WP, 93, 2019072900, 01, CARQ,  -6, 206N, 1613E,  15,    0,   ,   0,    ,    0,    0,    0,    0, 
WP, 93, 2019072900, 01, CARQ,   0, 210N, 1610E,  15,    0,   ,   0,    ,    0,    0,    0,    0, 
WP, 93, 2019072900, 03, C120,  12, 218N, 1603E,   0,    0,   ,   0,    ,    0,    0,    0,    0, 
WP, 93, 2019072900, 03, C120,  24, 226N, 1595E,   0,    0,   ,   0,    ,    0,    0,    0,    0, 
WP, 93, 2019072900, 03, C120,  36, 234N, 1586E,   0,    0,   ,   0,    ,    0,    0,    0,    0, 
WP, 93, 2019072900, 03, C120,  48, 242N, 1577E,   0,    0,   ,   0,    ,    0,    0,    0,    0, 
WP, 93, 2019072900, 03, C120,  60, 252N, 1569E,   0,    0,   ,   0,    ,    0,    0,    0,    0, 
WP, 93, 2019072900, 03, C120,  72, 262N, 1561E,   0,    0,   ,   0,    ,    0,    0,    0,    0, 
WP, 93, 2019072900, 03, C120,  84, 272N, 1554E,   0,    0,   ,   0,    ,    0,    0,    0,    0, 
WP, 93, 2019072900, 03, C120,  96, 282N, 1547E,   0,    0,   ,   0,    ,    0,    0,    0,    0, 
WP, 93, 2019072900, 03, C120, 108, 293N, 1542E,   0,    0,   ,   0,    ,    0,    0,    0,    0, 
WP, 93, 2019072900, 03, C120, 120, 304N, 1539E,   0,    0,   ,   0,    ,    0,    0,    0,    0, 
WP, 93, 2019072900, 03, CLIM,  12, 223N, 1597E,  19,    0,   ,   0,    ,    0,    0,    0,    0, 
WP, 93, 2019072900, 03, CLIM,  24, 233N, 1582E,  28,    0,   ,   0,    ,    0,    0,    0,    0, 
WP, 93, 2019072900, 03, CLIM,  36, 240N, 1580E,  32,    0,   ,   0,    ,    0,    0,    0,    0, 
WP, 93, 2019072900, 03, CLIM,  48, 256N, 1578E,  34,    0,   ,   0,    ,    0,    0,    0,    0, 
WP, 93, 2019072900, 03, CLIM,  72, 293N, 1553E,  32,    0,   ,   0,    ,    0,    0,    0,    0, 
WP, 93, 2019072900, 03, CLIP,  12, 218N, 1601E,  19,    0,   ,   0,    ,    0,    0,    0,    0, 
WP, 93, 2019072900, 03, CLIP,  24, 226N, 1590E,  26,    0,   ,   0,    ,    0,    0,    0,    0, 
WP, 93, 2019072900, 03, CLIP,  36, 232N, 1580E,  33,    0,   ,   0,    ,    0,    0,    0,    0, 
WP, 93, 2019072900, 03, CLIP,  48, 240N, 1570E,  39,    0,   ,   0,    ,    0,    0,    0,    0, 
WP, 93, 2019072900, 03, CLIP,  72, 255N, 1553E,  46,    0,   ,   0,    ,    0,    0,    0,    0, 
WP, 93, 2019072900, 03, FBAM,  12, 220N, 1603E,   0,    0,   ,   0,    ,    0,    0,    0,    0, 
WP, 93, 2019072900, 03, FBAM,  24, 230N, 1595E,   0,    0,   ,   0,    ,    0,    0,    0,    0, 
WP, 93, 2019072900, 03, FBAM,  36, 235N, 1587E,   0,    0,   ,   0,    ,    0,    0,    0,    0, 
WP, 93, 2019072900, 03, FBAM,  48, 236N, 1577E,   0,    0,   ,   0,    ,    0,    0,    0,    0, 
WP, 93, 2019072900, 03, FBAM,  72, 232N, 1549E,   0,    0,   ,   0,    ,    0,    0,    0,    0, 
WP, 93, 2019072900, 03, HPAC,  12, 220N, 1600E,   0,    0,   ,   0,    ,    0,    0,    0,    0, 
WP, 93, 2019072900, 03, HPAC,  24, 229N, 1589E,   0,    0,   ,   0,    ,    0,    0,    0,    0, 
WP, 93, 2019072900, 03, HPAC,  36, 237N, 1585E,   0,    0,   ,   0,    ,    0,    0,    0,    0, 
WP, 93, 2019072900, 03, HPAC,  48, 249N, 1580E,   0,    0,   ,   0,    ,    0,    0,    0,    0, 
WP, 93, 2019072900, 03, HPAC,  72, 276N, 1560E,   0,    0,   ,   0,    ,    0,    0,    0,    0, 
WP, 93, 2019072900, 03, MBAM,  12, 221N, 1602E,   0,    0,   ,   0,    ,    0,    0,    0,    0, 
WP, 93, 2019072900, 03, MBAM,  24, 234N, 1593E,   0,    0,   ,   0,    ,    0,    0,    0,    0, 
WP, 93, 2019072900, 03, MBAM,  36, 243N, 1581E,   0,    0,   ,   0,    ,    0,    0,    0,    0, 
WP, 93, 2019072900, 03, MBAM,  48, 245N, 1566E,   0,    0,   ,   0,    ,    0,    0,    0,    0, 
WP, 93, 2019072900, 03, MBAM,  72, 236N, 1531E,   0,    0,   ,   0,    ,    0,    0,    0,    0, 
WP, 93, 2019072900, 03, RECR,  12, 219N, 1605E,  25,    0,   ,   0,    ,    0,    0,    0,    0, 
WP, 93, 2019072900, 03, RECR,  24, 228N, 1611E,  35,    0,   ,   0,    ,    0,    0,    0,    0, 
WP, 93, 2019072900, 03, RECR,  36, 238N, 1603E,  45,    0,   ,   0,    ,    0,    0,    0,    0, 
WP, 93, 2019072900, 03, RECR,  48, 250N, 1596E,  50,    0,   ,   0,    ,    0,    0,    0,    0, 
WP, 93, 2019072900, 03, RECR,  72, 273N, 1625E,  55,    0,   ,   0,    ,    0,    0,    0,    0, 
WP, 93, 2019072900, 03, SBAM,  12, 222N, 1601E,   0,    0,   ,   0,    ,    0,    0,    0,    0, 
WP, 93, 2019072900, 03, SBAM,  24, 236N, 1587E,   0,    0,   ,   0,    ,    0,    0,    0,    0, 
WP, 93, 2019072900, 03, SBAM,  36, 244N, 1570E,   0,    0,   ,   0,    ,    0,    0,    0,    0, 
WP, 93, 2019072900, 03, SBAM,  48, 247N, 1550E,   0,    0,   ,   0,    ,    0,    0,    0,    0, 
WP, 93, 2019072900, 03, SBAM,  72, 235N, 1513E,   0,    0,   ,   0,    ,    0,    0,    0,    0, 
WP, 93, 2019072900, 03, ST5D,  12,   0N,    0E,  16,    0,   ,   0,    ,    0,    0,    0,    0, 
WP, 93, 2019072900, 03, ST5D,  24,   0N,    0E,  17,    0,   ,   0,    ,    0,    0,    0,    0, 
WP, 93, 2019072900, 03, ST5D,  36,   0N,    0E,  24,    0,   ,   0,    ,    0,    0,    0,    0, 
WP, 93, 2019072900, 03, ST5D,  48,   0N,    0E,  31,    0,   ,   0,    ,    0,    0,    0,    0, 
WP, 93, 2019072900, 03, ST5D,  60,   0N,    0E,  36,    0,   ,   0,    ,    0,    0,    0,    0, 
WP, 93, 2019072900, 03, ST5D,  72,   0N,    0E,  41,    0,   ,   0,    ,    0,    0,    0,    0, 
WP, 93, 2019072900, 03, ST5D,  84,   0N,    0E,  48,    0,   ,   0,    ,    0,    0,    0,    0, 
WP, 93, 2019072900, 03, ST5D,  96,   0N,    0E,  54,    0,   ,   0,    ,    0,    0,    0,    0, 
WP, 93, 2019072900, 03, ST5D, 108,   0N,    0E,  55,    0,   ,   0,    ,    0,    0,    0,    0, 
WP, 93, 2019072900, 03, ST5D, 120,   0N,    0E,  60,    0,   ,   0,    ,    0,    0,    0,    0, 
WP, 93, 2019072900, 03, STRT,  12, 218N, 1594E,  15,    0,   ,   0,    ,    0,    0,    0,    0, 
WP, 93, 2019072900, 03, STRT,  24, 225N, 1577E,  15,    0,   ,   0,    ,    0,    0,    0,    0, 
WP, 93, 2019072900, 03, STRT,  36, 231N, 1558E,  15,    0,   ,   0,    ,    0,    0,    0,    0, 
WP, 93, 2019072900, 03, STRT,  48, 237N, 1539E,  20,    0,   ,   0,    ,    0,    0,    0,    0, 
WP, 93, 2019072900, 03, STRT,  72, 253N, 1505E,  20,    0,   ,   0,    ,    0,    0,    0,    0, 
WP, 93, 2019072900, 03, TCLP,   0, 210N, 1610E,  15,    0,   ,   0,    ,    0,    0,    0,    0, 
WP, 93, 2019072900, 03, TCLP,  12, 218N, 1603E,  15,    0,   ,   0,    ,    0,    0,    0,    0, 
WP, 93, 2019072900, 03, TCLP,  24, 226N, 1596E,  17,    0,   ,   0,    ,    0,    0,    0,    0, 
WP, 93, 2019072900, 03, TCLP,  36, 235N, 1589E,  18,    0,   ,   0,    ,    0,    0,    0,    0, 
WP, 93, 2019072900, 03, TCLP,  48, 244N, 1583E,  21,    0,   ,   0,    ,    0,    0,    0,    0, 
WP, 93, 2019072900, 03, TCLP,  60, 254N, 1577E,  24,    0,   ,   0,    ,    0,    0,    0,    0, 
WP, 93, 2019072900, 03, TCLP,  72, 264N, 1572E,  27,    0,   ,   0,    ,    0,    0,    0,    0, 
WP, 93, 2019072900, 03, TCLP,  84, 275N, 1568E,  29,    0,   ,   0,    ,    0,    0,    0,    0, 
WP, 93, 2019072900, 03, TCLP,  96, 286N, 1566E,  32,    0,   ,   0,    ,    0,    0,    0,    0, 
WP, 93, 2019072900, 03, TCLP, 108, 299N, 1564E,  33,    0,   ,   0,    ,    0,    0,    0,    0, 
WP, 93, 2019072900, 03, TCLP, 120, 312N, 1565E,  34,    0,   ,   0,    ,    0,    0,    0,    0, 
WP, 93, 2019072900, 03, TCLP, 132, 326N, 1567E,  34,    0,   ,   0,    ,    0,    0,    0,    0, 
WP, 93, 2019072900, 03, TCLP, 144, 342N, 1571E,  33,    0,   ,   0,    ,    0,    0,    0,    0, 
WP, 93, 2019072900, 03, TCLP, 156, 360N, 1578E,  31,    0,   ,   0,    ,    0,    0,    0,    0, 
WP, 93, 2019072900, 03, TCLP, 168, 379N, 1589E,  29,    0,   ,   0,    ,    0,    0,    0,    0, 
WP, 93, 2019072900, 03, XTRP,  12, 218N, 1603E,  15,    0,   ,   0,    ,    0,    0,    0,    0, 
WP, 93, 2019072900, 03, XTRP,  24, 226N, 1596E,  15,    0,   ,   0,    ,    0,    0,    0,    0, 
WP, 93, 2019072900, 03, XTRP,  36, 234N, 1589E,  15,    0,   ,   0,    ,    0,    0,    0,    0, 
WP, 93, 2019072900, 03, XTRP,  48, 242N, 1582E,  15,    0,   ,   0,    ,    0,    0,    0,    0, 
WP, 93, 2019072900, 03, XTRP,  60, 250N, 1575E,  15,    0,   ,   0,    ,    0,    0,    0,    0, 
WP, 93, 2019072900, 03, XTRP,  72, 258N, 1567E,  15,    0,   ,   0,    ,    0,    0,    0,    0, 
WP, 93, 2019072900, 03, XTRP,  84, 266N, 1560E,  15,    0,   ,   0,    ,    0,    0,    0,    0, 
WP, 93, 2019072900, 03, XTRP,  96, 274N, 1553E,  15,    0,   ,   0,    ,    0,    0,    0,    0, 
WP, 93, 2019072900, 03, XTRP, 108, 282N, 1546E,  15,    0,   ,   0,    ,    0,    0,    0,    0, 
WP, 93, 2019072900, 03, XTRP, 120, 290N, 1538E,  15,    0,   ,   0,    ,    0,    0,    0,    0, 
WP, 93, 2019072900, 71, JNVG,   0, 223N, 1597E,  15,    0,   ,  34, NEQ,    0,    0,    0,    0, 
WP, 93, 2019072900, 71, JNVG,  12, 218N, 1568E,  20,    0,   ,  34, NEQ,    0,    0,    0,    0, 
WP, 93, 2019072900, 71, JNVG,  24, 221N, 1557E,  15,    0,   ,  34, NEQ,    0,    0,    0,    0, 
WP, 93, 2019072900, 71, JNVG,  36, 221N, 1541E,  15,    0,   ,  34, NEQ,    0,    0,    0,    0, 
WP, 93, 2019072900, 71, JNVG,  48, 229N, 1555E,  15,    0,   ,  34, NEQ,    0,    0,    0,    0, 
WP, 93, 2019072900, 71, JNVG,  60, 220N, 1540E,  15,    0,   ,  34, NEQ,    0,    0,    0,    0, 
WP, 93, 2019072900, 71, JNVG,  72, 208N, 1539E,  15,    0,   ,  34, NEQ,    0,    0,    0,    0, 
WP, 93, 2019072900, 71, JNVG,  84, 203N, 1532E,  15,    0,   ,  34, NEQ,    0,    0,    0,    0, 
WP, 93, 2019072900, 71, JNVG,  96, 210N, 1527E,  20,    0,   ,  34, NEQ,    0,    0,    0,    0, 
WP, 93, 2019072900, 71, JNVG, 108, 224N, 1517E,  25,    0,   ,  34, NEQ,    0,    0,    0,    0, 
WP, 93, 2019072900, 71, JNVG, 120, 240N, 1500E,  25,    0,   ,  34, NEQ,    0,    0,    0,    0, 
WP, 93, 2019072900, 72, JAVN,   0, 199N, 1587E,  15,    0,   ,  34, NEQ,    0,    0,    0,    0, 
WP, 93, 2019072900, 72, JAVN,  12, 204N, 1599E,  20,    0,   ,  34, NEQ,    0,    0,    0,    0, 
WP, 93, 2019072900, 72, JAVN,  24, 219N, 1598E,  30,    0,   ,  34, NEQ,    0,    0,    0,    0, 
WP, 93, 2019072900, 72, JAVN,  36, 230N, 1605E,  30,    0,   ,  34, NEQ,    0,    0,    0,    0, 
WP, 93, 2019072900, 72, JAVN,  48, 227N, 1603E,  30,    0,   ,  34, NEQ,    0,    0,    0,    0, 
WP, 93, 2019072900, 72, JAVN,  60, 233N, 1600E,  30,    0,   ,  34, NEQ,    0,    0,    0,    0, 
WP, 93, 2019072900, 72, JAVN,  72, 238N, 1588E,  30,    0,   ,  34, NEQ,    0,    0,    0,    0, 
WP, 93, 2019072900, 72, JAVN,  84, 245N, 1572E,  35,    0,   ,  34, NEQ,    0,    0,    0,    0, 
WP, 93, 2019072900, 72, JAVN,  96, 250N, 1550E,  35,    0,   ,  34, NEQ,    0,    0,    0,    0, 
WP, 93, 2019072900, 72, JAVN, 108, 255N, 1532E,  55,    0,   ,  34, NEQ,    0,    0,    0,    0, 
WP, 93, 2019072900, 72, JAVN, 120, 261N, 1513E,  55,    0,   ,  34, NEQ,    0,    0,    0,    0, 
WP, 93, 2019072900, 73, JUKM,   0, 199N, 1588E,  15,    0,   ,  34, NEQ,    0,    0,    0,    0, 
WP, 93, 2019072900, 73, JUKM,  12, 208N, 1581E,  20,    0,   ,  34, NEQ,    0,    0,    0,    0, 
WP, 93, 2019072900, 73, JUKM,  24, 215N, 1573E,  20,    0,   ,  34, NEQ,    0,    0,    0,    0, 
WP, 93, 2019072900, 73, JUKM,  36, 219N, 1562E,  20,    0,   ,  34, NEQ,    0,    0,    0,    0, 
WP, 93, 2019072900, 73, JUKM,  48, 219N, 1563E,  20,    0,   ,  34, NEQ,    0,    0,    0,    0, 
WP, 93, 2019072900, 73, JUKM,  60, 220N, 1564E,  20,    0,   ,  34, NEQ,    0,    0,    0,    0, 
WP, 93, 2019072900, 73, JUKM,  72, 221N, 1564E,  20,    0,   ,  34, NEQ,    0,    0,    0,    0, 
WP, 93, 2019072900, 73, JUKM,  84, 222N, 1562E,  20,    0,   ,  34, NEQ,    0,    0,    0,    0, 
WP, 93, 2019072900, 73, JUKM,  96, 223N, 1557E,  25,    0,   ,  34, NEQ,    0,    0,    0,    0, 
WP, 93, 2019072900, 73, JUKM, 108, 228N, 1549E,  20,    0,   ,  34, NEQ,    0,    0,    0,    0, 
WP, 93, 2019072900, 73, JUKM, 120, 212N, 1552E,  15,    0,   ,  34, NEQ,    0,    0,    0,    0, 
WP, 93, 2019072912, 71, JNVG,   0, 208N, 1583E,  15,    0,   ,  34, NEQ,    0,    0,    0,    0, 
WP, 93, 2019072912, 71, JNVG,  12, 222N, 1585E,  15,    0,   ,  34, NEQ,    0,    0,    0,    0, 
WP, 93, 2019072912, 71, JNVG,  24, 233N, 1577E,  20,    0,   ,  34, NEQ,    0,    0,    0,    0, 
WP, 93, 2019072912, 71, JNVG,  36, 234N, 1570E,  20,    0,   ,  34, NEQ,    0,    0,    0,    0, 
WP, 93, 2019072912, 71, JNVG,  48, 228N, 1562E,  15,    0,   ,  34, NEQ,    0,    0,    0,    0, 
WP, 93, 2019072912, 71, JNVG,  60, 222N, 1560E,  20,    0,   ,  34, NEQ,    0,    0,    0,    0, 
WP, 93, 2019072912, 71, JNVG,  72, 217N, 1554E,  20,    0,   ,  34, NEQ,    0,    0,    0,    0, 
WP, 93, 2019072912, 71, JNVG,  84, 223N, 1554E,  20,    0,   ,  34, NEQ,    0,    0,    0,    0, 
WP, 93, 2019072912, 71, JNVG,  96, 238N, 1548E,  20,    0,   ,  34, NEQ,    0,    0,    0,    0, 
WP, 93, 2019072912, 71, JNVG, 108, 250N, 1535E,  20,    0,   ,  34, NEQ,    0,    0,    0,    0, 
WP, 93, 2019072912, 71, JNVG, 120, 256N, 1520E,  20,    0,   ,  34, NEQ,    0,    0,    0,    0, 
WP, 93, 2019072912, 72, JAVN,   0, 195N, 1571E,  15,    0,   ,  34, NEQ,    0,    0,    0,    0, 
WP, 93, 2019072912, 72, JAVN,  12, 195N, 1558E,  25,    0,   ,  34, NEQ,    0,    0,    0,    0, 
WP, 93, 2019072912, 73, JUKM,   0, 212N, 1570E,  15,    0,   ,  34, NEQ,    0,    0,    0,    0, 
WP, 93, 2019072912, 73, JUKM,  12, 213N, 1584E,  15,    0,   ,  34, NEQ,    0,    0,    0,    0, 
WP, 93, 2019072912, 73, JUKM,  24, 219N, 1578E,  15,    0,   ,  34, NEQ,    0,    0,    0,    0, 
WP, 93, 2019072912, 73, JUKM,  36, 226N, 1572E,  15,    0,   ,  34, NEQ,    0,    0,    0,    0, 
WP, 93, 2019072912, 73, JUKM,  48, 228N, 1564E,  20,    0,   ,  34, NEQ,    0,    0,    0,    0, 
WP, 93, 2019072912, 73, JUKM,  60, 222N, 1568E,  15,    0,   ,  34, NEQ,    0,    0,    0,    0, 
WP, 93, 2019072912, 73, JUKM,  72, 229N, 1560E,  15,    0,   ,  34, NEQ,    0,    0,    0,    0, 
WP, 93, 2019072912, 73, JUKM,  84, 233N, 1553E,  10,    0,   ,  34, NEQ,    0,    0,    0,    0, 
WP, 93, 2019072912, 73, JUKM,  96, 224N, 1546E,  15,    0,   ,  34, NEQ,    0,    0,    0,    0, 
WP, 93, 2019072912, 73, JUKM, 108, 215N, 1538E,  10,    0,   ,  34, NEQ,    0,    0,    0,    0, 
WP, 93, 2019072912, 73, JUKM, 120, 211N, 1535E,  10,    0,   ,  34, NEQ,    0,    0,    0,    0, 
WP, 93, 2019072918, 01, CARQ, -24, 205N, 1622E,  15,    0,   ,   0,    ,    0,    0,    0,    0, 
WP, 93, 2019072918, 01, CARQ, -18, 206N, 1618E,  15,    0,   ,   0,    ,    0,    0,    0,    0, 
WP, 93, 2019072918, 01, CARQ, -12, 209N, 1615E,  15,    0,   ,   0,    ,    0,    0,    0,    0, 
WP, 93, 2019072918, 01, CARQ,  -6, 210N, 1610E,  15,    0,   ,   0,    ,    0,    0,    0,    0, 
WP, 93, 2019072918, 01, CARQ,   0, 211N, 1600E,  15,    0,   ,   0,    ,    0,    0,    0,    0, 
WP, 93, 2019072918, 03, C120,  12, 214N, 1586E,   0,    0,   ,   0,    ,    0,    0,    0,    0, 
WP, 93, 2019072918, 03, C120,  24, 219N, 1573E,   0,    0,   ,   0,    ,    0,    0,    0,    0, 
WP, 93, 2019072918, 03, C120,  36, 224N, 1560E,   0,    0,   ,   0,    ,    0,    0,    0,    0, 
WP, 93, 2019072918, 03, C120,  48, 230N, 1548E,   0,    0,   ,   0,    ,    0,    0,    0,    0, 
WP, 93, 2019072918, 03, C120,  60, 238N, 1537E,   0,    0,   ,   0,    ,    0,    0,    0,    0, 
WP, 93, 2019072918, 03, C120,  72, 247N, 1527E,   0,    0,   ,   0,    ,    0,    0,    0,    0, 
WP, 93, 2019072918, 03, C120,  84, 256N, 1518E,   0,    0,   ,   0,    ,    0,    0,    0,    0, 
WP, 93, 2019072918, 03, C120,  96, 266N, 1510E,   0,    0,   ,   0,    ,    0,    0,    0,    0, 
WP, 93, 2019072918, 03, C120, 108, 276N, 1503E,   0,    0,   ,   0,    ,    0,    0,    0,    0, 
WP, 93, 2019072918, 03, C120, 120, 286N, 1499E,   0,    0,   ,   0,    ,    0,    0,    0,    0, 
WP, 93, 2019072918, 03, CLIM,  12, 224N, 1588E,  18,    0,   ,   0,    ,    0,    0,    0,    0, 
WP, 93, 2019072918, 03, CLIM,  24, 235N, 1575E,  26,    0,   ,   0,    ,    0,    0,    0,    0, 
WP, 93, 2019072918, 03, CLIM,  36, 241N, 1572E,  29,    0,   ,   0,    ,    0,    0,    0,    0, 
WP, 93, 2019072918, 03, CLIM,  48, 253N, 1570E,  32,    0,   ,   0,    ,    0,    0,    0,    0, 
WP, 93, 2019072918, 03, CLIM,  72, 287N, 1543E,  33,    0,   ,   0,    ,    0,    0,    0,    0, 
WP, 93, 2019072918, 03, CLIP,  12, 213N, 1583E,  19,    0,   ,   0,    ,    0,    0,    0,    0, 
WP, 93, 2019072918, 03, CLIP,  24, 216N, 1564E,  27,    0,   ,   0,    ,    0,    0,    0,    0, 
WP, 93, 2019072918, 03, CLIP,  36, 219N, 1546E,  35,    0,   ,   0,    ,    0,    0,    0,    0, 
WP, 93, 2019072918, 03, CLIP,  48, 222N, 1528E,  42,    0,   ,   0,    ,    0,    0,    0,    0, 
WP, 93, 2019072918, 03, CLIP,  72, 237N, 1493E,  55,    0,   ,   0,    ,    0,    0,    0,    0, 
WP, 93, 2019072918, 03, FBAM,  12, 215N, 1589E,   0,    0,   ,   0,    ,    0,    0,    0,    0, 
WP, 93, 2019072918, 03, FBAM,  24, 220N, 1583E,   0,    0,   ,   0,    ,    0,    0,    0,    0, 
WP, 93, 2019072918, 03, FBAM,  36, 221N, 1576E,   0,    0,   ,   0,    ,    0,    0,    0,    0, 
WP, 93, 2019072918, 03, FBAM,  48, 221N, 1568E,   0,    0,   ,   0,    ,    0,    0,    0,    0, 
WP, 93, 2019072918, 03, FBAM,  72, 228N, 1543E,   0,    0,   ,   0,    ,    0,    0,    0,    0, 
WP, 93, 2019072918, 03, HPAC,  12, 219N, 1586E,   0,    0,   ,   0,    ,    0,    0,    0,    0, 
WP, 93, 2019072918, 03, HPAC,  24, 225N, 1573E,   0,    0,   ,   0,    ,    0,    0,    0,    0, 
WP, 93, 2019072918, 03, HPAC,  36, 229N, 1564E,   0,    0,   ,   0,    ,    0,    0,    0,    0, 
WP, 93, 2019072918, 03, HPAC,  48, 236N, 1555E,   0,    0,   ,   0,    ,    0,    0,    0,    0, 
WP, 93, 2019072918, 03, HPAC,  72, 255N, 1527E,   0,    0,   ,   0,    ,    0,    0,    0,    0, 
WP, 93, 2019072918, 03, MBAM,  12, 217N, 1586E,   0,    0,   ,   0,    ,    0,    0,    0,    0, 
WP, 93, 2019072918, 03, MBAM,  24, 225N, 1573E,   0,    0,   ,   0,    ,    0,    0,    0,    0, 
WP, 93, 2019072918, 03, MBAM,  36, 228N, 1560E,   0,    0,   ,   0,    ,    0,    0,    0,    0, 
WP, 93, 2019072918, 03, MBAM,  48, 227N, 1546E,   0,    0,   ,   0,    ,    0,    0,    0,    0, 
WP, 93, 2019072918, 03, MBAM,  72, 221N, 1515E,   0,    0,   ,   0,    ,    0,    0,    0,    0, 
WP, 93, 2019072918, 03, RECR,  12, 216N, 1591E,  20,    0,   ,   0,    ,    0,    0,    0,    0, 
WP, 93, 2019072918, 03, RECR,  24, 220N, 1582E,  25,    0,   ,   0,    ,    0,    0,    0,    0, 
WP, 93, 2019072918, 03, RECR,  36, 225N, 1573E,  30,    0,   ,   0,    ,    0,    0,    0,    0, 
WP, 93, 2019072918, 03, RECR,  48, 232N, 1562E,  35,    0,   ,   0,    ,    0,    0,    0,    0, 
WP, 93, 2019072918, 03, RECR,  72, 243N, 1535E,  45,    0,   ,   0,    ,    0,    0,    0,    0, 
WP, 93, 2019072918, 03, SBAM,  12, 218N, 1585E,   0,    0,   ,   0,    ,    0,    0,    0,    0, 
WP, 93, 2019072918, 03, SBAM,  24, 228N, 1572E,   0,    0,   ,   0,    ,    0,    0,    0,    0, 
WP, 93, 2019072918, 03, SBAM,  36, 232N, 1557E,   0,    0,   ,   0,    ,    0,    0,    0,    0, 
WP, 93, 2019072918, 03, SBAM,  48, 230N, 1542E,   0,    0,   ,   0,    ,    0,    0,    0,    0, 
WP, 93, 2019072918, 03, SBAM,  72, 219N, 1512E,   0,    0,   ,   0,    ,    0,    0,    0,    0, 
WP, 93, 2019072918, 03, ST5D,  12,   0N,    0E,  16,    0,   ,   0,    ,    0,    0,    0,    0, 
WP, 93, 2019072918, 03, ST5D,  24,   0N,    0E,  17,    0,   ,   0,    ,    0,    0,    0,    0, 
WP, 93, 2019072918, 03, ST5D,  36,   0N,    0E,  24,    0,   ,   0,    ,    0,    0,    0,    0, 
WP, 93, 2019072918, 03, ST5D,  48,   0N,    0E,  31,    0,   ,   0,    ,    0,    0,    0,    0, 
WP, 93, 2019072918, 03, ST5D,  60,   0N,    0E,  36,    0,   ,   0,    ,    0,    0,    0,    0, 
WP, 93, 2019072918, 03, ST5D,  72,   0N,    0E,  41,    0,   ,   0,    ,    0,    0,    0,    0, 
WP, 93, 2019072918, 03, ST5D,  84,   0N,    0E,  48,    0,   ,   0,    ,    0,    0,    0,    0, 
WP, 93, 2019072918, 03, ST5D,  96,   0N,    0E,  54,    0,   ,   0,    ,    0,    0,    0,    0, 
WP, 93, 2019072918, 03, ST5D, 108,   0N,    0E,  55,    0,   ,   0,    ,    0,    0,    0,    0, 
WP, 93, 2019072918, 03, ST5D, 120,   0N,    0E,  59,    0,   ,   0,    ,    0,    0,    0,    0, 
WP, 93, 2019072918, 03, STRT,  12, 218N, 1579E,  20,    0,   ,   0,    ,    0,    0,    0,    0, 
WP, 93, 2019072918, 03, STRT,  24, 226N, 1559E,  25,    0,   ,   0,    ,    0,    0,    0,    0, 
WP, 93, 2019072918, 03, STRT,  36, 234N, 1541E,  30,    0,   ,   0,    ,    0,    0,    0,    0, 
WP, 93, 2019072918, 03, STRT,  48, 246N, 1524E,  40,    0,   ,   0,    ,    0,    0,    0,    0, 
WP, 93, 2019072918, 03, STRT,  72, 265N, 1499E,  45,    0,   ,   0,    ,    0,    0,    0,    0, 
WP, 93, 2019072918, 03, TCLP,   0, 211N, 1600E,  15,    0,   ,   0,    ,    0,    0,    0,    0, 
WP, 93, 2019072918, 03, TCLP,  12, 214N, 1586E,  15,    0,   ,   0,    ,    0,    0,    0,    0, 
WP, 93, 2019072918, 03, TCLP,  24, 218N, 1572E,  17,    0,   ,   0,    ,    0,    0,    0,    0, 
WP, 93, 2019072918, 03, TCLP,  36, 224N, 1560E,  19,    0,   ,   0,    ,    0,    0,    0,    0, 
WP, 93, 2019072918, 03, TCLP,  48, 230N, 1548E,  21,    0,   ,   0,    ,    0,    0,    0,    0, 
WP, 93, 2019072918, 03, TCLP,  60, 238N, 1537E,  24,    0,   ,   0,    ,    0,    0,    0,    0, 
WP, 93, 2019072918, 03, TCLP,  72, 246N, 1527E,  28,    0,   ,   0,    ,    0,    0,    0,    0, 
WP, 93, 2019072918, 03, TCLP,  84, 255N, 1518E,  31,    0,   ,   0,    ,    0,    0,    0,    0, 
WP, 93, 2019072918, 03, TCLP,  96, 265N, 1510E,  35,    0,   ,   0,    ,    0,    0,    0,    0, 
WP, 93, 2019072918, 03, TCLP, 108, 276N, 1503E,  38,    0,   ,   0,    ,    0,    0,    0,    0, 
WP, 93, 2019072918, 03, TCLP, 120, 287N, 1497E,  40,    0,   ,   0,    ,    0,    0,    0,    0, 
WP, 93, 2019072918, 03, TCLP, 132, 299N, 1493E,  41,    0,   ,   0,    ,    0,    0,    0,    0, 
WP, 93, 2019072918, 03, TCLP, 144, 312N, 1490E,  42,    0,   ,   0,    ,    0,    0,    0,    0, 
WP, 93, 2019072918, 03, TCLP, 156, 325N, 1490E,  41,    0,   ,   0,    ,    0,    0,    0,    0, 
WP, 93, 2019072918, 03, TCLP, 168, 340N, 1493E,  39,    0,   ,   0,    ,    0,    0,    0,    0, 
WP, 93, 2019072918, 03, WBAR,   0, 211N, 1601E,   0,    0,   ,   0,    ,    0,    0,    0,    0, 
WP, 93, 2019072918, 03, WBAR,   6, 231N, 1597E,   0,    0,   ,   0,    ,    0,    0,    0,    0, 
WP, 93, 2019072918, 03, WBAR,  12, 234N, 1581E,   0,    0,   ,   0,    ,    0,    0,    0,    0, 
WP, 93, 2019072918, 03, WBAR,  18, 215N, 1569E,   0,    0,   ,   0,    ,    0,    0,    0,    0, 
WP, 93, 2019072918, 03, WBAR,  24, 219N, 1567E,   0,    0,   ,   0,    ,    0,    0,    0,    0, 
WP, 93, 2019072918, 03, WBAR,  30, 220N, 1565E,   0,    0,   ,   0,    ,    0,    0,    0,    0, 
WP, 93, 2019072918, 03, WBAR,  36, 221N, 1563E,   0,    0,   ,   0,    ,    0,    0,    0,    0, 
WP, 93, 2019072918, 03, WBAR,  42, 221N, 1560E,   0,    0,   ,   0,    ,    0,    0,    0,    0, 
WP, 93, 2019072918, 03, WBAR,  48, 222N, 1556E,   0,    0,   ,   0,    ,    0,    0,    0,    0, 
WP, 93, 2019072918, 03, WBAR,  54, 223N, 1551E,   0,    0,   ,   0,    ,    0,    0,    0,    0, 
WP, 93, 2019072918, 03, WBAR,  60, 224N, 1544E,   0,    0,   ,   0,    ,    0,    0,    0,    0, 
WP, 93, 2019072918, 03, WBAR,  66, 226N, 1536E,   0,    0,   ,   0,    ,    0,    0,    0,    0, 
WP, 93, 2019072918, 03, WBAR,  72, 228N, 1527E,   0,    0,   ,   0,    ,    0,    0,    0,    0, 
WP, 93, 2019072918, 03, XTRP,  12, 213N, 1585E,  15,    0,   ,   0,    ,    0,    0,    0,    0, 
WP, 93, 2019072918, 03, XTRP,  24, 215N, 1570E,  15,    0,   ,   0,    ,    0,    0,    0,    0, 
WP, 93, 2019072918, 03, XTRP,  36, 217N, 1555E,  15,    0,   ,   0,    ,    0,    0,    0,    0, 
WP, 93, 2019072918, 03, XTRP,  48, 219N, 1540E,  15,    0,   ,   0,    ,    0,    0,    0,    0, 
WP, 93, 2019072918, 03, XTRP,  60, 221N, 1525E,  15,    0,   ,   0,    ,    0,    0,    0,    0, 
WP, 93, 2019072918, 03, XTRP,  72, 223N, 1510E,  15,    0,   ,   0,    ,    0,    0,    0,    0, 
WP, 93, 2019072918, 03, XTRP,  84, 225N, 1494E,  15,    0,   ,   0,    ,    0,    0,    0,    0, 
WP, 93, 2019072918, 03, XTRP,  96, 227N, 1479E,  15,    0,   ,   0,    ,    0,    0,    0,    0, 
WP, 93, 2019072918, 03, XTRP, 108, 229N, 1464E,  15,    0,   ,   0,    ,    0,    0,    0,    0, 
WP, 93, 2019072918, 03, XTRP, 120, 231N, 1449E,  15,    0,   ,   0,    ,    0,    0,    0,    0, 
WP, 93, 2019072918, 71, JNVG,   0, 212N, 1584E,  15,    0,   ,  34, NEQ,    0,    0,    0,    0, 
WP, 93, 2019072918, 71, JNVG,  12, 224N, 1578E,  20,    0,   ,  34, NEQ,    0,    0,    0,    0, 
WP, 93, 2019072918, 71, JNVG,  24, 233N, 1567E,  20,    0,   ,  34, NEQ,    0,    0,    0,    0, 
WP, 93, 2019072918, 71, JNVG,  36, 236N, 1556E,  20,    0,   ,  34, NEQ,    0,    0,    0,    0, 
WP, 93, 2019072918, 71, JNVG,  48, 225N, 1557E,  15,    0,   ,  34, NEQ,    0,    0,    0,    0, 
WP, 93, 2019072918, 71, JNVG,  60, 221N, 1548E,  15,    0,   ,  34, NEQ,    0,    0,    0,    0, 
WP, 93, 2019072918, 71, JNVG,  72, 218N, 1540E,  15,    0,   ,  34, NEQ,    0,    0,    0,    0, 
WP, 93, 2019072918, 71, JNVG,  84, 220N, 1532E,  15,    0,   ,  34, NEQ,    0,    0,    0,    0, 
WP, 93, 2019072918, 71, JNVG,  96, 228N, 1524E,  15,    0,   ,  34, NEQ,    0,    0,    0,    0, 
WP, 93, 2019072918, 71, JNVG, 108, 237N, 1512E,  15,    0,   ,  34, NEQ,    0,    0,    0,    0, 
WP, 93, 2019072918, 71, JNVG, 120, 242N, 1497E,  15,    0,   ,  34, NEQ,    0,    0,    0,    0, 
WP, 93, 2019072918, 72, JAVN,   0, 214N, 1594E,  15,    0,   ,  34, NEQ,    0,    0,    0,    0, 
WP, 93, 2019072918, 72, JAVN,  12, 224N, 1604E,  25,    0,   ,  34, NEQ,    0,    0,    0,    0, 
WP, 93, 2019072918, 72, JAVN,  24, 221N, 1595E,  25,    0,   ,  34, NEQ,    0,    0,    0,    0, 
WP, 93, 2019072918, 72, JAVN,  36, 225N, 1588E,  20,    0,   ,  34, NEQ,    0,    0,    0,    0, 
WP, 93, 2019072918, 72, JAVN,  48, 215N, 1579E,  20,    0,   ,  34, NEQ,    0,    0,    0,    0, 
WP, 93, 2019072918, 72, JAVN,  60, 216N, 1573E,  20,    0,   ,  34, NEQ,    0,    0,    0,    0, 
WP, 93, 2019072918, 72, JAVN,  72, 216N, 1575E,  25,    0,   ,  34, NEQ,    0,    0,    0,    0, 
WP, 93, 2019072918, 72, JAVN,  84, 252N, 1545E,  30,    0,   ,  34, NEQ,    0,    0,    0,    0, 
WP, 93, 2019072918, 72, JAVN,  96, 256N, 1524E,  30,    0,   ,  34, NEQ,    0,    0,    0,    0, 
WP, 93, 2019072918, 72, JAVN, 108, 265N, 1505E,  35,    0,   ,  34, NEQ,    0,    0,    0,    0, 
WP, 93, 2019072918, 72, JAVN, 120, 267N, 1485E,  50,    0,   ,  34, NEQ,    0,    0,    0,    0, 
WP, 93, 2019073000, 01, CARQ, -24, 206N, 1618E,  15,    0,   ,   0,    ,    0,    0,    0,    0, 
WP, 93, 2019073000, 01, CARQ, -18, 209N, 1615E,  15,    0,   ,   0,    ,    0,    0,    0,    0, 
WP, 93, 2019073000, 01, CARQ, -12, 210N, 1610E,  15,    0,   ,   0,    ,    0,    0,    0,    0, 
WP, 93, 2019073000, 01, CARQ,  -6, 211N, 1605E,  15,    0,   ,   0,    ,    0,    0,    0,    0, 
WP, 93, 2019073000, 01, CARQ,   0, 212N, 1596E,  15,    0,   ,   0,    ,    0,    0,    0,    0, 
WP, 93, 2019073000, 03, C120,  12, 215N, 1584E,   0,    0,   ,   0,    ,    0,    0,    0,    0, 
WP, 93, 2019073000, 03, C120,  24, 220N, 1573E,   0,    0,   ,   0,    ,    0,    0,    0,    0, 
WP, 93, 2019073000, 03, C120,  36, 225N, 1561E,   0,    0,   ,   0,    ,    0,    0,    0,    0, 
WP, 93, 2019073000, 03, C120,  48, 231N, 1550E,   0,    0,   ,   0,    ,    0,    0,    0,    0, 
WP, 93, 2019073000, 03, C120,  60, 239N, 1540E,   0,    0,   ,   0,    ,    0,    0,    0,    0, 
WP, 93, 2019073000, 03, C120,  72, 248N, 1530E,   0,    0,   ,   0,    ,    0,    0,    0,    0, 
WP, 93, 2019073000, 03, C120,  84, 258N, 1521E,   0,    0,   ,   0,    ,    0,    0,    0,    0, 
WP, 93, 2019073000, 03, C120,  96, 268N, 1513E,   0,    0,   ,   0,    ,    0,    0,    0,    0, 
WP, 93, 2019073000, 03, C120, 108, 278N, 1507E,   0,    0,   ,   0,    ,    0,    0,    0,    0, 
WP, 93, 2019073000, 03, C120, 120, 288N, 1503E,   0,    0,   ,   0,    ,    0,    0,    0,    0, 
WP, 93, 2019073000, 03, CLIM,  12, 227N, 1586E,  17,    0,   ,   0,    ,    0,    0,    0,    0, 
WP, 93, 2019073000, 03, CLIM,  24, 238N, 1578E,  23,    0,   ,   0,    ,    0,    0,    0,    0, 
WP, 93, 2019073000, 03, CLIM,  36, 248N, 1575E,  26,    0,   ,   0,    ,    0,    0,    0,    0, 
WP, 93, 2019073000, 03, CLIM,  48, 262N, 1569E,  28,    0,   ,   0,    ,    0,    0,    0,    0, 
WP, 93, 2019073000, 03, CLIM,  72, 302N, 1541E,  28,    0,   ,   0,    ,    0,    0,    0,    0, 
WP, 93, 2019073000, 03, CLIP,  12, 214N, 1580E,  19,    0,   ,   0,    ,    0,    0,    0,    0, 
WP, 93, 2019073000, 03, CLIP,  24, 217N, 1562E,  27,    0,   ,   0,    ,    0,    0,    0,    0, 
WP, 93, 2019073000, 03, CLIP,  36, 220N, 1545E,  35,    0,   ,   0,    ,    0,    0,    0,    0, 
WP, 93, 2019073000, 03, CLIP,  48, 224N, 1528E,  42,    0,   ,   0,    ,    0,    0,    0,    0, 
WP, 93, 2019073000, 03, CLIP,  72, 239N, 1493E,  54,    0,   ,   0,    ,    0,    0,    0,    0, 
WP, 93, 2019073000, 03, CONW,   0, 212N, 1596E,  15,    0,   ,   0,    ,    0,    0,    0,    0, 
WP, 93, 2019073000, 03, CONW,  12, 219N, 1592E,  19,    0,   ,   0,    ,    0,    0,    0,    0, 
WP, 93, 2019073000, 03, CONW,  24, 222N, 1583E,  18,    0,   ,   0,    ,    0,    0,    0,    0, 
WP, 93, 2019073000, 03, CONW,  36, 219N, 1577E,  16,    0,   ,   0,    ,    0,    0,    0,    0, 
WP, 93, 2019073000, 03, CONW,  48, 214N, 1571E,  14,    0,   ,   0,    ,    0,    0,    0,    0, 
WP, 93, 2019073000, 03, CONW,  60, 213N, 1565E,  16,    0,   ,   0,    ,    0,    0,    0,    0, 
WP, 93, 2019073000, 03, CONW,  72, 221N, 1554E,  18,    0,   ,   0,    ,    0,    0,    0,    0, 
WP, 93, 2019073000, 03, CONW,  84, 232N, 1538E,  19,    0,   ,   0,    ,    0,    0,    0,    0, 
WP, 93, 2019073000, 03, CONW,  96, 240N, 1523E,  21,    0,   ,   0,    ,    0,    0,    0,    0, 
WP, 93, 2019073000, 03, CONW, 108, 246N, 1506E,  26,    0,   ,   0,    ,    0,    0,    0,    0, 
WP, 93, 2019073000, 03, CONW, 120, 252N, 1490E,  31,    0,   ,   0,    ,    0,    0,    0,    0, 
WP, 93, 2019073000, 03, EEMN,   0, 213N, 1591E,  36, 1008, XX,  34, NEQ,    0,    0,    0,    0, 
WP, 93, 2019073000, 03, EEMN,   6, 218N, 1584E,  30, 1004, XX,  34, NEQ,    0,    0,    0,    0, 
WP, 93, 2019073000, 03, EEMN,  12, 224N, 1568E,  27, 1006, XX,  34, NEQ,    0,    0,    0,    0, 
WP, 93, 2019073000, 03, EEMN,  18, 222N, 1558E,  25, 1005, XX,  34, NEQ,    0,    0,    0,    0, 
WP, 93, 2019073000, 03, EEMN,  36, 210N, 1535E,  21, 1006, XX,  34, NEQ,    0,    0,    0,    0, 
WP, 93, 2019073000, 03, EEMN,  42, 205N, 1533E,  22, 1003, XX,  34, NEQ,    0,    0,    0,    0, 
WP, 93, 2019073000, 03, EEMN,  48, 205N, 1531E,  25, 1005, XX,  34, NEQ,    0,    0,    0,    0, 
WP, 93, 2019073000, 03, EEMN,  90, 236N, 1516E,  29, 1001, XX,  34, NEQ,    0,    0,    0,    0, 
WP, 93, 2019073000, 03, EEMN,  96, 244N, 1509E,  30, 1002, XX,  34, NEQ,    0,    0,    0,    0, 
WP, 93, 2019073000, 03, EEMN, 102, 247N, 1502E,  28, 1000, XX,  34, NEQ,    0,    0,    0,    0, 
WP, 93, 2019073000, 03, EEMN, 108, 252N, 1495E,  29, 1001, XX,  34, NEQ,    0,    0,    0,    0, 
WP, 93, 2019073000, 03, EEMN, 114, 257N, 1490E,  30,  999, XX,  34, NEQ,    0,    0,    0,    0, 
WP, 93, 2019073000, 03, EEMN, 120, 261N, 1484E,  31,  999, XX,  34, NEQ,    0,    0,    0,    0, 
WP, 93, 2019073000, 03, EEMN, 126, 268N, 1475E,  34,  998, XX,  34, NEQ,    0,    0,    0,    0, 
WP, 93, 2019073000, 03, EEMN, 132, 267N, 1466E,  34,  997, XX,  34, NEQ,    0,    0,    0,    0, 
WP, 93, 2019073000, 03, EEMN, 138, 274N, 1462E,  36,  995, XX,  34, NEQ,    0,    0,    0,    0, 
WP, 93, 2019073000, 03, EEMN, 144, 278N, 1455E,  39,  995, XX,  34, NEQ,    0,    0,    0,    0, 
WP, 93, 2019073000, 03, EEMN, 150, 281N, 1447E,  37,  994, XX,  34, NEQ,    0,    0,    0,    0, 
WP, 93, 2019073000, 03, EEMN, 156, 285N, 1440E,  38,  995, XX,  34, NEQ,    0,    0,    0,    0, 
WP, 93, 2019073000, 03, EEMN, 162, 290N, 1434E,  37,  993, XX,  34, NEQ,    0,    0,    0,    0, 
WP, 93, 2019073000, 03, EEMN, 168, 294N, 1428E,  38,  993, XX,  34, NEQ,    0,    0,    0,    0, 
WP, 93, 2019073000, 03, EEMN, 174, 296N, 1422E,  34,  994, XX,  34, NEQ,    0,    0,    0,    0, 
WP, 93, 2019073000, 03, EEMN, 180, 297N, 1415E,  35,  995, XX,  34, NEQ,    0,    0,    0,    0, 
WP, 93, 2019073000, 03, EEMN, 186, 299N, 1413E,  33,  995, XX,  34, NEQ,    0,    0,    0,    0, 
WP, 93, 2019073000, 03, EEMN, 192, 302N, 1410E,  36,  995, XX,  34, NEQ,    0,    0,    0,    0, 
WP, 93, 2019073000, 03, EEMN, 198, 305N, 1408E,  34,  994, XX,  34, NEQ,    0,    0,    0,    0, 
WP, 93, 2019073000, 03, EEMN, 204, 307N, 1402E,  34,  995, XX,  34, NEQ,    0,    0,    0,    0, 
WP, 93, 2019073000, 03, EEMN, 210, 312N, 1401E,  34,  993, XX,  34, NEQ,    0,    0,    0,    0, 
WP, 93, 2019073000, 03, FBAM,  12, 216N, 1585E,   0,    0,   ,   0,    ,    0,    0,    0,    0, 
WP, 93, 2019073000, 03, FBAM,  24, 219N, 1576E,   0,    0,   ,   0,    ,    0,    0,    0,    0, 
WP, 93, 2019073000, 03, FBAM,  36, 220N, 1567E,   0,    0,   ,   0,    ,    0,    0,    0,    0, 
WP, 93, 2019073000, 03, FBAM,  48, 221N, 1556E,   0,    0,   ,   0,    ,    0,    0,    0,    0, 
WP, 93, 2019073000, 03, FBAM,  72, 226N, 1524E,   0,    0,   ,   0,    ,    0,    0,    0,    0, 
WP, 93, 2019073000, 03, HPAC,  12, 220N, 1584E,   0,    0,   ,   0,    ,    0,    0,    0,    0, 
WP, 93, 2019073000, 03, HPAC,  24, 227N, 1573E,   0,    0,   ,   0,    ,    0,    0,    0,    0, 
WP, 93, 2019073000, 03, HPAC,  36, 233N, 1564E,   0,    0,   ,   0,    ,    0,    0,    0,    0, 
WP, 93, 2019073000, 03, HPAC,  48, 241N, 1555E,   0,    0,   ,   0,    ,    0,    0,    0,    0, 
WP, 93, 2019073000, 03, HPAC,  72, 263N, 1527E,   0,    0,   ,   0,    ,    0,    0,    0,    0, 
WP, 93, 2019073000, 03, JAVI,   0, 212N, 1596E,  15,    0,   ,  34, NEQ,    0,    0,    0,    0, 
WP, 93, 2019073000, 03, JAVI,  12, 216N, 1597E,  19,    0,   ,  34, NEQ,    0,    0,    0,    0, 
WP, 93, 2019073000, 03, JAVI,  24, 216N, 1590E,  18,    0,   ,  34, NEQ,    0,    0,    0,    0, 
WP, 93, 2019073000, 03, JAVI,  36, 214N, 1582E,  15,    0,   ,  34, NEQ,    0,    0,    0,    0, 
WP, 93, 2019073000, 03, JAVI,  48, 210N, 1575E,  15,    0,   ,  34, NEQ,    0,    0,    0,    0, 
WP, 93, 2019073000, 03, JAVI,  60, 212N, 1571E,  18,    0,   ,  34, NEQ,    0,    0,    0,    0, 
WP, 93, 2019073000, 03, JAVI,  72, 228N, 1557E,  22,    0,   ,  34, NEQ,    0,    0,    0,    0, 
WP, 93, 2019073000, 03, JAVI,  84, 246N, 1533E,  25,    0,   ,  34, NEQ,    0,    0,    0,    0, 
WP, 93, 2019073000, 03, JAVI,  96, 254N, 1513E,  28,    0,   ,  34, NEQ,    0,    0,    0,    0, 
WP, 93, 2019073000, 03, JAVI, 108, 259N, 1493E,  38,    0,   ,  34, NEQ,    0,    0,    0,    0, 
WP, 93, 2019073000, 03, JAVI, 120, 265N, 1473E,  48,    0,   ,  34, NEQ,    0,    0,    0,    0, 
WP, 93, 2019073000, 03, JNVI,   0, 212N, 1596E,  15,    0,   ,  34, NEQ,    0,    0,    0,    0, 
WP, 93, 2019073000, 03, JNVI,  12, 222N, 1588E,  17,    0,   ,  34, NEQ,    0,    0,    0,    0, 
WP, 93, 2019073000, 03, JNVI,  24, 228N, 1577E,  17,    0,   ,  34, NEQ,    0,    0,    0,    0, 
WP, 93, 2019073000, 03, JNVI,  36, 224N, 1572E,  15,    0,   ,  34, NEQ,    0,    0,    0,    0, 
WP, 93, 2019073000, 03, JNVI,  48, 218N, 1567E,  13,    0,   ,  34, NEQ,    0,    0,    0,    0, 
WP, 93, 2019073000, 03, JNVI,  60, 214N, 1559E,  12,    0,   ,  34, NEQ,    0,    0,    0,    0, 
WP, 93, 2019073000, 03, JNVI,  72, 214N, 1551E,  12,    0,   ,  34, NEQ,    0,    0,    0,    0, 
WP, 93, 2019073000, 03, JNVI,  84, 219N, 1543E,  12,    0,   ,  34, NEQ,    0,    0,    0,    0, 
WP, 93, 2019073000, 03, JNVI,  96, 227N, 1533E,  12,    0,   ,  34, NEQ,    0,    0,    0,    0, 
WP, 93, 2019073000, 03, JNVI, 108, 233N, 1520E,  12,    0,   ,  34, NEQ,    0,    0,    0,    0, 
WP, 93, 2019073000, 03, JNVI, 120, 240N, 1506E,  12,    0,   ,  34, NEQ,    0,    0,    0,    0, 
WP, 93, 2019073000, 03, MBAM,  12, 218N, 1582E,   0,    0,   ,   0,    ,    0,    0,    0,    0, 
WP, 93, 2019073000, 03, MBAM,  24, 225N, 1568E,   0,    0,   ,   0,    ,    0,    0,    0,    0, 
WP, 93, 2019073000, 03, MBAM,  36, 226N, 1553E,   0,    0,   ,   0,    ,    0,    0,    0,    0, 
WP, 93, 2019073000, 03, MBAM,  48, 225N, 1537E,   0,    0,   ,   0,    ,    0,    0,    0,    0, 
WP, 93, 2019073000, 03, MBAM,  72, 218N, 1503E,   0,    0,   ,   0,    ,    0,    0,    0,    0, 
WP, 93, 2019073000, 03, RECR,  12, 217N, 1588E,  20,    0,   ,   0,    ,    0,    0,    0,    0, 
WP, 93, 2019073000, 03, RECR,  24, 221N, 1579E,  25,    0,   ,   0,    ,    0,    0,    0,    0, 
WP, 93, 2019073000, 03, RECR,  36, 227N, 1566E,  30,    0,   ,   0,    ,    0,    0,    0,    0, 
WP, 93, 2019073000, 03, RECR,  48, 233N, 1560E,  40,    0,   ,   0,    ,    0,    0,    0,    0, 
WP, 93, 2019073000, 03, RECR,  72, 244N, 1527E,  60,    0,   ,   0,    ,    0,    0,    0,    0, 
WP, 93, 2019073000, 03, SBAM,  12, 219N, 1582E,   0,    0,   ,   0,    ,    0,    0,    0,    0, 
WP, 93, 2019073000, 03, SBAM,  24, 227N, 1567E,   0,    0,   ,   0,    ,    0,    0,    0,    0, 
WP, 93, 2019073000, 03, SBAM,  36, 229N, 1551E,   0,    0,   ,   0,    ,    0,    0,    0,    0, 
WP, 93, 2019073000, 03, SBAM,  48, 227N, 1534E,   0,    0,   ,   0,    ,    0,    0,    0,    0, 
WP, 93, 2019073000, 03, SBAM,  72, 214N, 1503E,   0,    0,   ,   0,    ,    0,    0,    0,    0, 
WP, 93, 2019073000, 03, ST5D,  12,   0N,    0E,  16,    0,   ,   0,    ,    0,    0,    0,    0, 
WP, 93, 2019073000, 03, ST5D,  24,   0N,    0E,  18,    0,   ,   0,    ,    0,    0,    0,    0, 
WP, 93, 2019073000, 03, ST5D,  36,   0N,    0E,  24,    0,   ,   0,    ,    0,    0,    0,    0, 
WP, 93, 2019073000, 03, ST5D,  48,   0N,    0E,  31,    0,   ,   0,    ,    0,    0,    0,    0, 
WP, 93, 2019073000, 03, ST5D,  60,   0N,    0E,  36,    0,   ,   0,    ,    0,    0,    0,    0, 
WP, 93, 2019073000, 03, ST5D,  72,   0N,    0E,  41,    0,   ,   0,    ,    0,    0,    0,    0, 
WP, 93, 2019073000, 03, ST5D,  84,   0N,    0E,  49,    0,   ,   0,    ,    0,    0,    0,    0, 
WP, 93, 2019073000, 03, ST5D,  96,   0N,    0E,  54,    0,   ,   0,    ,    0,    0,    0,    0, 
WP, 93, 2019073000, 03, ST5D, 108,   0N,    0E,  55,    0,   ,   0,    ,    0,    0,    0,    0, 
WP, 93, 2019073000, 03, ST5D, 120,   0N,    0E,  60,    0,   ,   0,    ,    0,    0,    0,    0, 
WP, 93, 2019073000, 03, STRT,  12, 219N, 1575E,  20,    0,   ,   0,    ,    0,    0,    0,    0, 
WP, 93, 2019073000, 03, STRT,  24, 227N, 1555E,  25,    0,   ,   0,    ,    0,    0,    0,    0, 
WP, 93, 2019073000, 03, STRT,  36, 235N, 1537E,  30,    0,   ,   0,    ,    0,    0,    0,    0, 
WP, 93, 2019073000, 03, STRT,  48, 247N, 1520E,  40,    0,   ,   0,    ,    0,    0,    0,    0, 
WP, 93, 2019073000, 03, STRT,  72, 266N, 1493E,  45,    0,   ,   0,    ,    0,    0,    0,    0, 
WP, 93, 2019073000, 03, TCLP,   0, 212N, 1596E,  15,    0,   ,   0,    ,    0,    0,    0,    0, 
WP, 93, 2019073000, 03, TCLP,  12, 215N, 1582E,  15,    0,   ,   0,    ,    0,    0,    0,    0, 
WP, 93, 2019073000, 03, TCLP,  24, 219N, 1570E,  17,    0,   ,   0,    ,    0,    0,    0,    0, 
WP, 93, 2019073000, 03, TCLP,  36, 225N, 1558E,  19,    0,   ,   0,    ,    0,    0,    0,    0, 
WP, 93, 2019073000, 03, TCLP,  48, 231N, 1547E,  21,    0,   ,   0,    ,    0,    0,    0,    0, 
WP, 93, 2019073000, 03, TCLP,  60, 239N, 1537E,  24,    0,   ,   0,    ,    0,    0,    0,    0, 
WP, 93, 2019073000, 03, TCLP,  72, 247N, 1527E,  28,    0,   ,   0,    ,    0,    0,    0,    0, 
WP, 93, 2019073000, 03, TCLP,  84, 257N, 1518E,  31,    0,   ,   0,    ,    0,    0,    0,    0, 
WP, 93, 2019073000, 03, TCLP,  96, 267N, 1510E,  35,    0,   ,   0,    ,    0,    0,    0,    0, 
WP, 93, 2019073000, 03, TCLP, 108, 277N, 1504E,  38,    0,   ,   0,    ,    0,    0,    0,    0, 
WP, 93, 2019073000, 03, TCLP, 120, 288N, 1498E,  40,    0,   ,   0,    ,    0,    0,    0,    0, 
WP, 93, 2019073000, 03, TCLP, 132, 300N, 1494E,  41,    0,   ,   0,    ,    0,    0,    0,    0, 
WP, 93, 2019073000, 03, TCLP, 144, 313N, 1492E,  41,    0,   ,   0,    ,    0,    0,    0,    0, 
WP, 93, 2019073000, 03, TCLP, 156, 327N, 1493E,  40,    0,   ,   0,    ,    0,    0,    0,    0, 
WP, 93, 2019073000, 03, TCLP, 168, 342N, 1496E,  38,    0,   ,   0,    ,    0,    0,    0,    0, 
WP, 93, 2019073000, 03, WANI,   0, 212N, 1596E,  15,    0,   ,   0,    ,    0,    0,    0,    0, 
WP, 93, 2019073000, 03, WANI,  12, 219N, 1592E,  17,    0,   ,   0,    ,    0,    0,    0,    0, 
WP, 93, 2019073000, 03, WANI,  24, 222N, 1583E,  17,    0,   ,   0,    ,    0,    0,    0,    0, 
WP, 93, 2019073000, 03, WANI,  36, 219N, 1577E,  16,    0,   ,   0,    ,    0,    0,    0,    0, 
WP, 93, 2019073000, 03, WANI,  48, 214N, 1571E,  26,    0,   ,   0,    ,    0,    0,    0,    0, 
WP, 93, 2019073000, 03, WANI,  60, 213N, 1565E,  31,    0,   ,   0,    ,    0,    0,    0,    0, 
WP, 93, 2019073000, 03, WANI,  72, 221N, 1554E,  39,    0,   ,   0,    ,    0,    0,    0,    0, 
WP, 93, 2019073000, 03, WANI,  84, 232N, 1538E,  48,    0,   ,   0,    ,    0,    0,    0,    0, 
WP, 93, 2019073000, 03, WANI,  96, 240N, 1523E,  55,    0,   ,   0,    ,    0,    0,    0,    0, 
WP, 93, 2019073000, 03, WANI, 108, 246N, 1506E,  60,    0,   ,   0,    ,    0,    0,    0,    0, 
WP, 93, 2019073000, 03, WANI, 120, 252N, 1490E,  64,    0,   ,   0,    ,    0,    0,    0,    0, 
WP, 93, 2019073000, 03, WBAI,   0, 212N, 1596E,   0,    0,   ,  34, NEQ,    0,    0,    0,    0, 
WP, 93, 2019073000, 03, WBAI,  12, 212N, 1577E,   0,    0,   ,  34, NEQ,    0,    0,    0,    0, 
WP, 93, 2019073000, 03, WBAI,  24, 210N, 1569E,   0,    0,   ,  34, NEQ,    0,    0,    0,    0, 
WP, 93, 2019073000, 03, WBAI,  36, 212N, 1563E,   0,    0,   ,  34, NEQ,    0,    0,    0,    0, 
WP, 93, 2019073000, 03, WBAI,  48, 213N, 1553E,   0,    0,   ,  34, NEQ,    0,    0,    0,    0, 
WP, 93, 2019073000, 03, WBAI,  60, 216N, 1539E,   0,    0,   ,  34, NEQ,    0,    0,    0,    0, 
WP, 93, 2019073000, 03, WBAI,  72, 219N, 1525E,   0,    0,   ,  34, NEQ,    0,    0,    0,    0, 
WP, 93, 2019073000, 03, WBAR,   0, 212N, 1596E,   0,    0,   ,   0,    ,    0,    0,    0,    0, 
WP, 93, 2019073000, 03, WBAR,   6, 221N, 1608E,   0,    0,   ,   0,    ,    0,    0,    0,    0, 
WP, 93, 2019073000, 03, WBAR,  12, 233N, 1603E,   0,    0,   ,   0,    ,    0,    0,    0,    0, 
WP, 93, 2019073000, 03, WBAR,  18, 241N, 1598E,   0,    0,   ,   0,    ,    0,    0,    0,    0, 
WP, 93, 2019073000, 03, WBAR,  24, 248N, 1591E,   0,    0,   ,   0,    ,    0,    0,    0,    0, 
WP, 93, 2019073000, 03, WBAR,  30, 250N, 1580E,   0,    0,   ,   0,    ,    0,    0,    0,    0, 
WP, 93, 2019073000, 03, WBAR,  36, 219N, 1556E,   0,    0,   ,   0,    ,    0,    0,    0,    0, 
WP, 93, 2019073000, 03, WBAR,  42, 217N, 1554E,   0,    0,   ,   0,    ,    0,    0,    0,    0, 
WP, 93, 2019073000, 03, WBAR,  48, 217N, 1551E,   0,    0,   ,   0,    ,    0,    0,    0,    0, 
WP, 93, 2019073000, 03, WBAR,  54, 218N, 1549E,   0,    0,   ,   0,    ,    0,    0,    0,    0, 
WP, 93, 2019073000, 03, WBAR,  60, 221N, 1545E,   0,    0,   ,   0,    ,    0,    0,    0,    0, 
WP, 93, 2019073000, 03, WBAR,  66, 224N, 1539E,   0,    0,   ,   0,    ,    0,    0,    0,    0, 
WP, 93, 2019073000, 03, WBAR,  72, 229N, 1532E,   0,    0,   ,   0,    ,    0,    0,    0,    0, 
WP, 93, 2019073000, 03, XTRP,  12, 214N, 1582E,  15,    0,   ,   0,    ,    0,    0,    0,    0, 
WP, 93, 2019073000, 03, XTRP,  24, 216N, 1568E,  15,    0,   ,   0,    ,    0,    0,    0,    0, 
WP, 93, 2019073000, 03, XTRP,  36, 218N, 1554E,  15,    0,   ,   0,    ,    0,    0,    0,    0, 
WP, 93, 2019073000, 03, XTRP,  48, 220N, 1540E,  15,    0,   ,   0,    ,    0,    0,    0,    0, 
WP, 93, 2019073000, 03, XTRP,  60, 222N, 1526E,  15,    0,   ,   0,    ,    0,    0,    0,    0, 
WP, 93, 2019073000, 03, XTRP,  72, 224N, 1512E,  15,    0,   ,   0,    ,    0,    0,    0,    0, 
WP, 93, 2019073000, 03, XTRP,  84, 226N, 1497E,  15,    0,   ,   0,    ,    0,    0,    0,    0, 
WP, 93, 2019073000, 03, XTRP,  96, 229N, 1483E,  15,    0,   ,   0,    ,    0,    0,    0,    0, 
WP, 93, 2019073000, 03, XTRP, 108, 231N, 1469E,  15,    0,   ,   0,    ,    0,    0,    0,    0, 
WP, 93, 2019073000, 03, XTRP, 120, 233N, 1455E,  15,    0,   ,   0,    ,    0,    0,    0,    0, 
WP, 93, 2019073000, 71, JNVG,   0, 210N, 1581E,  15,    0,   ,  34, NEQ,    0,    0,    0,    0, 
WP, 93, 2019073000, 71, JNVG,  12, 233N, 1563E,  15,    0,   ,  34, NEQ,    0,    0,    0,    0, 
WP, 93, 2019073000, 72, JAVN,   0, 217N, 1588E,  15,    0,   ,  34, NEQ,    0,    0,    0,    0, 
WP, 93, 2019073000, 72, JAVN,  12, 218N, 1568E,  20,    0,   ,  34, NEQ,    0,    0,    0,    0, 
WP, 93, 2019073000, 72, JAVN,  24, 210N, 1548E,  20,    0,   ,  34, NEQ,    0,    0,    0,    0, 
WP, 93, 2019073000, 72, JAVN,  36, 192N, 1542E,  15,    0,   ,  34, NEQ,    0,    0,    0,    0, 
WP, 93, 2019073000, 72, JAVN,  48, 182N, 1554E,  15,    0,   ,  34, NEQ,    0,    0,    0,    0, 
WP, 93, 2019073000, 72, JAVN,  60, 200N, 1554E,  20,    0,   ,  34, NEQ,    0,    0,    0,    0, 
WP, 93, 2019073000, 72, JAVN,  72, 204N, 1558E,  20,    0,   ,  34, NEQ,    0,    0,    0,    0, 
WP, 93, 2019073000, 72, JAVN,  84, 202N, 1523E,  15,    0,   ,  34, NEQ,    0,    0,    0,    0, 
WP, 93, 2019073000, 72, JAVN,  96, 203N, 1519E,  10,    0,   ,  34, NEQ,    0,    0,    0,    0, 
WP, 93, 2019073000, 73, JUKM,   0, 218N, 1574E,  15,    0,   ,  34, NEQ,    0,    0,    0,    0, 
WP, 93, 2019073000, 73, JUKM,  12, 222N, 1572E,  15,    0,   ,  34, NEQ,    0,    0,    0,    0, 
WP, 93, 2019073000, 73, JUKM,  24, 225N, 1565E,  15,    0,   ,  34, NEQ,    0,    0,    0,    0, 
WP, 93, 2019073000, 73, JUKM,  36, 224N, 1559E,  15,    0,   ,  34, NEQ,    0,    0,    0,    0, 
WP, 93, 2019073000, 73, JUKM,  48, 222N, 1557E,  10,    0,   ,  34, NEQ,    0,    0,    0,    0, 
WP, 93, 2019073000, 73, JUKM,  60, 227N, 1545E,  10,    0,   ,  34, NEQ,    0,    0,    0,    0, 
WP, 93, 2019073000, 73, JUKM,  72, 219N, 1538E,  10,    0,   ,  34, NEQ,    0,    0,    0,    0, 
WP, 93, 2019073000, 73, JUKM,  84, 212N, 1530E,  10,    0,   ,  34, NEQ,    0,    0,    0,    0, 
WP, 93, 2019073000, 73, JUKM,  96, 209N, 1527E,  10,    0,   ,  34, NEQ,    0,    0,    0,    0, 
WP, 93, 2019073000, 73, JUKM, 108, 204N, 1520E,  10,    0,   ,  34, NEQ,    0,    0,    0,    0, 
WP, 93, 2019073000, 73, JUKM, 120, 199N, 1519E,  10,    0,   ,  34, NEQ,    0,    0,    0,    0, 
WP, 93, 2019073006, 01, CARQ, -24, 209N, 1615E,  15,    0,   ,   0,    ,    0,    0,    0,    0, 
WP, 93, 2019073006, 01, CARQ, -18, 210N, 1610E,  15,    0,   ,   0,    ,    0,    0,    0,    0, 
WP, 93, 2019073006, 01, CARQ, -12, 211N, 1605E,  15,    0,   ,   0,    ,    0,    0,    0,    0, 
WP, 93, 2019073006, 01, CARQ,  -6, 212N, 1596E,  15,    0,   ,   0,    ,    0,    0,    0,    0, 
WP, 93, 2019073006, 01, CARQ,   0, 217N, 1590E,  15,    0,   ,   0,    ,    0,    0,    0,    0, 
WP, 93, 2019073006, 03, C120,  12, 223N, 1577E,   0,    0,   ,   0,    ,    0,    0,    0,    0, 
WP, 93, 2019073006, 03, C120,  24, 230N, 1565E,   0,    0,   ,   0,    ,    0,    0,    0,    0, 
WP, 93, 2019073006, 03, C120,  36, 237N, 1554E,   0,    0,   ,   0,    ,    0,    0,    0,    0, 
WP, 93, 2019073006, 03, C120,  48, 244N, 1544E,   0,    0,   ,   0,    ,    0,    0,    0,    0, 
WP, 93, 2019073006, 03, C120,  60, 253N, 1535E,   0,    0,   ,   0,    ,    0,    0,    0,    0, 
WP, 93, 2019073006, 03, C120,  72, 262N, 1526E,   0,    0,   ,   0,    ,    0,    0,    0,    0, 
WP, 93, 2019073006, 03, C120,  84, 272N, 1518E,   0,    0,   ,   0,    ,    0,    0,    0,    0, 
WP, 93, 2019073006, 03, C120,  96, 282N, 1511E,   0,    0,   ,   0,    ,    0,    0,    0,    0, 
WP, 93, 2019073006, 03, C120, 108, 292N, 1506E,   0,    0,   ,   0,    ,    0,    0,    0,    0, 
WP, 93, 2019073006, 03, C120, 120, 303N, 1503E,   0,    0,   ,   0,    ,    0,    0,    0,    0, 
WP, 93, 2019073006, 03, CLIM,  12, 232N, 1581E,  16,    0,   ,   0,    ,    0,    0,    0,    0, 
WP, 93, 2019073006, 03, CLIM,  24, 244N, 1571E,  22,    0,   ,   0,    ,    0,    0,    0,    0, 
WP, 93, 2019073006, 03, CLIM,  36, 254N, 1566E,  24,    0,   ,   0,    ,    0,    0,    0,    0, 
WP, 93, 2019073006, 03, CLIM,  48, 269N, 1558E,  25,    0,   ,   0,    ,    0,    0,    0,    0, 
WP, 93, 2019073006, 03, CLIM,  72, 309N, 1527E,  24,    0,   ,   0,    ,    0,    0,    0,    0, 
WP, 93, 2019073006, 03, CLIP,  12, 225N, 1572E,  19,    0,   ,   0,    ,    0,    0,    0,    0, 
WP, 93, 2019073006, 03, CLIP,  24, 234N, 1555E,  27,    0,   ,   0,    ,    0,    0,    0,    0, 
WP, 93, 2019073006, 03, CLIP,  36, 241N, 1539E,  34,    0,   ,   0,    ,    0,    0,    0,    0, 
WP, 93, 2019073006, 03, CLIP,  48, 248N, 1524E,  40,    0,   ,   0,    ,    0,    0,    0,    0, 
WP, 93, 2019073006, 03, CLIP,  72, 269N, 1503E,  49,    0,   ,   0,    ,    0,    0,    0,    0, 
WP, 93, 2019073006, 03, CONW,   0, 217N, 1590E,  15,    0,   ,   0,    ,    0,    0,    0,    0, 
WP, 93, 2019073006, 03, CONW,  12, 217N, 1578E,  16,    0,   ,   0,    ,    0,    0,    0,    0, 
WP, 93, 2019073006, 03, CONW,  24, 211N, 1569E,  15,    0,   ,   0,    ,    0,    0,    0,    0, 
WP, 93, 2019073006, 03, CONW,  36, 205N, 1568E,  13,    0,   ,   0,    ,    0,    0,    0,    0, 
WP, 93, 2019073006, 03, CONW,  48, 206N, 1567E,  13,    0,   ,   0,    ,    0,    0,    0,    0, 
WP, 93, 2019073006, 03, CONW,  60, 210N, 1563E,  14,    0,   ,   0,    ,    0,    0,    0,    0, 
WP, 93, 2019073006, 03, CONW,  72, 208N, 1552E,  12,    0,   ,   0,    ,    0,    0,    0,    0, 
WP, 93, 2019073006, 03, CONW,  84, 205N, 1540E,  10,    0,   ,   0,    ,    0,    0,    0,    0, 
WP, 93, 2019073006, 03, CONW,  96, 203N, 1529E,   8,    0,   ,   0,    ,    0,    0,    0,    0, 
WP, 93, 2019073006, 03, FBAM,  12, 222N, 1578E,   0,    0,   ,   0,    ,    0,    0,    0,    0, 
WP, 93, 2019073006, 03, FBAM,  24, 222N, 1569E,   0,    0,   ,   0,    ,    0,    0,    0,    0, 
WP, 93, 2019073006, 03, FBAM,  36, 220N, 1559E,   0,    0,   ,   0,    ,    0,    0,    0,    0, 
WP, 93, 2019073006, 03, FBAM,  48, 219N, 1547E,   0,    0,   ,   0,    ,    0,    0,    0,    0, 
WP, 93, 2019073006, 03, FBAM,  72, 223N, 1515E,   0,    0,   ,   0,    ,    0,    0,    0,    0, 
WP, 93, 2019073006, 03, HPAC,  12, 228N, 1578E,   0,    0,   ,   0,    ,    0,    0,    0,    0, 
WP, 93, 2019073006, 03, HPAC,  24, 237N, 1565E,   0,    0,   ,   0,    ,    0,    0,    0,    0, 
WP, 93, 2019073006, 03, HPAC,  36, 245N, 1555E,   0,    0,   ,   0,    ,    0,    0,    0,    0, 
WP, 93, 2019073006, 03, HPAC,  48, 255N, 1543E,   0,    0,   ,   0,    ,    0,    0,    0,    0, 
WP, 93, 2019073006, 03, HPAC,  72, 281N, 1513E,   0,    0,   ,   0,    ,    0,    0,    0,    0, 
WP, 93, 2019073006, 03, JAVI,   0, 217N, 1590E,  15,    0,   ,  34, NEQ,    0,    0,    0,    0, 
WP, 93, 2019073006, 03, JAVI,  12, 213N, 1571E,  17,    0,   ,  34, NEQ,    0,    0,    0,    0, 
WP, 93, 2019073006, 03, JAVI,  24, 201N, 1559E,  15,    0,   ,  34, NEQ,    0,    0,    0,    0, 
WP, 93, 2019073006, 03, JAVI,  36, 189N, 1560E,  13,    0,   ,  34, NEQ,    0,    0,    0,    0, 
WP, 93, 2019073006, 03, JAVI,  48, 192N, 1566E,  15,    0,   ,  34, NEQ,    0,    0,    0,    0, 
WP, 93, 2019073006, 03, JAVI,  60, 201N, 1566E,  17,    0,   ,  34, NEQ,    0,    0,    0,    0, 
WP, 93, 2019073006, 03, JAVI,  72, 203N, 1552E,  14,    0,   ,  34, NEQ,    0,    0,    0,    0, 
WP, 93, 2019073006, 03, JAVI,  84, 203N, 1535E,  10,    0,   ,  34, NEQ,    0,    0,    0,    0, 
WP, 93, 2019073006, 03, JAVI,  96, 202N, 1517E,   5,    0,   ,  34, NEQ,    0,    0,    0,    0, 
WP, 93, 2019073006, 03, JNVI,   0, 217N, 1590E,  15,    0,   ,  34, NEQ,    0,    0,    0,    0, 
WP, 93, 2019073006, 03, JUKI,   0, 217N, 1590E,  15,    0,   ,  34, NEQ,    0,    0,    0,    0, 
WP, 93, 2019073006, 03, JUKI,  12, 220N, 1586E,  14,    0,   ,  34, NEQ,    0,    0,    0,    0, 
WP, 93, 2019073006, 03, JUKI,  24, 221N, 1580E,  14,    0,   ,  34, NEQ,    0,    0,    0,    0, 
WP, 93, 2019073006, 03, JUKI,  36, 220N, 1575E,  12,    0,   ,  34, NEQ,    0,    0,    0,    0, 
WP, 93, 2019073006, 03, JUKI,  48, 221N, 1568E,  10,    0,   ,  34, NEQ,    0,    0,    0,    0, 
WP, 93, 2019073006, 03, JUKI,  60, 219N, 1559E,  10,    0,   ,  34, NEQ,    0,    0,    0,    0, 
WP, 93, 2019073006, 03, JUKI,  72, 213N, 1551E,  10,    0,   ,  34, NEQ,    0,    0,    0,    0, 
WP, 93, 2019073006, 03, JUKI,  84, 208N, 1546E,  10,    0,   ,  34, NEQ,    0,    0,    0,    0, 
WP, 93, 2019073006, 03, JUKI,  96, 203N, 1541E,  10,    0,   ,  34, NEQ,    0,    0,    0,    0, 
WP, 93, 2019073006, 03, JUKI, 108, 199N, 1537E,  10,    0,   ,  34, NEQ,    0,    0,    0,    0, 
WP, 93, 2019073006, 03, JUKI, 120, 194N, 1533E,  10,    0,   ,  34, NEQ,    0,    0,    0,    0, 
WP, 93, 2019073006, 03, MBAM,  12, 224N, 1576E,   0,    0,   ,   0,    ,    0,    0,    0,    0, 
WP, 93, 2019073006, 03, MBAM,  24, 228N, 1564E,   0,    0,   ,   0,    ,    0,    0,    0,    0, 
WP, 93, 2019073006, 03, MBAM,  36, 228N, 1551E,   0,    0,   ,   0,    ,    0,    0,    0,    0, 
WP, 93, 2019073006, 03, MBAM,  48, 227N, 1536E,   0,    0,   ,   0,    ,    0,    0,    0,    0, 
WP, 93, 2019073006, 03, MBAM,  72, 230N, 1502E,   0,    0,   ,   0,    ,    0,    0,    0,    0, 
WP, 93, 2019073006, 03, RECR,  12, 222N, 1583E,  30,    0,   ,   0,    ,    0,    0,    0,    0, 
WP, 93, 2019073006, 03, RECR,  24, 228N, 1570E,  35,    0,   ,   0,    ,    0,    0,    0,    0, 
WP, 93, 2019073006, 03, RECR,  36, 237N, 1561E,  50,    0,   ,   0,    ,    0,    0,    0,    0, 
WP, 93, 2019073006, 03, RECR,  48, 248N, 1552E,  65,    0,   ,   0,    ,    0,    0,    0,    0, 
WP, 93, 2019073006, 03, RECR,  72, 267N, 1515E,  75,    0,   ,   0,    ,    0,    0,    0,    0, 
WP, 93, 2019073006, 03, SBAM,  12, 225N, 1576E,   0,    0,   ,   0,    ,    0,    0,    0,    0, 
WP, 93, 2019073006, 03, SBAM,  24, 230N, 1564E,   0,    0,   ,   0,    ,    0,    0,    0,    0, 
WP, 93, 2019073006, 03, SBAM,  36, 231N, 1551E,   0,    0,   ,   0,    ,    0,    0,    0,    0, 
WP, 93, 2019073006, 03, SBAM,  48, 231N, 1536E,   0,    0,   ,   0,    ,    0,    0,    0,    0, 
WP, 93, 2019073006, 03, SBAM,  72, 233N, 1504E,   0,    0,   ,   0,    ,    0,    0,    0,    0, 
WP, 93, 2019073006, 03, ST5D,  12,   0N,    0E,  16,    0,   ,   0,    ,    0,    0,    0,    0, 
WP, 93, 2019073006, 03, ST5D,  24,   0N,    0E,  18,    0,   ,   0,    ,    0,    0,    0,    0, 
WP, 93, 2019073006, 03, ST5D,  36,   0N,    0E,  24,    0,   ,   0,    ,    0,    0,    0,    0, 
WP, 93, 2019073006, 03, ST5D,  48,   0N,    0E,  31,    0,   ,   0,    ,    0,    0,    0,    0, 
WP, 93, 2019073006, 03, ST5D,  60,   0N,    0E,  36,    0,   ,   0,    ,    0,    0,    0,    0, 
WP, 93, 2019073006, 03, ST5D,  72,   0N,    0E,  40,    0,   ,   0,    ,    0,    0,    0,    0, 
WP, 93, 2019073006, 03, ST5D,  84,   0N,    0E,  48,    0,   ,   0,    ,    0,    0,    0,    0, 
WP, 93, 2019073006, 03, ST5D,  96,   0N,    0E,  54,    0,   ,   0,    ,    0,    0,    0,    0, 
WP, 93, 2019073006, 03, ST5D, 108,   0N,    0E,  55,    0,   ,   0,    ,    0,    0,    0,    0, 
WP, 93, 2019073006, 03, ST5D, 120,   0N,    0E,  59,    0,   ,   0,    ,    0,    0,    0,    0, 
WP, 93, 2019073006, 03, STRT,  12, 225N, 1570E,  20,    0,   ,   0,    ,    0,    0,    0,    0, 
WP, 93, 2019073006, 03, STRT,  24, 233N, 1552E,  30,    0,   ,   0,    ,    0,    0,    0,    0, 
WP, 93, 2019073006, 03, STRT,  36, 242N, 1534E,  35,    0,   ,   0,    ,    0,    0,    0,    0, 
WP, 93, 2019073006, 03, STRT,  48, 251N, 1523E,  35,    0,   ,   0,    ,    0,    0,    0,    0, 
WP, 93, 2019073006, 03, STRT,  72, 273N, 1494E,  45,    0,   ,   0,    ,    0,    0,    0,    0, 
WP, 93, 2019073006, 03, TCLP,   0, 217N, 1590E,  15,    0,   ,   0,    ,    0,    0,    0,    0, 
WP, 93, 2019073006, 03, TCLP,  12, 223N, 1576E,  15,    0,   ,   0,    ,    0,    0,    0,    0, 
WP, 93, 2019073006, 03, TCLP,  24, 231N, 1562E,  17,    0,   ,   0,    ,    0,    0,    0,    0, 
WP, 93, 2019073006, 03, TCLP,  36, 238N, 1550E,  18,    0,   ,   0,    ,    0,    0,    0,    0, 
WP, 93, 2019073006, 03, TCLP,  48, 247N, 1539E,  21,    0,   ,   0,    ,    0,    0,    0,    0, 
WP, 93, 2019073006, 03, TCLP,  60, 256N, 1529E,  23,    0,   ,   0,    ,    0,    0,    0,    0, 
WP, 93, 2019073006, 03, TCLP,  72, 266N, 1520E,  26,    0,   ,   0,    ,    0,    0,    0,    0, 
WP, 93, 2019073006, 03, TCLP,  84, 277N, 1512E,  28,    0,   ,   0,    ,    0,    0,    0,    0, 
WP, 93, 2019073006, 03, TCLP,  96, 288N, 1505E,  30,    0,   ,   0,    ,    0,    0,    0,    0, 
WP, 93, 2019073006, 03, TCLP, 108, 300N, 1501E,  32,    0,   ,   0,    ,    0,    0,    0,    0, 
WP, 93, 2019073006, 03, TCLP, 120, 312N, 1498E,  32,    0,   ,   0,    ,    0,    0,    0,    0, 
WP, 93, 2019073006, 03, TCLP, 132, 326N, 1497E,  32,    0,   ,   0,    ,    0,    0,    0,    0, 
WP, 93, 2019073006, 03, TCLP, 144, 341N, 1500E,  31,    0,   ,   0,    ,    0,    0,    0,    0, 
WP, 93, 2019073006, 03, TCLP, 156, 357N, 1506E,  29,    0,   ,   0,    ,    0,    0,    0,    0, 
WP, 93, 2019073006, 03, TCLP, 168, 376N, 1514E,  27,    0,   ,   0,    ,    0,    0,    0,    0, 
WP, 93, 2019073006, 03, WBAI,   0, 217N, 1590E,   0,    0,   ,  34, NEQ,    0,    0,    0,    0, 
WP, 93, 2019073006, 03, WBAI,  12, 234N, 1586E,   0,    0,   ,  34, NEQ,    0,    0,    0,    0, 
WP, 93, 2019073006, 03, WBAI,  24, 233N, 1565E,   0,    0,   ,  34, NEQ,    0,    0,    0,    0, 
WP, 93, 2019073006, 03, WBAI,  36, 216N, 1545E,   0,    0,   ,  34, NEQ,    0,    0,    0,    0, 
WP, 93, 2019073006, 03, WBAI,  48, 214N, 1537E,   0,    0,   ,  34, NEQ,    0,    0,    0,    0, 
WP, 93, 2019073006, 03, WBAI,  60, 220N, 1528E,   0,    0,   ,  34, NEQ,    0,    0,    0,    0, 
WP, 93, 2019073006, 03, WBAI,  72, 226N, 1518E,   0,    0,   ,  34, NEQ,    0,    0,    0,    0, 
WP, 93, 2019073006, 03, XTRP,  12, 223N, 1575E,  15,    0,   ,   0,    ,    0,    0,    0,    0, 
WP, 93, 2019073006, 03, XTRP,  24, 229N, 1560E,  15,    0,   ,   0,    ,    0,    0,    0,    0, 
WP, 93, 2019073006, 03, XTRP,  36, 235N, 1545E,  15,    0,   ,   0,    ,    0,    0,    0,    0, 
WP, 93, 2019073006, 03, XTRP,  48, 241N, 1529E,  15,    0,   ,   0,    ,    0,    0,    0,    0, 
WP, 93, 2019073006, 03, XTRP,  60, 247N, 1514E,  15,    0,   ,   0,    ,    0,    0,    0,    0, 
WP, 93, 2019073006, 03, XTRP,  72, 253N, 1498E,  15,    0,   ,   0,    ,    0,    0,    0,    0, 
WP, 93, 2019073006, 03, XTRP,  84, 259N, 1483E,  15,    0,   ,   0,    ,    0,    0,    0,    0, 
WP, 93, 2019073006, 03, XTRP,  96, 265N, 1467E,  15,    0,   ,   0,    ,    0,    0,    0,    0, 
WP, 93, 2019073006, 03, XTRP, 108, 270N, 1452E,  15,    0,   ,   0,    ,    0,    0,    0,    0, 
WP, 93, 2019073006, 03, XTRP, 120, 276N, 1436E,  15,    0,   ,   0,    ,    0,    0,    0,    0, 
WP, 93, 2019073006, 71, JNVG,   0, 212N, 1578E,  15,    0,   ,  34, NEQ,    0,    0,    0,    0, 
WP, 93, 2019073012, 71, JNVG,   0, 195N, 1518E,  15,    0,   ,  34, NEQ,    0,    0,    0,    0, 
WP, 93, 2019073012, 72, JAVN,   0, 205N, 1531E,  15,    0,   ,  34, NEQ,    0,    0,    0,    0, 
WP, 93, 2019073012, 72, JAVN,  12, 205N, 1566E,  15,    0,   ,  34, NEQ,    0,    0,    0,    0, 
WP, 93, 2019073012, 72, JAVN,  24, 215N, 1557E,  10,    0,   ,  34, NEQ,    0,    0,    0,    0, 
WP, 93, 2019073012, 72, JAVN,  36, 205N, 1544E,  15,    0,   ,  34, NEQ,    0,    0,    0,    0, 
WP, 93, 2019073012, 72, JAVN,  48, 195N, 1538E,  20,    0,   ,  34, NEQ,    0,    0,    0,    0, 
WP, 93, 2019073012, 72, JAVN,  60, 195N, 1536E,  15,    0,   ,  34, NEQ,    0,    0,    0,    0, 
WP, 93, 2019073012, 72, JAVN,  72, 234N, 1558E,  20,    0,   ,  34, NEQ,    0,    0,    0,    0, 
WP, 93, 2019073012, 72, JAVN,  84, 245N, 1553E,  15,    0,   ,  34, NEQ,    0,    0,    0,    0, 
WP, 93, 2019073012, 72, JAVN,  96, 248N, 1545E,  15,    0,   ,  34, NEQ,    0,    0,    0,    0, 
WP, 93, 2019073012, 72, JAVN, 108, 255N, 1538E,  15,    0,   ,  34, NEQ,    0,    0,    0,    0, 
WP, 93, 2019073012, 72, JAVN, 120, 254N, 1536E,  30,    0,   ,  34, NEQ,    0,    0,    0,    0, 
WP, 93, 2019073012, 73, JUKM,   0, 215N, 1538E,  15,    0,   ,  34, NEQ,    0,    0,    0,    0, 
WP, 93, 2019073012, 73, JUKM,  12, 215N, 1547E,  10,    0,   ,  34, NEQ,    0,    0,    0,    0, 
WP, 93, 2019073012, 73, JUKM,  24, 215N, 1544E,  10,    0,   ,  34, NEQ,    0,    0,    0,    0, 
WP, 93, 2019073012, 73, JUKM,  36, 222N, 1535E,  10,    0,   ,  34, NEQ,    0,    0,    0,    0, 
WP, 93, 2019073012, 73, JUKM,  48, 216N, 1536E,  10,    0,   ,  34, NEQ,    0,    0,    0,    0, 
WP, 93, 2019073012, 73, JUKM,  60, 213N, 1535E,  10,    0,   ,  34, NEQ,    0,    0,    0,    0, 
WP, 93, 2019073012, 73, JUKM,  72, 206N, 1525E,  10,    0,   ,  34, NEQ,    0,    0,    0,    0, 
WP, 93, 2019073012, 73, JUKM,  84, 205N, 1524E,  10,    0,   ,  34, NEQ,    0,    0,    0,    0, 
WP, 93, 2019073012, 73, JUKM,  96, 204N, 1516E,  10,    0,   ,  34, NEQ,    0,    0,    0,    0, 
WP, 93, 2019073012, 73, JUKM, 108, 204N, 1515E,  10,    0,   ,  34, NEQ,    0,    0,    0,    0, 
WP, 93, 2019073012, 73, JUKM, 120, 205N, 1505E,  15,    0,   ,  34, NEQ,    0,    0,    0,    0, 
WP, 93, 2019073012, 74, JJGS,   0, 231N, 1551E,  15,    0,   ,  34, NEQ,    0,    0,    0,    0, 
WP, 93, 2019073018, 01, CARQ, -24, 210N, 1598E,  15,    0,   ,   0,    ,    0,    0,    0,    0, 
WP, 93, 2019073018, 01, CARQ, -18, 214N, 1585E,  15,    0,   ,   0,    ,    0,    0,    0,    0, 
WP, 93, 2019073018, 01, CARQ, -12, 215N, 1574E,  15,    0,   ,   0,    ,    0,    0,    0,    0, 
WP, 93, 2019073018, 01, CARQ,  -6, 214N, 1564E,  15,    0,   ,   0,    ,    0,    0,    0,    0, 
WP, 93, 2019073018, 01, CARQ,   0, 200N, 1551E,  15,    0,   ,   0,    ,    0,    0,    0,    0, 
WP, 93, 2019073018, 03, C120,  12, 191N, 1531E,   0,    0,   ,   0,    ,    0,    0,    0,    0, 
WP, 93, 2019073018, 03, C120,  24, 188N, 1514E,   0,    0,   ,   0,    ,    0,    0,    0,    0, 
WP, 93, 2019073018, 03, C120,  36, 188N, 1496E,   0,    0,   ,   0,    ,    0,    0,    0,    0, 
WP, 93, 2019073018, 03, C120,  48, 189N, 1480E,   0,    0,   ,   0,    ,    0,    0,    0,    0, 
WP, 93, 2019073018, 03, C120,  60, 193N, 1465E,   0,    0,   ,   0,    ,    0,    0,    0,    0, 
WP, 93, 2019073018, 03, C120,  72, 199N, 1451E,   0,    0,   ,   0,    ,    0,    0,    0,    0, 
WP, 93, 2019073018, 03, C120,  84, 208N, 1439E,   0,    0,   ,   0,    ,    0,    0,    0,    0, 
WP, 93, 2019073018, 03, C120,  96, 217N, 1428E,   0,    0,   ,   0,    ,    0,    0,    0,    0, 
WP, 93, 2019073018, 03, C120, 108, 226N, 1419E,   0,    0,   ,   0,    ,    0,    0,    0,    0, 
WP, 93, 2019073018, 03, C120, 120, 236N, 1412E,   0,    0,   ,   0,    ,    0,    0,    0,    0, 
WP, 93, 2019073018, 03, CLIM,  12, 209N, 1542E,  17,    0,   ,   0,    ,    0,    0,    0,    0, 
WP, 93, 2019073018, 03, CLIM,  24, 221N, 1536E,  19,    0,   ,   0,    ,    0,    0,    0,    0, 
WP, 93, 2019073018, 03, CLIM,  36, 233N, 1529E,  22,    0,   ,   0,    ,    0,    0,    0,    0, 
WP, 93, 2019073018, 03, CLIM,  48, 246N, 1520E,  22,    0,   ,   0,    ,    0,    0,    0,    0, 
WP, 93, 2019073018, 03, CLIM,  72, 272N, 1495E,  22,    0,   ,   0,    ,    0,    0,    0,    0, 
WP, 93, 2019073018, 03, CLIP,  12, 184N, 1527E,  20,    0,   ,   0,    ,    0,    0,    0,    0, 
WP, 93, 2019073018, 03, CLIP,  24, 171N, 1505E,  28,    0,   ,   0,    ,    0,    0,    0,    0, 
WP, 93, 2019073018, 03, CLIP,  36, 162N, 1483E,  38,    0,   ,   0,    ,    0,    0,    0,    0, 
WP, 93, 2019073018, 03, CLIP,  48, 166N, 1451E,  49,    0,   ,   0,    ,    0,    0,    0,    0, 
WP, 93, 2019073018, 03, CLIP,  72, 211N, 1392E,  76,    0,   ,   0,    ,    0,    0,    0,    0, 
WP, 93, 2019073018, 03, FBAM,  12, 190N, 1535E,   0,    0,   ,   0,    ,    0,    0,    0,    0, 
WP, 93, 2019073018, 03, FBAM,  24, 186N, 1529E,   0,    0,   ,   0,    ,    0,    0,    0,    0, 
WP, 93, 2019073018, 03, FBAM,  36, 183N, 1523E,   0,    0,   ,   0,    ,    0,    0,    0,    0, 
WP, 93, 2019073018, 03, FBAM,  48, 184N, 1518E,   0,    0,   ,   0,    ,    0,    0,    0,    0, 
WP, 93, 2019073018, 03, FBAM,  72, 198N, 1504E,   0,    0,   ,   0,    ,    0,    0,    0,    0, 
WP, 93, 2019073018, 03, HPAC,  12, 197N, 1535E,   0,    0,   ,   0,    ,    0,    0,    0,    0, 
WP, 93, 2019073018, 03, HPAC,  24, 195N, 1521E,   0,    0,   ,   0,    ,    0,    0,    0,    0, 
WP, 93, 2019073018, 03, HPAC,  36, 194N, 1506E,   0,    0,   ,   0,    ,    0,    0,    0,    0, 
WP, 93, 2019073018, 03, HPAC,  48, 193N, 1490E,   0,    0,   ,   0,    ,    0,    0,    0,    0, 
WP, 93, 2019073018, 03, HPAC,  72, 191N, 1456E,   0,    0,   ,   0,    ,    0,    0,    0,    0, 
WP, 93, 2019073018, 03, MBAM,  12, 192N, 1535E,   0,    0,   ,   0,    ,    0,    0,    0,    0, 
WP, 93, 2019073018, 03, MBAM,  24, 191N, 1528E,   0,    0,   ,   0,    ,    0,    0,    0,    0, 
WP, 93, 2019073018, 03, MBAM,  36, 188N, 1522E,   0,    0,   ,   0,    ,    0,    0,    0,    0, 
WP, 93, 2019073018, 03, MBAM,  48, 189N, 1516E,   0,    0,   ,   0,    ,    0,    0,    0,    0, 
WP, 93, 2019073018, 03, MBAM,  72, 200N, 1506E,   0,    0,   ,   0,    ,    0,    0,    0,    0, 
WP, 93, 2019073018, 03, RECR,  12, 203N, 1543E,  20,    0,   ,   0,    ,    0,    0,    0,    0, 
WP, 93, 2019073018, 03, RECR,  24, 205N, 1535E,  25,    0,   ,   0,    ,    0,    0,    0,    0, 
WP, 93, 2019073018, 03, RECR,  36, 209N, 1523E,  30,    0,   ,   0,    ,    0,    0,    0,    0, 
WP, 93, 2019073018, 03, RECR,  48, 209N, 1506E,  35,    0,   ,   0,    ,    0,    0,    0,    0, 
WP, 93, 2019073018, 03, RECR,  72, 217N, 1473E,  50,    0,   ,   0,    ,    0,    0,    0,    0, 
WP, 93, 2019073018, 03, SBAM,  12, 193N, 1534E,   0,    0,   ,   0,    ,    0,    0,    0,    0, 
WP, 93, 2019073018, 03, SBAM,  24, 193N, 1528E,   0,    0,   ,   0,    ,    0,    0,    0,    0, 
WP, 93, 2019073018, 03, SBAM,  36, 191N, 1522E,   0,    0,   ,   0,    ,    0,    0,    0,    0, 
WP, 93, 2019073018, 03, SBAM,  48, 191N, 1516E,   0,    0,   ,   0,    ,    0,    0,    0,    0, 
WP, 93, 2019073018, 03, SBAM,  72, 199N, 1506E,   0,    0,   ,   0,    ,    0,    0,    0,    0, 
WP, 93, 2019073018, 03, ST5D,  12,   0N,    0E,  16,    0,   ,   0,    ,    0,    0,    0,    0, 
WP, 93, 2019073018, 03, ST5D,  24,   0N,    0E,  19,    0,   ,   0,    ,    0,    0,    0,    0, 
WP, 93, 2019073018, 03, ST5D,  36,   0N,    0E,  24,    0,   ,   0,    ,    0,    0,    0,    0, 
WP, 93, 2019073018, 03, ST5D,  48,   0N,    0E,  31,    0,   ,   0,    ,    0,    0,    0,    0, 
WP, 93, 2019073018, 03, ST5D,  60,   0N,    0E,  36,    0,   ,   0,    ,    0,    0,    0,    0, 
WP, 93, 2019073018, 03, ST5D,  72,   0N,    0E,  41,    0,   ,   0,    ,    0,    0,    0,    0, 
WP, 93, 2019073018, 03, ST5D,  84,   0N,    0E,  51,    0,   ,   0,    ,    0,    0,    0,    0, 
WP, 93, 2019073018, 03, ST5D,  96,   0N,    0E,  56,    0,   ,   0,    ,    0,    0,    0,    0, 
WP, 93, 2019073018, 03, ST5D, 108,   0N,    0E,  57,    0,   ,   0,    ,    0,    0,    0,    0, 
WP, 93, 2019073018, 03, ST5D, 120,   0N,    0E,  61,    0,   ,   0,    ,    0,    0,    0,    0, 
WP, 93, 2019073018, 03, STRT,  12, 201N, 1522E,  20,    0,   ,   0,    ,    0,    0,    0,    0, 
WP, 93, 2019073018, 03, STRT,  24, 201N, 1494E,  20,    0,   ,   0,    ,    0,    0,    0,    0, 
WP, 93, 2019073018, 03, STRT,  36, 209N, 1469E,  20,    0,   ,   0,    ,    0,    0,    0,    0, 
WP, 93, 2019073018, 03, STRT,  48, 221N, 1447E,  20,    0,   ,   0,    ,    0,    0,    0,    0, 
WP, 93, 2019073018, 03, STRT,  72, 234N, 1404E,  15,    0,   ,   0,    ,    0,    0,    0,    0, 
WP, 93, 2019073018, 03, TCLP,   0, 200N, 1551E,  15,    0,   ,   0,    ,    0,    0,    0,    0, 
WP, 93, 2019073018, 03, TCLP,  12, 188N, 1529E,  15,    0,   ,   0,    ,    0,    0,    0,    0, 
WP, 93, 2019073018, 03, TCLP,  24, 181N, 1509E,  17,    0,   ,   0,    ,    0,    0,    0,    0, 
WP, 93, 2019073018, 03, TCLP,  36, 178N, 1490E,  19,    0,   ,   0,    ,    0,    0,    0,    0, 
WP, 93, 2019073018, 03, TCLP,  48, 179N, 1472E,  22,    0,   ,   0,    ,    0,    0,    0,    0, 
WP, 93, 2019073018, 03, TCLP,  60, 182N, 1455E,  25,    0,   ,   0,    ,    0,    0,    0,    0, 
WP, 93, 2019073018, 03, TCLP,  72, 187N, 1439E,  29,    0,   ,   0,    ,    0,    0,    0,    0, 
WP, 93, 2019073018, 03, TCLP,  84, 194N, 1424E,  33,    0,   ,   0,    ,    0,    0,    0,    0, 
WP, 93, 2019073018, 03, TCLP,  96, 202N, 1409E,  39,    0,   ,   0,    ,    0,    0,    0,    0, 
WP, 93, 2019073018, 03, TCLP, 108, 211N, 1395E,  44,    0,   ,   0,    ,    0,    0,    0,    0, 
WP, 93, 2019073018, 03, TCLP, 120, 220N, 1382E,  49,    0,   ,   0,    ,    0,    0,    0,    0, 
WP, 93, 2019073018, 03, TCLP, 132, 231N, 1369E,  53,    0,   ,   0,    ,    0,    0,    0,    0, 
WP, 93, 2019073018, 03, TCLP, 144, 241N, 1357E,  56,    0,   ,   0,    ,    0,    0,    0,    0, 
WP, 93, 2019073018, 03, TCLP, 156, 253N, 1345E,  58,    0,   ,   0,    ,    0,    0,    0,    0, 
WP, 93, 2019073018, 03, TCLP, 168, 265N, 1334E,  59,    0,   ,   0,    ,    0,    0,    0,    0, 
WP, 93, 2019073018, 03, WBAR,   0, 200N, 1551E,   0,    0,   ,   0,    ,    0,    0,    0,    0, 
WP, 93, 2019073018, 03, WBAR,   6, 200N, 1560E,   0,    0,   ,   0,    ,    0,    0,    0,    0, 
WP, 93, 2019073018, 03, WBAR,  12, 203N, 1553E,   0,    0,   ,   0,    ,    0,    0,    0,    0, 
WP, 93, 2019073018, 03, WBAR,  18, 207N, 1546E,   0,    0,   ,   0,    ,    0,    0,    0,    0, 
WP, 93, 2019073018, 03, WBAR,  24, 212N, 1534E,   0,    0,   ,   0,    ,    0,    0,    0,    0, 
WP, 93, 2019073018, 03, WBAR,  30, 176N, 1520E,   0,    0,   ,   0,    ,    0,    0,    0,    0, 
WP, 93, 2019073018, 03, WBAR,  36, 179N, 1508E,   0,    0,   ,   0,    ,    0,    0,    0,    0, 
WP, 93, 2019073018, 03, WBAR,  42, 179N, 1506E,   0,    0,   ,   0,    ,    0,    0,    0,    0, 
WP, 93, 2019073018, 03, WBAR,  48, 181N, 1502E,   0,    0,   ,   0,    ,    0,    0,    0,    0, 
WP, 93, 2019073018, 03, WBAR,  54, 186N, 1497E,   0,    0,   ,   0,    ,    0,    0,    0,    0, 
WP, 93, 2019073018, 03, WBAR,  60, 191N, 1489E,   0,    0,   ,   0,    ,    0,    0,    0,    0, 
WP, 93, 2019073018, 03, WBAR,  66, 196N, 1480E,   0,    0,   ,   0,    ,    0,    0,    0,    0, 
WP, 93, 2019073018, 03, WBAR,  72, 201N, 1471E,   0,    0,   ,   0,    ,    0,    0,    0,    0, 
WP, 93, 2019073018, 03, XTRP,  12, 185N, 1528E,  15,    0,   ,   0,    ,    0,    0,    0,    0, 
WP, 93, 2019073018, 03, XTRP,  24, 170N, 1506E,  15,    0,   ,   0,    ,    0,    0,    0,    0, 
WP, 93, 2019073018, 03, XTRP,  36, 155N, 1483E,  15,    0,   ,   0,    ,    0,    0,    0,    0, 
WP, 93, 2019073018, 03, XTRP,  48, 140N, 1461E,  15,    0,   ,   0,    ,    0,    0,    0,    0, 
WP, 93, 2019073018, 03, XTRP,  60, 125N, 1439E,  15,    0,   ,   0,    ,    0,    0,    0,    0, 
WP, 93, 2019073018, 03, XTRP,  72, 110N, 1417E,  15,    0,   ,   0,    ,    0,    0,    0,    0, 
WP, 93, 2019073018, 03, XTRP,  84,  95N, 1395E,  15,    0,   ,   0,    ,    0,    0,    0,    0, 
WP, 93, 2019073018, 03, XTRP,  96,  80N, 1374E,  15,    0,   ,   0,    ,    0,    0,    0,    0, 
WP, 93, 2019073018, 03, XTRP, 108,  65N, 1352E,  15,    0,   ,   0,    ,    0,    0,    0,    0, 
WP, 93, 2019073018, 03, XTRP, 120,  50N, 1330E,  15,    0,   ,   0,    ,    0,    0,    0,    0, 
WP, 93, 2019073018, 71, JNVG,   0, 215N, 1569E,  15,    0,   ,  34, NEQ,    0,    0,    0,    0, 
WP, 93, 2019073018, 71, JNVG,  12, 215N, 1563E,  20,    0,   ,  34, NEQ,    0,    0,    0,    0, 
WP, 93, 2019073018, 71, JNVG,  24, 225N, 1558E,  20,    0,   ,  34, NEQ,    0,    0,    0,    0, 
WP, 93, 2019073018, 71, JNVG,  36, 215N, 1536E,  20,    0,   ,  34, NEQ,    0,    0,    0,    0, 
WP, 93, 2019073018, 71, JNVG,  48, 215N, 1526E,  20,    0,   ,  34, NEQ,    0,    0,    0,    0, 
WP, 93, 2019073018, 71, JNVG,  60, 215N, 1509E,  20,    0,   ,  34, NEQ,    0,    0,    0,    0, 
WP, 93, 2019073018, 71, JNVG,  72, 215N, 1479E,  15,    0,   ,  34, NEQ,    0,    0,    0,    0, 
WP, 93, 2019073018, 71, JNVG,  84, 225N, 1491E,  20,    0,   ,  34, NEQ,    0,    0,    0,    0, 
WP, 93, 2019073018, 71, JNVG,  96, 245N, 1527E,  30,    0,   ,  34, NEQ,    0,    0,    0,    0, 
WP, 93, 2019073018, 71, JNVG, 108, 245N, 1516E,  30,    0,   ,  34, NEQ,    0,    0,    0,    0, 
WP, 93, 2019073018, 71, JNVG, 120, 245N, 1507E,  20,    0,   ,  34, NEQ,    0,    0,    0,    0, 
WP, 93, 2019073018, 72, JAVN,   0, 215N, 1558E,  15,    0,   ,  34, NEQ,    0,    0,    0,    0, 
WP, 93, 2019073018, 72, JAVN,  12, 209N, 1575E,  15,    0,   ,  34, NEQ,    0,    0,    0,    0, 
WP, 93, 2019073018, 72, JAVN,  24, 206N, 1564E,  15,    0,   ,  34, NEQ,    0,    0,    0,    0, 
WP, 93, 2019073018, 72, JAVN,  36, 195N, 1540E,  20,    0,   ,  34, NEQ,    0,    0,    0,    0, 
WP, 93, 2019073018, 72, JAVN,  48, 195N, 1533E,  20,    0,   ,  34, NEQ,    0,    0,    0,    0, 
WP, 93, 2019073018, 72, JAVN,  60, 195N, 1495E,  20,    0,   ,  34, NEQ,    0,    0,    0,    0, 
WP, 93, 2019073018, 72, JAVN,  72, 205N, 1458E,  15,    0,   ,  34, NEQ,    0,    0,    0,    0, 
WP, 93, 2019073100, 01, CARQ, -24, 214N, 1585E,  15,    0,   ,   0,    ,    0,    0,    0,    0, 
WP, 93, 2019073100, 01, CARQ, -18, 215N, 1574E,  15,    0,   ,   0,    ,    0,    0,    0,    0, 
WP, 93, 2019073100, 01, CARQ, -12, 214N, 1564E,  15,    0,   ,   0,    ,    0,    0,    0,    0, 
WP, 93, 2019073100, 01, CARQ,  -6, 213N, 1557E,  15,    0,   ,   0,    ,    0,    0,    0,    0, 
WP, 93, 2019073100, 01, CARQ,   0, 213N, 1549E,  15,    0,   ,   0,    ,    0,    0,    0,    0, 
WP, 93, 2019073100, 03, C120,  12, 214N, 1536E,   0,    0,   ,   0,    ,    0,    0,    0,    0, 
WP, 93, 2019073100, 03, C120,  24, 217N, 1524E,   0,    0,   ,   0,    ,    0,    0,    0,    0, 
WP, 93, 2019073100, 03, C120,  36, 222N, 1512E,   0,    0,   ,   0,    ,    0,    0,    0,    0, 
WP, 93, 2019073100, 03, C120,  48, 227N, 1501E,   0,    0,   ,   0,    ,    0,    0,    0,    0, 
WP, 93, 2019073100, 03, C120,  60, 235N, 1491E,   0,    0,   ,   0,    ,    0,    0,    0,    0, 
WP, 93, 2019073100, 03, C120,  72, 244N, 1482E,   0,    0,   ,   0,    ,    0,    0,    0,    0, 
WP, 93, 2019073100, 03, C120,  84, 254N, 1474E,   0,    0,   ,   0,    ,    0,    0,    0,    0, 
WP, 93, 2019073100, 03, C120,  96, 264N, 1467E,   0,    0,   ,   0,    ,    0,    0,    0,    0, 
WP, 93, 2019073100, 03, C120, 108, 274N, 1462E,   0,    0,   ,   0,    ,    0,    0,    0,    0, 
WP, 93, 2019073100, 03, C120, 120, 284N, 1458E,   0,    0,   ,   0,    ,    0,    0,    0,    0, 
WP, 93, 2019073100, 03, CLIM,  12, 223N, 1541E,  16,    0,   ,   0,    ,    0,    0,    0,    0, 
WP, 93, 2019073100, 03, CLIM,  24, 234N, 1536E,  19,    0,   ,   0,    ,    0,    0,    0,    0, 
WP, 93, 2019073100, 03, CLIM,  36, 248N, 1530E,  21,    0,   ,   0,    ,    0,    0,    0,    0, 
WP, 93, 2019073100, 03, CLIM,  48, 263N, 1523E,  21,    0,   ,   0,    ,    0,    0,    0,    0, 
WP, 93, 2019073100, 03, CLIM,  72, 295N, 1506E,  19,    0,   ,   0,    ,    0,    0,    0,    0, 
WP, 93, 2019073100, 03, CLIP,  12, 214N, 1532E,  19,    0,   ,   0,    ,    0,    0,    0,    0, 
WP, 93, 2019073100, 03, CLIP,  24, 216N, 1516E,  26,    0,   ,   0,    ,    0,    0,    0,    0, 
WP, 93, 2019073100, 03, CLIP,  36, 218N, 1501E,  34,    0,   ,   0,    ,    0,    0,    0,    0, 
WP, 93, 2019073100, 03, CLIP,  48, 225N, 1483E,  42,    0,   ,   0,    ,    0,    0,    0,    0, 
WP, 93, 2019073100, 03, CLIP,  72, 245N, 1447E,  56,    0,   ,   0,    ,    0,    0,    0,    0, 
WP, 93, 2019073100, 03, CONW,   0, 213N, 1549E,  15,    0,   ,   0,    ,    0,    0,    0,    0, 
WP, 93, 2019073100, 03, CONW,  12, 213N, 1547E,  16,    0,   ,   0,    ,    0,    0,    0,    0, 
WP, 93, 2019073100, 03, CONW,  24, 209N, 1533E,  18,    0,   ,   0,    ,    0,    0,    0,    0, 
WP, 93, 2019073100, 03, CONW,  36, 205N, 1517E,  19,    0,   ,   0,    ,    0,    0,    0,    0, 
WP, 93, 2019073100, 03, CONW,  48, 204N, 1498E,  19,    0,   ,   0,    ,    0,    0,    0,    0, 
WP, 93, 2019073100, 03, CONW,  60, 207N, 1470E,  16,    0,   ,   0,    ,    0,    0,    0,    0, 
WP, 93, 2019073100, 03, CONW,  72, 212N, 1448E,  15,    0,   ,   0,    ,    0,    0,    0,    0, 
WP, 93, 2019073100, 03, FBAM,  12, 212N, 1535E,   0,    0,   ,   0,    ,    0,    0,    0,    0, 
WP, 93, 2019073100, 03, FBAM,  24, 208N, 1522E,   0,    0,   ,   0,    ,    0,    0,    0,    0, 
WP, 93, 2019073100, 03, FBAM,  36, 206N, 1507E,   0,    0,   ,   0,    ,    0,    0,    0,    0, 
WP, 93, 2019073100, 03, FBAM,  48, 206N, 1492E,   0,    0,   ,   0,    ,    0,    0,    0,    0, 
WP, 93, 2019073100, 03, FBAM,  72, 213N, 1462E,   0,    0,   ,   0,    ,    0,    0,    0,    0, 
WP, 93, 2019073100, 03, HPAC,  12, 217N, 1537E,   0,    0,   ,   0,    ,    0,    0,    0,    0, 
WP, 93, 2019073100, 03, HPAC,  24, 223N, 1527E,   0,    0,   ,   0,    ,    0,    0,    0,    0, 
WP, 93, 2019073100, 03, HPAC,  36, 229N, 1517E,   0,    0,   ,   0,    ,    0,    0,    0,    0, 
WP, 93, 2019073100, 03, HPAC,  48, 236N, 1506E,   0,    0,   ,   0,    ,    0,    0,    0,    0, 
WP, 93, 2019073100, 03, HPAC,  72, 251N, 1482E,   0,    0,   ,   0,    ,    0,    0,    0,    0, 
WP, 93, 2019073100, 03, JAVI,   0, 213N, 1549E,  15,    0,   ,  34, NEQ,    0,    0,    0,    0, 
WP, 93, 2019073100, 03, JAVI,  12, 208N, 1551E,  15,    0,   ,  34, NEQ,    0,    0,    0,    0, 
WP, 93, 2019073100, 03, JAVI,  24, 202N, 1536E,  17,    0,   ,  34, NEQ,    0,    0,    0,    0, 
WP, 93, 2019073100, 03, JAVI,  36, 196N, 1520E,  19,    0,   ,  34, NEQ,    0,    0,    0,    0, 
WP, 93, 2019073100, 03, JAVI,  48, 196N, 1496E,  19,    0,   ,  34, NEQ,    0,    0,    0,    0, 
WP, 93, 2019073100, 03, JAVI,  60, 201N, 1461E,  17,    0,   ,  34, NEQ,    0,    0,    0,    0, 
WP, 93, 2019073100, 03, JAVI,  72, 206N, 1425E,  14,    0,   ,  34, NEQ,    0,    0,    0,    0, 
WP, 93, 2019073100, 03, JNVI,   0, 213N, 1549E,  15,    0,   ,  34, NEQ,    0,    0,    0,    0, 
WP, 93, 2019073100, 03, JNVI,  12, 217N, 1543E,  17,    0,   ,  34, NEQ,    0,    0,    0,    0, 
WP, 93, 2019073100, 03, JNVI,  24, 217N, 1530E,  17,    0,   ,  34, NEQ,    0,    0,    0,    0, 
WP, 93, 2019073100, 03, JNVI,  36, 213N, 1514E,  17,    0,   ,  34, NEQ,    0,    0,    0,    0, 
WP, 93, 2019073100, 03, JNVI,  48, 212N, 1499E,  17,    0,   ,  34, NEQ,    0,    0,    0,    0, 
WP, 93, 2019073100, 03, JNVI,  60, 213N, 1479E,  15,    0,   ,  34, NEQ,    0,    0,    0,    0, 
WP, 93, 2019073100, 03, JNVI,  72, 219N, 1472E,  16,    0,   ,  34, NEQ,    0,    0,    0,    0, 
WP, 93, 2019073100, 03, JNVI,  84, 232N, 1491E,  22,    0,   ,  34, NEQ,    0,    0,    0,    0, 
WP, 93, 2019073100, 03, JNVI,  96, 241N, 1502E,  26,    0,   ,  34, NEQ,    0,    0,    0,    0, 
WP, 93, 2019073100, 03, JNVI, 108, 242N, 1495E,  22,    0,   ,  34, NEQ,    0,    0,    0,    0, 
WP, 93, 2019073100, 03, JNVI, 120, 244N, 1487E,  17,    0,   ,  34, NEQ,    0,    0,    0,    0, 
WP, 93, 2019073100, 03, MBAM,  12, 212N, 1535E,   0,    0,   ,   0,    ,    0,    0,    0,    0, 
WP, 93, 2019073100, 03, MBAM,  24, 210N, 1521E,   0,    0,   ,   0,    ,    0,    0,    0,    0, 
WP, 93, 2019073100, 03, MBAM,  36, 208N, 1506E,   0,    0,   ,   0,    ,    0,    0,    0,    0, 
WP, 93, 2019073100, 03, MBAM,  48, 208N, 1492E,   0,    0,   ,   0,    ,    0,    0,    0,    0, 
WP, 93, 2019073100, 03, MBAM,  72, 211N, 1468E,   0,    0,   ,   0,    ,    0,    0,    0,    0, 
WP, 93, 2019073100, 03, RECR,  12, 218N, 1537E,  15,    0,   ,   0,    ,    0,    0,    0,    0, 
WP, 93, 2019073100, 03, RECR,  24, 221N, 1523E,  15,    0,   ,   0,    ,    0,    0,    0,    0, 
WP, 93, 2019073100, 03, RECR,  36, 226N, 1514E,  20,    0,   ,   0,    ,    0,    0,    0,    0, 
WP, 93, 2019073100, 03, RECR,  48, 232N, 1506E,  30,    0,   ,   0,    ,    0,    0,    0,    0, 
WP, 93, 2019073100, 03, RECR,  72, 238N, 1493E,  50,    0,   ,   0,    ,    0,    0,    0,    0, 
WP, 93, 2019073100, 03, SBAM,  12, 213N, 1535E,   0,    0,   ,   0,    ,    0,    0,    0,    0, 
WP, 93, 2019073100, 03, SBAM,  24, 211N, 1521E,   0,    0,   ,   0,    ,    0,    0,    0,    0, 
WP, 93, 2019073100, 03, SBAM,  36, 209N, 1508E,   0,    0,   ,   0,    ,    0,    0,    0,    0, 
WP, 93, 2019073100, 03, SBAM,  48, 207N, 1495E,   0,    0,   ,   0,    ,    0,    0,    0,    0, 
WP, 93, 2019073100, 03, SBAM,  72, 209N, 1476E,   0,    0,   ,   0,    ,    0,    0,    0,    0, 
WP, 93, 2019073100, 03, ST5D,  12,   0N,    0E,  16,    0,   ,   0,    ,    0,    0,    0,    0, 
WP, 93, 2019073100, 03, ST5D,  24,   0N,    0E,  19,    0,   ,   0,    ,    0,    0,    0,    0, 
WP, 93, 2019073100, 03, ST5D,  36,   0N,    0E,  24,    0,   ,   0,    ,    0,    0,    0,    0, 
WP, 93, 2019073100, 03, ST5D,  48,   0N,    0E,  31,    0,   ,   0,    ,    0,    0,    0,    0, 
WP, 93, 2019073100, 03, ST5D,  60,   0N,    0E,  36,    0,   ,   0,    ,    0,    0,    0,    0, 
WP, 93, 2019073100, 03, ST5D,  72,   0N,    0E,  40,    0,   ,   0,    ,    0,    0,    0,    0, 
WP, 93, 2019073100, 03, ST5D,  84,   0N,    0E,  50,    0,   ,   0,    ,    0,    0,    0,    0, 
WP, 93, 2019073100, 03, ST5D,  96,   0N,    0E,  55,    0,   ,   0,    ,    0,    0,    0,    0, 
WP, 93, 2019073100, 03, ST5D, 108,   0N,    0E,  55,    0,   ,   0,    ,    0,    0,    0,    0, 
WP, 93, 2019073100, 03, ST5D, 120,   0N,    0E,  59,    0,   ,   0,    ,    0,    0,    0,    0, 
WP, 93, 2019073100, 03, STRT,  12, 220N, 1530E,  20,    0,   ,   0,    ,    0,    0,    0,    0, 
WP, 93, 2019073100, 03, STRT,  24, 228N, 1509E,  25,    0,   ,   0,    ,    0,    0,    0,    0, 
WP, 93, 2019073100, 03, STRT,  36, 237N, 1490E,  25,    0,   ,   0,    ,    0,    0,    0,    0, 
WP, 93, 2019073100, 03, STRT,  48, 245N, 1471E,  30,    0,   ,   0,    ,    0,    0,    0,    0, 
WP, 93, 2019073100, 03, STRT,  72, 266N, 1431E,  35,    0,   ,   0,    ,    0,    0,    0,    0, 
WP, 93, 2019073100, 03, TCLP,   0, 213N, 1549E,  15,    0,   ,   0,    ,    0,    0,    0,    0, 
WP, 93, 2019073100, 03, TCLP,  12, 213N, 1534E,  15,    0,   ,   0,    ,    0,    0,    0,    0, 
WP, 93, 2019073100, 03, TCLP,  24, 216N, 1521E,  17,    0,   ,   0,    ,    0,    0,    0,    0, 
WP, 93, 2019073100, 03, TCLP,  36, 220N, 1508E,  19,    0,   ,   0,    ,    0,    0,    0,    0, 
WP, 93, 2019073100, 03, TCLP,  48, 226N, 1495E,  21,    0,   ,   0,    ,    0,    0,    0,    0, 
WP, 93, 2019073100, 03, TCLP,  60, 234N, 1484E,  24,    0,   ,   0,    ,    0,    0,    0,    0, 
WP, 93, 2019073100, 03, TCLP,  72, 242N, 1472E,  27,    0,   ,   0,    ,    0,    0,    0,    0, 
WP, 93, 2019073100, 03, TCLP,  84, 251N, 1462E,  30,    0,   ,   0,    ,    0,    0,    0,    0, 
WP, 93, 2019073100, 03, TCLP,  96, 261N, 1452E,  33,    0,   ,   0,    ,    0,    0,    0,    0, 
WP, 93, 2019073100, 03, TCLP, 108, 272N, 1443E,  35,    0,   ,   0,    ,    0,    0,    0,    0, 
WP, 93, 2019073100, 03, TCLP, 120, 284N, 1435E,  36,    0,   ,   0,    ,    0,    0,    0,    0, 
WP, 93, 2019073100, 03, TCLP, 132, 296N, 1428E,  36,    0,   ,   0,    ,    0,    0,    0,    0, 
WP, 93, 2019073100, 03, TCLP, 144, 309N, 1422E,  36,    0,   ,   0,    ,    0,    0,    0,    0, 
WP, 93, 2019073100, 03, TCLP, 156, 324N, 1419E,  35,    0,   ,   0,    ,    0,    0,    0,    0, 
WP, 93, 2019073100, 03, TCLP, 168, 340N, 1419E,  33,    0,   ,   0,    ,    0,    0,    0,    0, 
WP, 93, 2019073100, 03, WANI,   0, 213N, 1549E,  15,    0,   ,   0,    ,    0,    0,    0,    0, 
WP, 93, 2019073100, 03, WANI,  12, 213N, 1547E,  18,    0,   ,   0,    ,    0,    0,    0,    0, 
WP, 93, 2019073100, 03, WANI,  24, 209N, 1533E,  22,    0,   ,   0,    ,    0,    0,    0,    0, 
WP, 93, 2019073100, 03, WANI,  36, 205N, 1517E,  27,    0,   ,   0,    ,    0,    0,    0,    0, 
WP, 93, 2019073100, 03, WANI,  48, 204N, 1498E,  35,    0,   ,   0,    ,    0,    0,    0,    0, 
WP, 93, 2019073100, 03, WANI,  60, 207N, 1470E,  44,    0,   ,   0,    ,    0,    0,    0,    0, 
WP, 93, 2019073100, 03, WANI,  72, 212N, 1448E,  52,    0,   ,   0,    ,    0,    0,    0,    0, 
WP, 93, 2019073100, 03, WBAI,   0, 213N, 1549E,   0,    0,   ,  34, NEQ,    0,    0,    0,    0, 
WP, 93, 2019073100, 03, WBAI,  12, 215N, 1539E,   0,    0,   ,  34, NEQ,    0,    0,    0,    0, 
WP, 93, 2019073100, 03, WBAI,  24, 200N, 1518E,   0,    0,   ,  34, NEQ,    0,    0,    0,    0, 
WP, 93, 2019073100, 03, WBAI,  36, 192N, 1502E,   0,    0,   ,  34, NEQ,    0,    0,    0,    0, 
WP, 93, 2019073100, 03, WBAI,  48, 198N, 1491E,   0,    0,   ,  34, NEQ,    0,    0,    0,    0, 
WP, 93, 2019073100, 03, WBAI,  60, 208N, 1476E,   0,    0,   ,  34, NEQ,    0,    0,    0,    0, 
WP, 93, 2019073100, 03, WBAI,  72, 217N, 1460E,   0,    0,   ,  34, NEQ,    0,    0,    0,    0, 
WP, 93, 2019073100, 03, XTRP,  12, 212N, 1534E,  15,    0,   ,   0,    ,    0,    0,    0,    0, 
WP, 93, 2019073100, 03, XTRP,  24, 211N, 1519E,  15,    0,   ,   0,    ,    0,    0,    0,    0, 
WP, 93, 2019073100, 03, XTRP,  36, 210N, 1504E,  15,    0,   ,   0,    ,    0,    0,    0,    0, 
WP, 93, 2019073100, 03, XTRP,  48, 209N, 1489E,  15,    0,   ,   0,    ,    0,    0,    0,    0, 
WP, 93, 2019073100, 03, XTRP,  60, 208N, 1474E,  15,    0,   ,   0,    ,    0,    0,    0,    0, 
WP, 93, 2019073100, 03, XTRP,  72, 207N, 1459E,  15,    0,   ,   0,    ,    0,    0,    0,    0, 
WP, 93, 2019073100, 03, XTRP,  84, 206N, 1444E,  15,    0,   ,   0,    ,    0,    0,    0,    0, 
WP, 93, 2019073100, 03, XTRP,  96, 205N, 1429E,  15,    0,   ,   0,    ,    0,    0,    0,    0, 
WP, 93, 2019073100, 03, XTRP, 108, 204N, 1414E,  15,    0,   ,   0,    ,    0,    0,    0,    0, 
WP, 93, 2019073100, 03, XTRP, 120, 203N, 1400E,  15,    0,   ,   0,    ,    0,    0,    0,    0, 
WP, 93, 2019073100, 71, JNVG,   0, 215N, 1539E,  15,    0,   ,  34, NEQ,    0,    0,    0,    0, 
WP, 93, 2019073100, 71, JNVG,  12, 224N, 1548E,  15,    0,   ,  34, NEQ,    0,    0,    0,    0, 
WP, 93, 2019073100, 71, JNVG,  24, 207N, 1534E,  15,    0,   ,  34, NEQ,    0,    0,    0,    0, 
WP, 93, 2019073100, 71, JNVG,  36, 206N, 1507E,  15,    0,   ,  34, NEQ,    0,    0,    0,    0, 
WP, 93, 2019073100, 71, JNVG,  48, 205N, 1498E,  15,    0,   ,  34, NEQ,    0,    0,    0,    0, 
WP, 93, 2019073100, 71, JNVG,  60, 205N, 1476E,  15,    0,   ,  34, NEQ,    0,    0,    0,    0, 
WP, 93, 2019073100, 71, JNVG,  72, 205N, 1460E,  15,    0,   ,  34, NEQ,    0,    0,    0,    0, 
WP, 93, 2019073100, 72, JAVN,   0, 207N, 1555E,  15,    0,   ,  34, NEQ,    0,    0,    0,    0, 
WP, 93, 2019073100, 72, JAVN,  12, 205N, 1554E,  10,    0,   ,  34, NEQ,    0,    0,    0,    0, 
WP, 93, 2019073100, 72, JAVN,  24, 195N, 1536E,  15,    0,   ,  34, NEQ,    0,    0,    0,    0, 
WP, 93, 2019073100, 72, JAVN,  36, 195N, 1532E,  25,    0,   ,  34, NEQ,    0,    0,    0,    0, 
WP, 93, 2019073100, 72, JAVN,  48, 185N, 1492E,  20,    0,   ,  34, NEQ,    0,    0,    0,    0, 
WP, 93, 2019073100, 72, JAVN,  60, 195N, 1479E,  20,    0,   ,  34, NEQ,    0,    0,    0,    0, 
WP, 93, 2019073100, 73, JUKM,   0, 206N, 1535E,  15,    0,   ,  34, NEQ,    0,    0,    0,    0, 
WP, 93, 2019073100, 73, JUKM,  12, 215N, 1527E,  15,    0,   ,  34, NEQ,    0,    0,    0,    0, 
WP, 93, 2019073100, 73, JUKM,  24, 215N, 1537E,  15,    0,   ,  34, NEQ,    0,    0,    0,    0, 
WP, 93, 2019073100, 73, JUKM,  36, 214N, 1537E,  15,    0,   ,  34, NEQ,    0,    0,    0,    0, 
WP, 93, 2019073100, 73, JUKM,  48, 206N, 1526E,  15,    0,   ,  34, NEQ,    0,    0,    0,    0, 
WP, 93, 2019073100, 73, JUKM,  60, 204N, 1525E,  15,    0,   ,  34, NEQ,    0,    0,    0,    0, 
WP, 93, 2019073100, 73, JUKM,  72, 205N, 1518E,  20,    0,   ,  34, NEQ,    0,    0,    0,    0, 
WP, 93, 2019073100, 73, JUKM,  84, 204N, 1516E,  20,    0,   ,  34, NEQ,    0,    0,    0,    0, 
WP, 93, 2019073100, 73, JUKM,  96, 206N, 1505E,  20,    0,   ,  34, NEQ,    0,    0,    0,    0, 
WP, 93, 2019073100, 73, JUKM, 108, 214N, 1497E,  20,    0,   ,  34, NEQ,    0,    0,    0,    0, 
WP, 93, 2019073100, 73, JUKM, 120, 215N, 1489E,  25,    0,   ,  34, NEQ,    0,    0,    0,    0, 
WP, 93, 2019073100, 74, JJGS,   0, 211N, 1535E,  15,    0,   ,  34, NEQ,    0,    0,    0,    0, 
WP, 93, 2019073100, 74, JJGS,  12, 214N, 1527E,  15,    0,   ,  34, NEQ,    0,    0,    0,    0, 
WP, 93, 2019073100, 74, JJGS,  24, 206N, 1514E,  15,    0,   ,  34, NEQ,    0,    0,    0,    0, 
WP, 93, 2019073100, 74, JJGS,  36, 205N, 1503E,  15,    0,   ,  34, NEQ,    0,    0,    0,    0, 
WP, 93, 2019073100, 74, JJGS,  48, 197N, 1463E,  15,    0,   ,  34, NEQ,    0,    0,    0,    0, 
WP, 93, 2019073100, 74, JJGS,  60, 221N, 1485E,  15,    0,   ,  34, NEQ,    0,    0,    0,    0, 
