AL, 17, 2019102512,   , BEST,   0, 247N,  948W,  35, 1004, TS,  34, NEQ,   80,    0,    0,    0, 1009,  200,  50,  40,   0,   L,   0,    ,   0,   0,     INVEST, M,  0,    ,    0,    0,    0,    0, TRANSITIONED, alC72019 to al172019, 
AL, 17, 2019102518,   , BEST,   0, 259N,  936W,  40,  998, TS,  34, NEQ,   80,    0,    0,    0, 1010,  180,  55,   0,   0,   L,   0,    ,   0,   0,       OLGA, M, 
AL, 17, 2019102600,   , BEST,   0, 270N,  925W,  45,  996, EX,  34, NEQ,   20,   20,  120,  120, 1009,  180,  55,  55,   0,   L,   0,    ,   0,   0,       OLGA, S, 12, NEQ,   90,   90,    0,    0, 
AL, 17, 2019102606,   , BEST,   0, 288N,  912W,  45,  994, EX,  34, NEQ,   20,   20,  120,  120, 1009,  180,  55,   0,   0,    ,   0,    ,   0,   0,       OLGA,  , 
AL, 17, 2019102612,   , BEST,   0, 317N,  900W,  45,  993, EX,  34, NEQ,   20,   20,  120,  120, 1009,  180,  55,   0,   0,    ,   0,    ,   0,   0,       OLGA,  , 
AL, 17, 2019102618,   , BEST,   0, 362N,  893W,  40,  993, EX,  34, NEQ,   20,   20,  120,  120, 1009,  180,  55,   0,   0,    ,   0,    ,   0,   0,       OLGA,  , 
AL, 17, 2019102700,   , BEST,   0, 401N,  880W,  30,  992, EX,   0,    ,    0,    0,    0,    0, 1009,  180,  55,   0,   0,    ,   0,    ,   0,   0,       OLGA,  , 
AL, 17, 2019102706,   , BEST,   0, 425N,  870W,  30,  992, EX,   0,    ,    0,    0,    0,    0, 1009,  180,  55,   0,   0,    ,   0,    ,   0,   0,       OLGA,  , 
AL, 17, 2019102712,   , BEST,   0, 445N,  847W,  30,  994, EX,   0,    ,    0,    0,    0,    0, 1009,  180,  55,   0,   0,    ,   0,    ,   0,   0,       OLGA,  , 
AL, 17, 2019102718,   , BEST,   0, 460N,  803W,  30,  998, EX,   0,    ,    0,    0,    0,    0, 1009,  180,  55,   0,   0,    ,   0,    ,   0,   0,       OLGA,  , 
