WP, 97, 2011102806, 03, WBS1,  12,  90N, 1694E,  18,    0,   ,   0,    ,    0,    0,    0,    0, 
WP, 97, 2011102806, 03, WBS1,  24,  95N, 1691E,  20,    0,   ,   0,    ,    0,    0,    0,    0, 
WP, 97, 2011102806, 03, WBS1,  36, 104N, 1691E,  21,    0,   ,   0,    ,    0,    0,    0,    0, 
WP, 97, 2011102806, 03, WBS1,  48, 114N, 1689E,  23,    0,   ,   0,    ,    0,    0,    0,    0, 
WP, 97, 2011102806, 03, WBS1,  60, 124N, 1687E,  25,    0,   ,   0,    ,    0,    0,    0,    0, 
WP, 97, 2011102806, 03, WBS1,  72, 134N, 1683E,  27,    0,   ,   0,    ,    0,    0,    0,    0, 
WP, 97, 2011102806, 03, WBS5,  12,  90N, 1694E,  20,    0,   ,   0,    ,    0,    0,    0,    0, 
WP, 97, 2011102806, 03, WBS5,  24,  95N, 1691E,  23,    0,   ,   0,    ,    0,    0,    0,    0, 
WP, 97, 2011102806, 03, WBS5,  36, 104N, 1691E,  26,    0,   ,   0,    ,    0,    0,    0,    0, 
WP, 97, 2011102806, 03, WBS5,  48, 114N, 1689E,  28,    0,   ,   0,    ,    0,    0,    0,    0, 
WP, 97, 2011102806, 03, WBS5,  60, 124N, 1687E,  32,    0,   ,   0,    ,    0,    0,    0,    0, 
WP, 97, 2011102806, 03, WBS5,  72, 134N, 1683E,  34,    0,   ,   0,    ,    0,    0,    0,    0, 
WP, 97, 2011122412, 01, CARQ, -18,  48N, 1332E,  15,    0,   ,   0,    ,    0,    0,    0,    0, 
WP, 97, 2011122412, 01, CARQ, -12,  47N, 1329E,  15,    0,   ,   0,    ,    0,    0,    0,    0, 
WP, 97, 2011122412, 01, CARQ,  -6,  48N, 1325E,  15,    0,   ,   0,    ,    0,    0,    0,    0, 
WP, 97, 2011122412, 01, CARQ,   0,  50N, 1320E,  15,    0,   ,   0,    ,    0,    0,    0,    0, 
WP, 97, 2011122412, 03, C120,  12,  52N, 1311E,   0,    0,   ,   0,    ,    0,    0,    0,    0, 
WP, 97, 2011122412, 03, C120,  24,  54N, 1299E,   0,    0,   ,   0,    ,    0,    0,    0,    0, 
WP, 97, 2011122412, 03, C120,  36,  57N, 1289E,   0,    0,   ,   0,    ,    0,    0,    0,    0, 
WP, 97, 2011122412, 03, C120,  48,  58N, 1278E,   0,    0,   ,   0,    ,    0,    0,    0,    0, 
WP, 97, 2011122412, 03, C120,  60,  59N, 1267E,   0,    0,   ,   0,    ,    0,    0,    0,    0, 
WP, 97, 2011122412, 03, C120,  72,  61N, 1251E,   0,    0,   ,   0,    ,    0,    0,    0,    0, 
WP, 97, 2011122412, 03, C120,  84,  63N, 1236E,   0,    0,   ,   0,    ,    0,    0,    0,    0, 
WP, 97, 2011122412, 03, C120,  96,  64N, 1222E,   0,    0,   ,   0,    ,    0,    0,    0,    0, 
WP, 97, 2011122412, 03, C120, 108,  65N, 1209E,   0,    0,   ,   0,    ,    0,    0,    0,    0, 
WP, 97, 2011122412, 03, C120, 120,  66N, 1200E,   0,    0,   ,   0,    ,    0,    0,    0,    0, 
WP, 97, 2011122412, 03, CLIM,  12,  52N, 1298E,  20,    0,   ,   0,    ,    0,    0,    0,    0, 
WP, 97, 2011122412, 03, CLIM,  24,  57N, 1277E,  20,    0,   ,   0,    ,    0,    0,    0,    0, 
WP, 97, 2011122412, 03, CLIM,  36,  64N, 1256E,  25,    0,   ,   0,    ,    0,    0,    0,    0, 
WP, 97, 2011122412, 03, CLIM,  48,  76N, 1237E,  14,    0,   ,   0,    ,    0,    0,    0,    0, 
WP, 97, 2011122412, 03, CLIM,  72,  85N, 1188E,   5,    0,   ,   0,    ,    0,    0,    0,    0, 
WP, 97, 2011122412, 03, CLIP,  12,  54N, 1311E,  20,    0,   ,   0,    ,    0,    0,    0,    0, 
WP, 97, 2011122412, 03, CLIP,  24,  59N, 1300E,  29,    0,   ,   0,    ,    0,    0,    0,    0, 
WP, 97, 2011122412, 03, CLIP,  36,  65N, 1289E,  39,    0,   ,   0,    ,    0,    0,    0,    0, 
WP, 97, 2011122412, 03, CLIP,  48,  71N, 1278E,  47,    0,   ,   0,    ,    0,    0,    0,    0, 
WP, 97, 2011122412, 03, CLIP,  72,  85N, 1252E,  60,    0,   ,   0,    ,    0,    0,    0,    0, 
WP, 97, 2011122412, 03, FBAM,  12,  54N, 1299E,   0,    0,   ,   0,    ,    0,    0,    0,    0, 
WP, 97, 2011122412, 03, FBAM,  24,  58N, 1261E,   0,    0,   ,   0,    ,    0,    0,    0,    0, 
WP, 97, 2011122412, 03, FBAM,  36,  60N, 1224E,   0,    0,   ,   0,    ,    0,    0,    0,    0, 
WP, 97, 2011122412, 03, FBAM,  48,  63N, 1186E,   0,    0,   ,   0,    ,    0,    0,    0,    0, 
WP, 97, 2011122412, 03, FBAM,  72,  66N, 1109E,   0,    0,   ,   0,    ,    0,    0,    0,    0, 
WP, 97, 2011122412, 03, HPAC,  12,  53N, 1304E,   0,    0,   ,   0,    ,    0,    0,    0,    0, 
WP, 97, 2011122412, 03, HPAC,  24,  56N, 1290E,   0,    0,   ,   0,    ,    0,    0,    0,    0, 
WP, 97, 2011122412, 03, HPAC,  36,  61N, 1275E,   0,    0,   ,   0,    ,    0,    0,    0,    0, 
WP, 97, 2011122412, 03, HPAC,  48,  69N, 1260E,   0,    0,   ,   0,    ,    0,    0,    0,    0, 
WP, 97, 2011122412, 03, HPAC,  72,  77N, 1227E,   0,    0,   ,   0,    ,    0,    0,    0,    0, 
WP, 97, 2011122412, 03, MBAM,  12,  54N, 1303E,   0,    0,   ,   0,    ,    0,    0,    0,    0, 
WP, 97, 2011122412, 03, MBAM,  24,  56N, 1273E,   0,    0,   ,   0,    ,    0,    0,    0,    0, 
WP, 97, 2011122412, 03, MBAM,  36,  56N, 1243E,   0,    0,   ,   0,    ,    0,    0,    0,    0, 
WP, 97, 2011122412, 03, MBAM,  48,  55N, 1213E,   0,    0,   ,   0,    ,    0,    0,    0,    0, 
WP, 97, 2011122412, 03, MBAM,  72,  55N, 1151E,   0,    0,   ,   0,    ,    0,    0,    0,    0, 
WP, 97, 2011122412, 03, RECR,  12,  57N, 1308E,  25,    0,   ,   0,    ,    0,    0,    0,    0, 
WP, 97, 2011122412, 03, RECR,  24,  64N, 1287E,  30,    0,   ,   0,    ,    0,    0,    0,    0, 
WP, 97, 2011122412, 03, RECR,  36,  73N, 1263E,  35,    0,   ,   0,    ,    0,    0,    0,    0, 
WP, 97, 2011122412, 03, RECR,  48,  81N, 1255E,  45,    0,   ,   0,    ,    0,    0,    0,    0, 
WP, 97, 2011122412, 03, RECR,  72, 100N, 1223E,  65,    0,   ,   0,    ,    0,    0,    0,    0, 
WP, 97, 2011122412, 03, SBAM,  12,  54N, 1304E,   0,    0,   ,   0,    ,    0,    0,    0,    0, 
WP, 97, 2011122412, 03, SBAM,  24,  55N, 1277E,   0,    0,   ,   0,    ,    0,    0,    0,    0, 
WP, 97, 2011122412, 03, SBAM,  36,  55N, 1249E,   0,    0,   ,   0,    ,    0,    0,    0,    0, 
WP, 97, 2011122412, 03, SBAM,  48,  53N, 1221E,   0,    0,   ,   0,    ,    0,    0,    0,    0, 
WP, 97, 2011122412, 03, SBAM,  72,  50N, 1165E,   0,    0,   ,   0,    ,    0,    0,    0,    0, 
WP, 97, 2011122412, 03, ST5D,  12,   0N,    0E,  17,    0,   ,   0,    ,    0,    0,    0,    0, 
WP, 97, 2011122412, 03, ST5D,  24,   0N,    0E,  19,    0,   ,   0,    ,    0,    0,    0,    0, 
WP, 97, 2011122412, 03, ST5D,  36,   0N,    0E,  17,    0,   ,   0,    ,    0,    0,    0,    0, 
WP, 97, 2011122412, 03, ST5D,  48,   0N,    0E,  20,    0,   ,   0,    ,    0,    0,    0,    0, 
WP, 97, 2011122412, 03, ST5D,  60,   0N,    0E,  24,    0,   ,   0,    ,    0,    0,    0,    0, 
WP, 97, 2011122412, 03, ST5D,  72,   0N,    0E,  30,    0,   ,   0,    ,    0,    0,    0,    0, 
WP, 97, 2011122412, 03, ST5D,  84,   0N,    0E,  37,    0,   ,   0,    ,    0,    0,    0,    0, 
WP, 97, 2011122412, 03, ST5D,  96,   0N,    0E,  41,    0,   ,   0,    ,    0,    0,    0,    0, 
WP, 97, 2011122412, 03, ST5D, 108,   0N,    0E,  44,    0,   ,   0,    ,    0,    0,    0,    0, 
WP, 97, 2011122412, 03, ST5D, 120,   0N,    0E,  46,    0,   ,   0,    ,    0,    0,    0,    0, 
WP, 97, 2011122412, 03, STRT,  12,  53N, 1303E,  20,    0,   ,   0,    ,    0,    0,    0,    0, 
WP, 97, 2011122412, 03, STRT,  24,  59N, 1281E,  30,    0,   ,   0,    ,    0,    0,    0,    0, 
WP, 97, 2011122412, 03, STRT,  36,  64N, 1258E,  40,    0,   ,   0,    ,    0,    0,    0,    0, 
WP, 97, 2011122412, 03, STRT,  48,  71N, 1246E,  35,    0,   ,   0,    ,    0,    0,    0,    0, 
WP, 97, 2011122412, 03, STRT,  72,  84N, 1214E,  25,    0,   ,   0,    ,    0,    0,    0,    0, 
WP, 97, 2011122412, 03, WBAR,   0,  50N, 1320E,   0,    0,   ,   0,    ,    0,    0,    0,    0, 
WP, 97, 2011122412, 03, WBAR,   6,  40N, 1302E,   0,    0,   ,   0,    ,    0,    0,    0,    0, 
WP, 97, 2011122412, 03, WBAR,  12,  42N, 1298E,   0,    0,   ,   0,    ,    0,    0,    0,    0, 
WP, 97, 2011122412, 03, WBAR,  18,  45N, 1291E,   0,    0,   ,   0,    ,    0,    0,    0,    0, 
WP, 97, 2011122412, 03, WBAR,  24,  49N, 1283E,   0,    0,   ,   0,    ,    0,    0,    0,    0, 
WP, 97, 2011122412, 03, WBAR,  30,  56N, 1271E,   0,    0,   ,   0,    ,    0,    0,    0,    0, 
WP, 97, 2011122412, 03, WBAR,  36,  63N, 1255E,   0,    0,   ,   0,    ,    0,    0,    0,    0, 
WP, 97, 2011122412, 03, WBAR,  42,  70N, 1235E,   0,    0,   ,   0,    ,    0,    0,    0,    0, 
WP, 97, 2011122412, 03, WBAR,  48,  76N, 1211E,   0,    0,   ,   0,    ,    0,    0,    0,    0, 
WP, 97, 2011122412, 03, WBAR,  54,  79N, 1187E,   0,    0,   ,   0,    ,    0,    0,    0,    0, 
WP, 97, 2011122412, 03, WBAR,  60,  67N, 1169E,   0,    0,   ,   0,    ,    0,    0,    0,    0, 
WP, 97, 2011122412, 03, WBAR,  66,  74N, 1149E,   0,    0,   ,   0,    ,    0,    0,    0,    0, 
WP, 97, 2011122412, 03, WBAR,  72,  88N, 1118E,   0,    0,   ,   0,    ,    0,    0,    0,    0, 
WP, 97, 2011122412, 03, XTRP,  12,  53N, 1311E,  15,    0,   ,   0,    ,    0,    0,    0,    0, 
WP, 97, 2011122412, 03, XTRP,  24,  56N, 1302E,  15,    0,   ,   0,    ,    0,    0,    0,    0, 
WP, 97, 2011122412, 03, XTRP,  36,  59N, 1293E,  15,    0,   ,   0,    ,    0,    0,    0,    0, 
WP, 97, 2011122412, 03, XTRP,  48,  62N, 1284E,  15,    0,   ,   0,    ,    0,    0,    0,    0, 
WP, 97, 2011122412, 03, XTRP,  60,  65N, 1275E,  15,    0,   ,   0,    ,    0,    0,    0,    0, 
WP, 97, 2011122412, 03, XTRP,  72,  68N, 1266E,  15,    0,   ,   0,    ,    0,    0,    0,    0, 
WP, 97, 2011122412, 03, XTRP,  84,  70N, 1257E,  15,    0,   ,   0,    ,    0,    0,    0,    0, 
WP, 97, 2011122412, 03, XTRP,  96,  73N, 1248E,  15,    0,   ,   0,    ,    0,    0,    0,    0, 
WP, 97, 2011122412, 03, XTRP, 108,  76N, 1239E,  15,    0,   ,   0,    ,    0,    0,    0,    0, 
WP, 97, 2011122412, 03, XTRP, 120,  79N, 1230E,  15,    0,   ,   0,    ,    0,    0,    0,    0, 
WP, 97, 2011122412, 71, JNGP,   0,  32N, 1315E,  15,    0,   ,  34, NEQ,    0,    0,    0,    0, 
WP, 97, 2011122412, 71, JNGP,  12,  24N, 1325E,  15,    0,   ,  34, NEQ,    0,    0,    0,    0, 
WP, 97, 2011122412, 71, JNGP,  24,  24N, 1323E,  20,    0,   ,  34, NEQ,    0,    0,    0,    0, 
WP, 97, 2011122412, 71, JNGP,  36,  25N, 1293E,  10,    0,   ,  34, NEQ,    0,    0,    0,    0, 
WP, 97, 2011122412, 71, JNGP,  48,   9N, 1295E,  15,    0,   ,  34, NEQ,    0,    0,    0,    0, 
WP, 97, 2011122412, 71, JNGP,  60,  15N, 1301E,  15,    0,   ,  34, NEQ,    0,    0,    0,    0, 
WP, 97, 2011122412, 71, JNGP,  72,  15N, 1300E,  20,    0,   ,  34, NEQ,    0,    0,    0,    0, 
WP, 97, 2011122412, 71, JNGP,  84,  25N, 1300E,  25,    0,   ,  34, NEQ,    0,    0,    0,    0, 
WP, 97, 2011122412, 71, JNGP,  96,  27N, 1285E,  25,    0,   ,  34, NEQ,    0,    0,    0,    0, 
WP, 97, 2011122412, 71, JNGP, 108,  15N, 1286E,  20,    0,   ,  34, NEQ,    0,    0,    0,    0, 
WP, 97, 2011122412, 71, JNGP, 120,  14N, 1275E,  25,    0,   ,  34, NEQ,    0,    0,    0,    0, 
WP, 97, 2011122412, 74, JJGS,   0,  27N, 1327E,  15,    0,   ,  34, NEQ,    0,    0,    0,    0, 
WP, 97, 2011122412, 74, JJGS,  12,  25N, 1327E,  15,    0,   ,  34, NEQ,    0,    0,    0,    0, 
WP, 97, 2011122412, 74, JJGS,  24,  15N, 1344E,  15,    0,   ,  34, NEQ,    0,    0,    0,    0, 
WP, 97, 2011122412, 74, JJGS,  36,  15N, 1335E,  15,    0,   ,  34, NEQ,    0,    0,    0,    0, 
WP, 97, 2011122412, 74, JJGS,  48,  13N, 1322E,  10,    0,   ,  34, NEQ,    0,    0,    0,    0, 
WP, 97, 2011122418, 01, CARQ, -18,  49N, 1326E,  15,    0,   ,   0,    ,    0,    0,    0,    0, 
WP, 97, 2011122418, 01, CARQ, -12,  49N, 1318E,  15,    0,   ,   0,    ,    0,    0,    0,    0, 
WP, 97, 2011122418, 01, CARQ,  -6,  50N, 1312E,  15,    0,   ,   0,    ,    0,    0,    0,    0, 
WP, 97, 2011122418, 01, CARQ,   0,  50N, 1304E,  15,    0,   ,   0,    ,    0,    0,    0,    0, 
WP, 97, 2011122418, 03, C120,  12,  51N, 1291E,   0,    0,   ,   0,    ,    0,    0,    0,    0, 
WP, 97, 2011122418, 03, C120,  24,  52N, 1276E,   0,    0,   ,   0,    ,    0,    0,    0,    0, 
WP, 97, 2011122418, 03, C120,  36,  54N, 1263E,   0,    0,   ,   0,    ,    0,    0,    0,    0, 
WP, 97, 2011122418, 03, C120,  48,  54N, 1250E,   0,    0,   ,   0,    ,    0,    0,    0,    0, 
WP, 97, 2011122418, 03, C120,  60,  54N, 1237E,   0,    0,   ,   0,    ,    0,    0,    0,    0, 
WP, 97, 2011122418, 03, C120,  72,  55N, 1220E,   0,    0,   ,   0,    ,    0,    0,    0,    0, 
WP, 97, 2011122418, 03, C120,  84,  56N, 1204E,   0,    0,   ,   0,    ,    0,    0,    0,    0, 
WP, 97, 2011122418, 03, C120,  96,  57N, 1189E,   0,    0,   ,   0,    ,    0,    0,    0,    0, 
WP, 97, 2011122418, 03, C120, 108,  58N, 1176E,   0,    0,   ,   0,    ,    0,    0,    0,    0, 
WP, 97, 2011122418, 03, C120, 120,  58N, 1167E,   0,    0,   ,   0,    ,    0,    0,    0,    0, 
WP, 97, 2011122418, 03, CCON,   0,  50N, 1304E,   0,    0,   ,   0,    ,    0,    0,    0,    0, 
WP, 97, 2011122418, 03, CCON,  12,  47N, 1297E, 230,    0,   ,   0,    ,    0,    0,    0,    0, 
WP, 97, 2011122418, 03, CCON,  24,  50N, 1279E, 230,    0,   ,   0,    ,    0,    0,    0,    0, 
WP, 97, 2011122418, 03, CCON,  36,  53N, 1254E, 232,    0,   ,   0,    ,    0,    0,    0,    0, 
WP, 97, 2011122418, 03, CCON,  48,  53N, 1226E, 235,    0,   ,   0,    ,    0,    0,    0,    0, 
WP, 97, 2011122418, 03, CCON,  60,  60N, 1213E, 237,    0,   ,   0,    ,    0,    0,    0,    0, 
WP, 97, 2011122418, 03, CCON,  72,  61N, 1173E, 239,    0,   ,   0,    ,    0,    0,    0,    0, 
WP, 97, 2011122418, 03, CCON,  84,   0N,    0W, 243,    0,   ,   0,    ,    0,    0,    0,    0, 
WP, 97, 2011122418, 03, CLIM,  12,  56N, 1278E,  17,    0,   ,   0,    ,    0,    0,    0,    0, 
WP, 97, 2011122418, 03, CLIM,  24,  64N, 1257E,  22,    0,   ,   0,    ,    0,    0,    0,    0, 
WP, 97, 2011122418, 03, CLIM,  36,  74N, 1231E,  12,    0,   ,   0,    ,    0,    0,    0,    0, 
WP, 97, 2011122418, 03, CLIM,  48,  78N, 1209E,  10,    0,   ,   0,    ,    0,    0,    0,    0, 
WP, 97, 2011122418, 03, CLIM,  72,  88N, 1167E,  20,    0,   ,   0,    ,    0,    0,    0,    0, 
WP, 97, 2011122418, 03, CLIP,  12,  53N, 1291E,  20,    0,   ,   0,    ,    0,    0,    0,    0, 
WP, 97, 2011122418, 03, CLIP,  24,  57N, 1275E,  29,    0,   ,   0,    ,    0,    0,    0,    0, 
WP, 97, 2011122418, 03, CLIP,  36,  61N, 1260E,  39,    0,   ,   0,    ,    0,    0,    0,    0, 
WP, 97, 2011122418, 03, CLIP,  48,  66N, 1245E,  48,    0,   ,   0,    ,    0,    0,    0,    0, 
WP, 97, 2011122418, 03, CLIP,  72,  78N, 1213E,  64,    0,   ,   0,    ,    0,    0,    0,    0, 
WP, 97, 2011122418, 03, CONW,   0,  50N, 1304E,   0,    0,   ,   0,    ,    0,    0,    0,    0, 
WP, 97, 2011122418, 03, CONW,  12,  48N, 1296E,   0,    0,   ,   0,    ,    0,    0,    0,    0, 
WP, 97, 2011122418, 03, CONW,  24,  53N, 1279E,   0,    0,   ,   0,    ,    0,    0,    0,    0, 
WP, 97, 2011122418, 03, CONW,  36,  56N, 1255E,   0,    0,   ,   0,    ,    0,    0,    0,    0, 
WP, 97, 2011122418, 03, CONW,  48,  57N, 1234E,   0,    0,   ,   0,    ,    0,    0,    0,    0, 
WP, 97, 2011122418, 03, CONW,  60,  60N, 1213E,   0,    0,   ,   0,    ,    0,    0,    0,    0, 
WP, 97, 2011122418, 03, CONW,  72,  65N, 1189E,   0,    0,   ,   0,    ,    0,    0,    0,    0, 
WP, 97, 2011122418, 03, COXX,   0,  50N, 1304E,   0,    0,   ,   0,    ,    0,    0,    0,    0, 
WP, 97, 2011122418, 03, COXX,  12,  48N, 1296E,   0,    0,   ,   0,    ,    0,    0,    0,    0, 
WP, 97, 2011122418, 03, COXX,  24,  53N, 1279E,   0,    0,   ,   0,    ,    0,    0,    0,    0, 
WP, 97, 2011122418, 03, COXX,  36,  56N, 1255E,   0,    0,   ,   0,    ,    0,    0,    0,    0, 
WP, 97, 2011122418, 03, COXX,  48,  57N, 1234E,   0,    0,   ,   0,    ,    0,    0,    0,    0, 
WP, 97, 2011122418, 03, COXX,  60,  60N, 1213E,   0,    0,   ,   0,    ,    0,    0,    0,    0, 
WP, 97, 2011122418, 03, COXX,  72,  65N, 1189E,   0,    0,   ,   0,    ,    0,    0,    0,    0, 
WP, 97, 2011122418, 03, FBAM,  12,  53N, 1282E,   0,    0,   ,   0,    ,    0,    0,    0,    0, 
WP, 97, 2011122418, 03, FBAM,  24,  55N, 1249E,   0,    0,   ,   0,    ,    0,    0,    0,    0, 
WP, 97, 2011122418, 03, FBAM,  36,  58N, 1217E,   0,    0,   ,   0,    ,    0,    0,    0,    0, 
WP, 97, 2011122418, 03, FBAM,  48,  60N, 1187E,   0,    0,   ,   0,    ,    0,    0,    0,    0, 
WP, 97, 2011122418, 03, FBAM,  72,  63N, 1122E,   0,    0,   ,   0,    ,    0,    0,    0,    0, 
WP, 97, 2011122418, 03, HPAC,  12,  54N, 1284E,   0,    0,   ,   0,    ,    0,    0,    0,    0, 
WP, 97, 2011122418, 03, HPAC,  24,  58N, 1266E,   0,    0,   ,   0,    ,    0,    0,    0,    0, 
WP, 97, 2011122418, 03, HPAC,  36,  63N, 1246E,   0,    0,   ,   0,    ,    0,    0,    0,    0, 
WP, 97, 2011122418, 03, HPAC,  48,  66N, 1229E,   0,    0,   ,   0,    ,    0,    0,    0,    0, 
WP, 97, 2011122418, 03, HPAC,  72,  72N, 1193E,   0,    0,   ,   0,    ,    0,    0,    0,    0, 
WP, 97, 2011122418, 03, JNGI,   0,  50N, 1304E,  15,    0,   ,  34, NEQ,    0,    0,    0,    0, 
WP, 97, 2011122418, 03, JNGI,  12,  46N, 1306E,  16,    0,   ,  34, NEQ,    0,    0,    0,    0, 
WP, 97, 2011122418, 03, JNGI,  24,  45N, 1293E,  14,    0,   ,  34, NEQ,    0,    0,    0,    0, 
WP, 97, 2011122418, 03, JNGI,  36,  39N, 1281E,  12,    0,   ,  34, NEQ,    0,    0,    0,    0, 
WP, 97, 2011122418, 03, JNGI,  48,  34N, 1283E,  14,    0,   ,  34, NEQ,    0,    0,    0,    0, 
WP, 97, 2011122418, 03, JNGI,  60,  37N, 1285E,  17,    0,   ,  34, NEQ,    0,    0,    0,    0, 
WP, 97, 2011122418, 03, JNGI,  72,  42N, 1284E,  21,    0,   ,  34, NEQ,    0,    0,    0,    0, 
WP, 97, 2011122418, 03, JNGI,  84,  46N, 1277E,  24,    0,   ,  34, NEQ,    0,    0,    0,    0, 
WP, 97, 2011122418, 03, JNGI,  96,  42N, 1270E,  22,    0,   ,  34, NEQ,    0,    0,    0,    0, 
WP, 97, 2011122418, 03, JNGI, 108,  37N, 1265E,  22,    0,   ,  34, NEQ,    0,    0,    0,    0, 
WP, 97, 2011122418, 03, JNGI, 120,  29N, 1260E,  25,    0,   ,  34, NEQ,    0,    0,    0,    0, 
WP, 97, 2011122418, 03, JNS1,  12,  46N, 1306E,  17,    0,   ,   0,    ,    0,    0,    0,    0, 
WP, 97, 2011122418, 03, JNS1,  24,  45N, 1293E,  20,    0,   ,   0,    ,    0,    0,    0,    0, 
WP, 97, 2011122418, 03, JNS1,  36,  39N, 1281E,  24,    0,   ,   0,    ,    0,    0,    0,    0, 
WP, 97, 2011122418, 03, JNS1,  48,  34N, 1283E,  30,    0,   ,   0,    ,    0,    0,    0,    0, 
WP, 97, 2011122418, 03, JNS1,  60,  37N, 1285E,  37,    0,   ,   0,    ,    0,    0,    0,    0, 
WP, 97, 2011122418, 03, JNS1,  72,  42N, 1284E,  45,    0,   ,   0,    ,    0,    0,    0,    0, 
WP, 97, 2011122418, 03, JNS1,  84,  46N, 1277E,  53,    0,   ,   0,    ,    0,    0,    0,    0, 
WP, 97, 2011122418, 03, JNS1,  96,  42N, 1270E,  62,    0,   ,   0,    ,    0,    0,    0,    0, 
WP, 97, 2011122418, 03, JNS1, 108,  37N, 1265E,  67,    0,   ,   0,    ,    0,    0,    0,    0, 
WP, 97, 2011122418, 03, JNS1, 120,  29N, 1260E,  72,    0,   ,   0,    ,    0,    0,    0,    0, 
WP, 97, 2011122418, 03, JNS5,  12,  46N, 1306E,  18,    0,   ,   0,    ,    0,    0,    0,    0, 
WP, 97, 2011122418, 03, JNS5,  24,  45N, 1293E,  21,    0,   ,   0,    ,    0,    0,    0,    0, 
WP, 97, 2011122418, 03, JNS5,  36,  39N, 1281E,  26,    0,   ,   0,    ,    0,    0,    0,    0, 
WP, 97, 2011122418, 03, JNS5,  48,  34N, 1283E,  32,    0,   ,   0,    ,    0,    0,    0,    0, 
WP, 97, 2011122418, 03, JNS5,  60,  37N, 1285E,  41,    0,   ,   0,    ,    0,    0,    0,    0, 
WP, 97, 2011122418, 03, JNS5,  72,  42N, 1284E,  49,    0,   ,   0,    ,    0,    0,    0,    0, 
WP, 97, 2011122418, 03, JNS5,  84,  46N, 1277E,  58,    0,   ,   0,    ,    0,    0,    0,    0, 
WP, 97, 2011122418, 03, JNS5,  96,  42N, 1270E,  66,    0,   ,   0,    ,    0,    0,    0,    0, 
WP, 97, 2011122418, 03, JNS5, 108,  37N, 1265E,  72,    0,   ,   0,    ,    0,    0,    0,    0, 
WP, 97, 2011122418, 03, JNS5, 120,  29N, 1260E,  77,    0,   ,   0,    ,    0,    0,    0,    0, 
WP, 97, 2011122418, 03, MBAM,  12,  51N, 1285E,   0,    0,   ,   0,    ,    0,    0,    0,    0, 
WP, 97, 2011122418, 03, MBAM,  24,  48N, 1262E,   0,    0,   ,   0,    ,    0,    0,    0,    0, 
WP, 97, 2011122418, 03, MBAM,  36,  43N, 1242E,   0,    0,   ,   0,    ,    0,    0,    0,    0, 
WP, 97, 2011122418, 03, MBAM,  48,  39N, 1227E,   0,    0,   ,   0,    ,    0,    0,    0,    0, 
WP, 97, 2011122418, 03, MBAM,  72,  38N, 1205E,   0,    0,   ,   0,    ,    0,    0,    0,    0, 
WP, 97, 2011122418, 03, RECR,  12,  57N, 1292E,  25,    0,   ,   0,    ,    0,    0,    0,    0, 
WP, 97, 2011122418, 03, RECR,  24,  66N, 1268E,  30,    0,   ,   0,    ,    0,    0,    0,    0, 
WP, 97, 2011122418, 03, RECR,  36,  71N, 1243E,  40,    0,   ,   0,    ,    0,    0,    0,    0, 
WP, 97, 2011122418, 03, RECR,  48,  78N, 1222E,  50,    0,   ,   0,    ,    0,    0,    0,    0, 
WP, 97, 2011122418, 03, RECR,  72,  95N, 1185E,  75,    0,   ,   0,    ,    0,    0,    0,    0, 
WP, 97, 2011122418, 03, S511,   0,   0N,    0W,  15,    0,   ,   0,    ,    0,    0,    0,    0, 
WP, 97, 2011122418, 03, S511,  12,   0N,    0W,  18,    0,   ,   0,    ,    0,    0,    0,    0, 
WP, 97, 2011122418, 03, S511,  24,   0N,    0W,  22,    0,   ,   0,    ,    0,    0,    0,    0, 
WP, 97, 2011122418, 03, S511,  36,   0N,    0W,  26,    0,   ,   0,    ,    0,    0,    0,    0, 
WP, 97, 2011122418, 03, S511,  48,   0N,    0W,  31,    0,   ,   0,    ,    0,    0,    0,    0, 
WP, 97, 2011122418, 03, S511,  60,   0N,    0W,  37,    0,   ,   0,    ,    0,    0,    0,    0, 
WP, 97, 2011122418, 03, S511,  72,   0N,    0W,  41,    0,   ,   0,    ,    0,    0,    0,    0, 
WP, 97, 2011122418, 03, S5XX,   0,   0N,    0W,  15,    0,   ,   0,    ,    0,    0,    0,    0, 
WP, 97, 2011122418, 03, S5XX,  12,   0N,    0W,  18,    0,   ,   0,    ,    0,    0,    0,    0, 
WP, 97, 2011122418, 03, S5XX,  24,   0N,    0W,  22,    0,   ,   0,    ,    0,    0,    0,    0, 
WP, 97, 2011122418, 03, S5XX,  36,   0N,    0W,  26,    0,   ,   0,    ,    0,    0,    0,    0, 
WP, 97, 2011122418, 03, S5XX,  48,   0N,    0W,  31,    0,   ,   0,    ,    0,    0,    0,    0, 
WP, 97, 2011122418, 03, S5XX,  60,   0N,    0W,  37,    0,   ,   0,    ,    0,    0,    0,    0, 
WP, 97, 2011122418, 03, S5XX,  72,   0N,    0W,  41,    0,   ,   0,    ,    0,    0,    0,    0, 
WP, 97, 2011122418, 03, SBAM,  12,  51N, 1287E,   0,    0,   ,   0,    ,    0,    0,    0,    0, 
WP, 97, 2011122418, 03, SBAM,  24,  47N, 1268E,   0,    0,   ,   0,    ,    0,    0,    0,    0, 
WP, 97, 2011122418, 03, SBAM,  36,  41N, 1252E,   0,    0,   ,   0,    ,    0,    0,    0,    0, 
WP, 97, 2011122418, 03, SBAM,  48,  36N, 1241E,   0,    0,   ,   0,    ,    0,    0,    0,    0, 
WP, 97, 2011122418, 03, SBAM,  72,  32N, 1230E,   0,    0,   ,   0,    ,    0,    0,    0,    0, 
WP, 97, 2011122418, 03, ST10,   0,  50N, 1304E,  15,    0,   ,   0,    ,    0,    0,    0,    0, 
WP, 97, 2011122418, 03, ST10,  12,  49N, 1296E,  17,    0,   ,   0,    ,    0,    0,    0,    0, 
WP, 97, 2011122418, 03, ST10,  24,  53N, 1279E,  21,    0,   ,   0,    ,    0,    0,    0,    0, 
WP, 97, 2011122418, 03, ST10,  36,  57N, 1255E,  25,    0,   ,   0,    ,    0,    0,    0,    0, 
WP, 97, 2011122418, 03, ST10,  48,  57N, 1234E,  30,    0,   ,   0,    ,    0,    0,    0,    0, 
WP, 97, 2011122418, 03, ST10,  60,  60N, 1213E,  34,    0,   ,   0,    ,    0,    0,    0,    0, 
WP, 97, 2011122418, 03, ST10,  72,  65N, 1189E,  38,    0,   ,   0,    ,    0,    0,    0,    0, 
WP, 97, 2011122418, 03, ST11,   0,   0N,    0W,  15,    0,   ,   0,    ,    0,    0,    0,    0, 
WP, 97, 2011122418, 03, ST11,  12,   0N,    0W,  17,    0,   ,   0,    ,    0,    0,    0,    0, 
WP, 97, 2011122418, 03, ST11,  24,   0N,    0W,  21,    0,   ,   0,    ,    0,    0,    0,    0, 
WP, 97, 2011122418, 03, ST11,  36,   0N,    0W,  25,    0,   ,   0,    ,    0,    0,    0,    0, 
WP, 97, 2011122418, 03, ST11,  48,   0N,    0W,  30,    0,   ,   0,    ,    0,    0,    0,    0, 
WP, 97, 2011122418, 03, ST11,  60,   0N,    0W,  34,    0,   ,   0,    ,    0,    0,    0,    0, 
WP, 97, 2011122418, 03, ST11,  72,   0N,    0W,  38,    0,   ,   0,    ,    0,    0,    0,    0, 
WP, 97, 2011122418, 03, ST5D,  12,   0N,    0E,  16,    0,   ,   0,    ,    0,    0,    0,    0, 
WP, 97, 2011122418, 03, ST5D,  24,   0N,    0E,  19,    0,   ,   0,    ,    0,    0,    0,    0, 
WP, 97, 2011122418, 03, ST5D,  36,   0N,    0E,  17,    0,   ,   0,    ,    0,    0,    0,    0, 
WP, 97, 2011122418, 03, ST5D,  48,   0N,    0E,  19,    0,   ,   0,    ,    0,    0,    0,    0, 
WP, 97, 2011122418, 03, ST5D,  60,   0N,    0E,  24,    0,   ,   0,    ,    0,    0,    0,    0, 
WP, 97, 2011122418, 03, ST5D,  72,   0N,    0E,  30,    0,   ,   0,    ,    0,    0,    0,    0, 
WP, 97, 2011122418, 03, ST5D,  84,   0N,    0E,  36,    0,   ,   0,    ,    0,    0,    0,    0, 
WP, 97, 2011122418, 03, ST5D,  96,   0N,    0E,  39,    0,   ,   0,    ,    0,    0,    0,    0, 
WP, 97, 2011122418, 03, ST5D, 108,   0N,    0E,  43,    0,   ,   0,    ,    0,    0,    0,    0, 
WP, 97, 2011122418, 03, ST5D, 120,   0N,    0E,  44,    0,   ,   0,    ,    0,    0,    0,    0, 
WP, 97, 2011122418, 03, STRT,  12,  52N, 1286E,  25,    0,   ,   0,    ,    0,    0,    0,    0, 
WP, 97, 2011122418, 03, STRT,  24,  56N, 1269E,  30,    0,   ,   0,    ,    0,    0,    0,    0, 
WP, 97, 2011122418, 03, STRT,  36,  58N, 1251E,  45,    0,   ,   0,    ,    0,    0,    0,    0, 
WP, 97, 2011122418, 03, STRT,  48,  65N, 1234E,  45,    0,   ,   0,    ,    0,    0,    0,    0, 
WP, 97, 2011122418, 03, STRT,  72,  74N, 1208E,  45,    0,   ,   0,    ,    0,    0,    0,    0, 
WP, 97, 2011122418, 03, WBAI,   0,  50N, 1304E,   0,    0,   ,  34, NEQ,    0,    0,    0,    0, 
WP, 97, 2011122418, 03, WBAI,  12,  51N, 1286E,   0,    0,   ,  34, NEQ,    0,    0,    0,    0, 
WP, 97, 2011122418, 03, WBAI,  24,  61N, 1265E,   0,    0,   ,  34, NEQ,    0,    0,    0,    0, 
WP, 97, 2011122418, 03, WBAI,  36,  74N, 1229E,   0,    0,   ,  34, NEQ,    0,    0,    0,    0, 
WP, 97, 2011122418, 03, WBAI,  48,  79N, 1186E,   0,    0,   ,  34, NEQ,    0,    0,    0,    0, 
WP, 97, 2011122418, 03, WBAI,  60,  84N, 1141E,   0,    0,   ,  34, NEQ,    0,    0,    0,    0, 
WP, 97, 2011122418, 03, WBAI,  72,  88N, 1094E,   0,    0,   ,  34, NEQ,    0,    0,    0,    0, 
WP, 97, 2011122418, 03, WBAR,   0,  50N, 1304E,   0,    0,   ,   0,    ,    0,    0,    0,    0, 
WP, 97, 2011122418, 03, WBAR,   6,  34N, 1287E,   0,    0,   ,   0,    ,    0,    0,    0,    0, 
WP, 97, 2011122418, 03, WBAR,  12,  36N, 1286E,   0,    0,   ,   0,    ,    0,    0,    0,    0, 
WP, 97, 2011122418, 03, WBAR,  18,  40N, 1281E,   0,    0,   ,   0,    ,    0,    0,    0,    0, 
WP, 97, 2011122418, 03, WBAR,  24,  45N, 1274E,   0,    0,   ,   0,    ,    0,    0,    0,    0, 
WP, 97, 2011122418, 03, WBAR,  30,  62N, 1256E,   0,    0,   ,   0,    ,    0,    0,    0,    0, 
WP, 97, 2011122418, 03, WBAR,  36,  66N, 1237E,   0,    0,   ,   0,    ,    0,    0,    0,    0, 
WP, 97, 2011122418, 03, WBS1,  12,  51N, 1286E,  17,    0,   ,   0,    ,    0,    0,    0,    0, 
WP, 97, 2011122418, 03, WBS1,  24,  61N, 1265E,  21,    0,   ,   0,    ,    0,    0,    0,    0, 
WP, 97, 2011122418, 03, WBS1,  36,  74N, 1229E,  25,    0,   ,   0,    ,    0,    0,    0,    0, 
WP, 97, 2011122418, 03, WBS1,  48,  79N, 1186E,  29,    0,   ,   0,    ,    0,    0,    0,    0, 
WP, 97, 2011122418, 03, WBS1,  60,  84N, 1141E,  31,    0,   ,   0,    ,    0,    0,    0,    0, 
WP, 97, 2011122418, 03, WBS1,  72,  88N, 1094E,  31,    0,   ,   0,    ,    0,    0,    0,    0, 
WP, 97, 2011122418, 03, WBS5,  12,  51N, 1286E,  18,    0,   ,   0,    ,    0,    0,    0,    0, 
WP, 97, 2011122418, 03, WBS5,  24,  61N, 1265E,  22,    0,   ,   0,    ,    0,    0,    0,    0, 
WP, 97, 2011122418, 03, WBS5,  36,  74N, 1229E,  26,    0,   ,   0,    ,    0,    0,    0,    0, 
WP, 97, 2011122418, 03, WBS5,  48,  79N, 1186E,  30,    0,   ,   0,    ,    0,    0,    0,    0, 
WP, 97, 2011122418, 03, WBS5,  60,  84N, 1141E,  32,    0,   ,   0,    ,    0,    0,    0,    0, 
WP, 97, 2011122418, 03, WBS5,  72,  88N, 1094E,  33,    0,   ,   0,    ,    0,    0,    0,    0, 
WP, 97, 2011122418, 03, XTRP,  12,  51N, 1290E,  15,    0,   ,   0,    ,    0,    0,    0,    0, 
WP, 97, 2011122418, 03, XTRP,  24,  52N, 1276E,  15,    0,   ,   0,    ,    0,    0,    0,    0, 
WP, 97, 2011122418, 03, XTRP,  36,  53N, 1262E,  15,    0,   ,   0,    ,    0,    0,    0,    0, 
WP, 97, 2011122418, 03, XTRP,  48,  54N, 1248E,  15,    0,   ,   0,    ,    0,    0,    0,    0, 
WP, 97, 2011122418, 03, XTRP,  60,  55N, 1234E,  15,    0,   ,   0,    ,    0,    0,    0,    0, 
WP, 97, 2011122418, 03, XTRP,  72,  56N, 1220E,  15,    0,   ,   0,    ,    0,    0,    0,    0, 
WP, 97, 2011122418, 03, XTRP,  84,  57N, 1206E,  15,    0,   ,   0,    ,    0,    0,    0,    0, 
WP, 97, 2011122418, 03, XTRP,  96,  58N, 1192E,  15,    0,   ,   0,    ,    0,    0,    0,    0, 
WP, 97, 2011122418, 03, XTRP, 108,  59N, 1178E,  15,    0,   ,   0,    ,    0,    0,    0,    0, 
WP, 97, 2011122418, 03, XTRP, 120,  60N, 1164E,  15,    0,   ,   0,    ,    0,    0,    0,    0, 
WP, 97, 2011122418, 71, JNGP,   0,  45N, 1337E,  15,    0,   ,  34, NEQ,    0,    0,    0,    0, 
WP, 97, 2011122418, 71, JNGP,  12,  25N, 1327E,  20,    0,   ,  34, NEQ,    0,    0,    0,    0, 
WP, 97, 2011122418, 71, JNGP,  24,  25N, 1284E,  15,    0,   ,  34, NEQ,    0,    0,    0,    0, 
WP, 97, 2011122418, 71, JNGP,  36,  19N, 1285E,  15,    0,   ,  34, NEQ,    0,    0,    0,    0, 
WP, 97, 2011122418, 71, JNGP,  48,  15N, 1285E,  20,    0,   ,  34, NEQ,    0,    0,    0,    0, 
WP, 97, 2011122418, 71, JNGP,  60,  15N, 1292E,  20,    0,   ,  34, NEQ,    0,    0,    0,    0, 
WP, 97, 2011122418, 71, JNGP,  72,  20N, 1295E,  15,    0,   ,  34, NEQ,    0,    0,    0,    0, 
WP, 97, 2011122418, 71, JNGP,  84,  25N, 1283E,  25,    0,   ,  34, NEQ,    0,    0,    0,    0, 
WP, 97, 2011122418, 71, JNGP,  96,  25N, 1271E,  20,    0,   ,  34, NEQ,    0,    0,    0,    0, 
WP, 97, 2011122418, 71, JNGP, 108,  22N, 1265E,  25,    0,   ,  34, NEQ,    0,    0,    0,    0, 
WP, 97, 2011122418, 71, JNGP, 120,  21N, 1265E,  30,    0,   ,  34, NEQ,    0,    0,    0,    0, 
WP, 97, 2011122418, 72, JAVN,   0,  55N, 1317E,  15,    0,   ,  34, NEQ,    0,    0,    0,    0, 
WP, 97, 2011122418, 72, JAVN,  12,  67N, 1284E,  15,    0,   ,  34, NEQ,    0,    0,    0,    0, 
WP, 97, 2011122418, 72, JAVN,  24,  86N, 1271E,  20,    0,   ,  34, NEQ,    0,    0,    0,    0, 
WP, 97, 2011122418, 72, JAVN,  36,  94N, 1248E,  15,    0,   ,  34, NEQ,    0,    0,    0,    0, 
WP, 97, 2011122418, 72, JAVN,  48, 129N, 1260E,  15,    0,   ,  34, NEQ,    0,    0,    0,    0, 
WP, 97, 2011122418, 72, JAVN,  60, 141N, 1228E,  15,    0,   ,  34, NEQ,    0,    0,    0,    0, 
WP, 97, 2011122500, 01, CARQ, -18,  53N, 1341E,  15,    0,   ,   0,    ,    0,    0,    0,    0, 
WP, 97, 2011122500, 01, CARQ, -12,  52N, 1333E,  15,    0,   ,   0,    ,    0,    0,    0,    0, 
WP, 97, 2011122500, 01, CARQ,  -6,  53N, 1327E,  15,    0,   ,   0,    ,    0,    0,    0,    0, 
WP, 97, 2011122500, 01, CARQ,   0,  53N, 1321E,  15,    0,   ,   0,    ,    0,    0,    0,    0, 
WP, 97, 2011122500, 03, C120,  12,  54N, 1310E,   0,    0,   ,   0,    ,    0,    0,    0,    0, 
WP, 97, 2011122500, 03, C120,  24,  55N, 1297E,   0,    0,   ,   0,    ,    0,    0,    0,    0, 
WP, 97, 2011122500, 03, C120,  36,  57N, 1285E,   0,    0,   ,   0,    ,    0,    0,    0,    0, 
WP, 97, 2011122500, 03, C120,  48,  58N, 1273E,   0,    0,   ,   0,    ,    0,    0,    0,    0, 
WP, 97, 2011122500, 03, C120,  60,  59N, 1260E,   0,    0,   ,   0,    ,    0,    0,    0,    0, 
WP, 97, 2011122500, 03, C120,  72,  61N, 1244E,   0,    0,   ,   0,    ,    0,    0,    0,    0, 
WP, 97, 2011122500, 03, C120,  84,  62N, 1229E,   0,    0,   ,   0,    ,    0,    0,    0,    0, 
WP, 97, 2011122500, 03, C120,  96,  63N, 1215E,   0,    0,   ,   0,    ,    0,    0,    0,    0, 
WP, 97, 2011122500, 03, C120, 108,  64N, 1202E,   0,    0,   ,   0,    ,    0,    0,    0,    0, 
WP, 97, 2011122500, 03, C120, 120,  65N, 1193E,   0,    0,   ,   0,    ,    0,    0,    0,    0, 
WP, 97, 2011122500, 03, CCON,   0,  53N, 1321E,   0,    0,   ,   0,    ,    0,    0,    0,    0, 
WP, 97, 2011122500, 03, CCON,  12,  51N, 1301E, 228,    0,   ,   0,    ,    0,    0,    0,    0, 
WP, 97, 2011122500, 03, CCON,  24,  57N, 1279E, 230,    0,   ,   0,    ,    0,    0,    0,    0, 
WP, 97, 2011122500, 03, CCON,  36,  68N, 1265E, 232,    0,   ,   0,    ,    0,    0,    0,    0, 
WP, 97, 2011122500, 03, CCON,  48,  65N, 1258E, 234,    0,   ,   0,    ,    0,    0,    0,    0, 
WP, 97, 2011122500, 03, CCON,  60,  77N, 1254E, 234,    0,   ,   0,    ,    0,    0,    0,    0, 
WP, 97, 2011122500, 03, CCON,  72,  40N, 1229E, 235,    0,   ,   0,    ,    0,    0,    0,    0, 
WP, 97, 2011122500, 03, CCON,  84,   0N,    0W, 237,    0,   ,   0,    ,    0,    0,    0,    0, 
WP, 97, 2011122500, 03, CLIM,  12,  56N, 1299E,  20,    0,   ,   0,    ,    0,    0,    0,    0, 
WP, 97, 2011122500, 03, CLIM,  24,  60N, 1278E,  20,    0,   ,   0,    ,    0,    0,    0,    0, 
WP, 97, 2011122500, 03, CLIM,  36,  67N, 1257E,  25,    0,   ,   0,    ,    0,    0,    0,    0, 
WP, 97, 2011122500, 03, CLIM,  48,  79N, 1238E,  14,    0,   ,   0,    ,    0,    0,    0,    0, 
WP, 97, 2011122500, 03, CLIM,  72,  88N, 1189E,   5,    0,   ,   0,    ,    0,    0,    0,    0, 
WP, 97, 2011122500, 03, CLIP,  12,  56N, 1309E,  20,    0,   ,   0,    ,    0,    0,    0,    0, 
WP, 97, 2011122500, 03, CLIP,  24,  59N, 1295E,  29,    0,   ,   0,    ,    0,    0,    0,    0, 
WP, 97, 2011122500, 03, CLIP,  36,  64N, 1281E,  39,    0,   ,   0,    ,    0,    0,    0,    0, 
WP, 97, 2011122500, 03, CLIP,  48,  69N, 1267E,  48,    0,   ,   0,    ,    0,    0,    0,    0, 
WP, 97, 2011122500, 03, CLIP,  72,  81N, 1235E,  63,    0,   ,   0,    ,    0,    0,    0,    0, 
WP, 97, 2011122500, 03, CONW,   0,  53N, 1321E,  15,    0,   ,   0,    ,    0,    0,    0,    0, 
WP, 97, 2011122500, 03, CONW,  12,  52N, 1302E,  16,    0,   ,   0,    ,    0,    0,    0,    0, 
WP, 97, 2011122500, 03, CONW,  24,  59N, 1280E,  15,    0,   ,   0,    ,    0,    0,    0,    0, 
WP, 97, 2011122500, 03, CONW,  36,  71N, 1266E,  15,    0,   ,   0,    ,    0,    0,    0,    0, 
WP, 97, 2011122500, 03, CONW,  48,  68N, 1265E,  17,    0,   ,   0,    ,    0,    0,    0,    0, 
WP, 97, 2011122500, 03, CONW,  60,  77N, 1254E,  16,    0,   ,   0,    ,    0,    0,    0,    0, 
WP, 97, 2011122500, 03, CONW,  72,  44N, 1245E,  13,    0,   ,   0,    ,    0,    0,    0,    0, 
WP, 97, 2011122500, 03, COXX,   0,  53N, 1321E,   0,    0,   ,   0,    ,    0,    0,    0,    0, 
WP, 97, 2011122500, 03, COXX,  12,  52N, 1302E,   0,    0,   ,   0,    ,    0,    0,    0,    0, 
WP, 97, 2011122500, 03, COXX,  24,  59N, 1280E,   0,    0,   ,   0,    ,    0,    0,    0,    0, 
WP, 97, 2011122500, 03, COXX,  36,  71N, 1266E,   0,    0,   ,   0,    ,    0,    0,    0,    0, 
WP, 97, 2011122500, 03, COXX,  48,  68N, 1265E,   0,    0,   ,   0,    ,    0,    0,    0,    0, 
WP, 97, 2011122500, 03, COXX,  60,  77N, 1254E,   0,    0,   ,   0,    ,    0,    0,    0,    0, 
WP, 97, 2011122500, 03, COXX,  72,  44N, 1245E,   0,    0,   ,   0,    ,    0,    0,    0,    0, 
WP, 97, 2011122500, 03, FBAM,  12,  55N, 1299E,   0,    0,   ,   0,    ,    0,    0,    0,    0, 
WP, 97, 2011122500, 03, FBAM,  24,  55N, 1262E,   0,    0,   ,   0,    ,    0,    0,    0,    0, 
WP, 97, 2011122500, 03, FBAM,  36,  55N, 1227E,   0,    0,   ,   0,    ,    0,    0,    0,    0, 
WP, 97, 2011122500, 03, FBAM,  48,  56N, 1195E,   0,    0,   ,   0,    ,    0,    0,    0,    0, 
WP, 97, 2011122500, 03, FBAM,  72,  57N, 1132E,   0,    0,   ,   0,    ,    0,    0,    0,    0, 
WP, 97, 2011122500, 03, HPAC,  12,  55N, 1304E,   0,    0,   ,   0,    ,    0,    0,    0,    0, 
WP, 97, 2011122500, 03, HPAC,  24,  57N, 1288E,   0,    0,   ,   0,    ,    0,    0,    0,    0, 
WP, 97, 2011122500, 03, HPAC,  36,  61N, 1271E,   0,    0,   ,   0,    ,    0,    0,    0,    0, 
WP, 97, 2011122500, 03, HPAC,  48,  68N, 1255E,   0,    0,   ,   0,    ,    0,    0,    0,    0, 
WP, 97, 2011122500, 03, HPAC,  72,  73N, 1219E,   0,    0,   ,   0,    ,    0,    0,    0,    0, 
WP, 97, 2011122500, 03, JAS1,  12,  68N, 1297E,  18,    0,   ,   0,    ,    0,    0,    0,    0, 
WP, 97, 2011122500, 03, JAS1,  24,  82N, 1280E,  22,    0,   ,   0,    ,    0,    0,    0,    0, 
WP, 97, 2011122500, 03, JAS1,  36, 103N, 1273E,  24,    0,   ,   0,    ,    0,    0,    0,    0, 
WP, 97, 2011122500, 03, JAS1,  48, 125N, 1261E,  25,    0,   ,   0,    ,    0,    0,    0,    0, 
WP, 97, 2011122500, 03, JAS1,  60, 149N, 1245E,  23,    0,   ,   0,    ,    0,    0,    0,    0, 
WP, 97, 2011122500, 03, JAS5,  12,  68N, 1297E,  18,    0,   ,   0,    ,    0,    0,    0,    0, 
WP, 97, 2011122500, 03, JAS5,  24,  82N, 1280E,  22,    0,   ,   0,    ,    0,    0,    0,    0, 
WP, 97, 2011122500, 03, JAS5,  36, 103N, 1273E,  26,    0,   ,   0,    ,    0,    0,    0,    0, 
WP, 97, 2011122500, 03, JAS5,  48, 125N, 1261E,  29,    0,   ,   0,    ,    0,    0,    0,    0, 
WP, 97, 2011122500, 03, JAS5,  60, 149N, 1245E,  30,    0,   ,   0,    ,    0,    0,    0,    0, 
WP, 97, 2011122500, 03, JAVI,   0,  53N, 1321E,  15,    0,   ,  34, NEQ,    0,    0,    0,    0, 
WP, 97, 2011122500, 03, JAVI,  12,  68N, 1297E,  16,    0,   ,  34, NEQ,    0,    0,    0,    0, 
WP, 97, 2011122500, 03, JAVI,  24,  82N, 1280E,  16,    0,   ,  34, NEQ,    0,    0,    0,    0, 
WP, 97, 2011122500, 03, JAVI,  36, 103N, 1273E,  15,    0,   ,  34, NEQ,    0,    0,    0,    0, 
WP, 97, 2011122500, 03, JAVI,  48, 125N, 1261E,  14,    0,   ,  34, NEQ,    0,    0,    0,    0, 
WP, 97, 2011122500, 03, JAVI,  60, 149N, 1245E,  16,    0,   ,  34, NEQ,    0,    0,    0,    0, 
WP, 97, 2011122500, 03, JNGI,   0,  53N, 1321E,  15,    0,   ,  34, NEQ,    0,    0,    0,    0, 
WP, 97, 2011122500, 03, JNGI,  12,  43N, 1297E,  15,    0,   ,  34, NEQ,    0,    0,    0,    0, 
WP, 97, 2011122500, 03, JNGI,  24,  39N, 1278E,  13,    0,   ,  34, NEQ,    0,    0,    0,    0, 
WP, 97, 2011122500, 03, JNGI,  36,  34N, 1276E,  15,    0,   ,  34, NEQ,    0,    0,    0,    0, 
WP, 97, 2011122500, 03, JNGI,  48,  32N, 1279E,  17,    0,   ,  34, NEQ,    0,    0,    0,    0, 
WP, 97, 2011122500, 03, JNGI,  60,  35N, 1283E,  16,    0,   ,  34, NEQ,    0,    0,    0,    0, 
WP, 97, 2011122500, 03, JNGI,  72,  39N, 1279E,  18,    0,   ,  34, NEQ,    0,    0,    0,    0, 
WP, 97, 2011122500, 03, JNGI,  84,  41N, 1268E,  20,    0,   ,  34, NEQ,    0,    0,    0,    0, 
WP, 97, 2011122500, 03, JNGI,  96,  40N, 1259E,  21,    0,   ,  34, NEQ,    0,    0,    0,    0, 
WP, 97, 2011122500, 03, JNGI, 108,  39N, 1256E,  25,    0,   ,  34, NEQ,    0,    0,    0,    0, 
WP, 97, 2011122500, 03, JNGI, 120,  36N, 1258E,  33,    0,   ,  34, NEQ,    0,    0,    0,    0, 
WP, 97, 2011122500, 03, JNS1,  12,  43N, 1297E,  17,    0,   ,   0,    ,    0,    0,    0,    0, 
WP, 97, 2011122500, 03, JNS1,  24,  39N, 1278E,  20,    0,   ,   0,    ,    0,    0,    0,    0, 
WP, 97, 2011122500, 03, JNS1,  36,  34N, 1276E,  25,    0,   ,   0,    ,    0,    0,    0,    0, 
WP, 97, 2011122500, 03, JNS1,  48,  32N, 1279E,  31,    0,   ,   0,    ,    0,    0,    0,    0, 
WP, 97, 2011122500, 03, JNS1,  60,  35N, 1283E,  39,    0,   ,   0,    ,    0,    0,    0,    0, 
WP, 97, 2011122500, 03, JNS1,  72,  39N, 1279E,  46,    0,   ,   0,    ,    0,    0,    0,    0, 
WP, 97, 2011122500, 03, JNS1,  84,  41N, 1268E,  54,    0,   ,   0,    ,    0,    0,    0,    0, 
WP, 97, 2011122500, 03, JNS1,  96,  40N, 1259E,  60,    0,   ,   0,    ,    0,    0,    0,    0, 
WP, 97, 2011122500, 03, JNS1, 108,  39N, 1256E,  66,    0,   ,   0,    ,    0,    0,    0,    0, 
WP, 97, 2011122500, 03, JNS1, 120,  36N, 1258E,  72,    0,   ,   0,    ,    0,    0,    0,    0, 
WP, 97, 2011122500, 03, JNS5,  12,  43N, 1297E,  18,    0,   ,   0,    ,    0,    0,    0,    0, 
WP, 97, 2011122500, 03, JNS5,  24,  39N, 1278E,  21,    0,   ,   0,    ,    0,    0,    0,    0, 
WP, 97, 2011122500, 03, JNS5,  36,  34N, 1276E,  26,    0,   ,   0,    ,    0,    0,    0,    0, 
WP, 97, 2011122500, 03, JNS5,  48,  32N, 1279E,  33,    0,   ,   0,    ,    0,    0,    0,    0, 
WP, 97, 2011122500, 03, JNS5,  60,  35N, 1283E,  41,    0,   ,   0,    ,    0,    0,    0,    0, 
WP, 97, 2011122500, 03, JNS5,  72,  39N, 1279E,  50,    0,   ,   0,    ,    0,    0,    0,    0, 
WP, 97, 2011122500, 03, JNS5,  84,  41N, 1268E,  56,    0,   ,   0,    ,    0,    0,    0,    0, 
WP, 97, 2011122500, 03, JNS5,  96,  40N, 1259E,  62,    0,   ,   0,    ,    0,    0,    0,    0, 
WP, 97, 2011122500, 03, JNS5, 108,  39N, 1256E,  69,    0,   ,   0,    ,    0,    0,    0,    0, 
WP, 97, 2011122500, 03, JNS5, 120,  36N, 1258E,  74,    0,   ,   0,    ,    0,    0,    0,    0, 
WP, 97, 2011122500, 03, JUK2,   0,  53N, 1321E,  15,    0,   ,  34, NEQ,    0,    0,    0,    0, 
WP, 97, 2011122500, 03, JUK2,  12,  46N, 1306E,  16,    0,   ,  34, NEQ,    0,    0,    0,    0, 
WP, 97, 2011122500, 03, JUK2,  24,  47N, 1281E,  15,    0,   ,  34, NEQ,    0,    0,    0,    0, 
WP, 97, 2011122500, 03, JUK2,  36,  47N, 1269E,  14,    0,   ,  34, NEQ,    0,    0,    0,    0, 
WP, 97, 2011122500, 03, JUK2,  48,  46N, 1253E,  17,    0,   ,  34, NEQ,    0,    0,    0,    0, 
WP, 97, 2011122500, 03, JUK2,  60,  47N, 1234E,  16,    0,   ,  34, NEQ,    0,    0,    0,    0, 
WP, 97, 2011122500, 03, JUK2,  72,  49N, 1212E,   8,    0,   ,  34, NEQ,    0,    0,    0,    0, 
WP, 97, 2011122500, 03, MBAM,  12,  53N, 1302E,   0,    0,   ,   0,    ,    0,    0,    0,    0, 
WP, 97, 2011122500, 03, MBAM,  24,  49N, 1272E,   0,    0,   ,   0,    ,    0,    0,    0,    0, 
WP, 97, 2011122500, 03, MBAM,  36,  43N, 1246E,   0,    0,   ,   0,    ,    0,    0,    0,    0, 
WP, 97, 2011122500, 03, MBAM,  48,  39N, 1228E,   0,    0,   ,   0,    ,    0,    0,    0,    0, 
WP, 97, 2011122500, 03, MBAM,  72,  39N, 1201E,   0,    0,   ,   0,    ,    0,    0,    0,    0, 
WP, 97, 2011122500, 03, RECR,  12,  60N, 1309E,  25,    0,   ,   0,    ,    0,    0,    0,    0, 
WP, 97, 2011122500, 03, RECR,  24,  67N, 1287E,  30,    0,   ,   0,    ,    0,    0,    0,    0, 
WP, 97, 2011122500, 03, RECR,  36,  75N, 1268E,  35,    0,   ,   0,    ,    0,    0,    0,    0, 
WP, 97, 2011122500, 03, RECR,  48,  81N, 1251E,  45,    0,   ,   0,    ,    0,    0,    0,    0, 
WP, 97, 2011122500, 03, RECR,  72,  93N, 1221E,  75,    0,   ,   0,    ,    0,    0,    0,    0, 
WP, 97, 2011122500, 03, S511,   0,   0N,    0W,  15,    0,   ,   0,    ,    0,    0,    0,    0, 
WP, 97, 2011122500, 03, S511,  12,   0N,    0W,  18,    0,   ,   0,    ,    0,    0,    0,    0, 
WP, 97, 2011122500, 03, S511,  24,   0N,    0W,  22,    0,   ,   0,    ,    0,    0,    0,    0, 
WP, 97, 2011122500, 03, S511,  36,   0N,    0W,  26,    0,   ,   0,    ,    0,    0,    0,    0, 
WP, 97, 2011122500, 03, S511,  48,   0N,    0W,  31,    0,   ,   0,    ,    0,    0,    0,    0, 
WP, 97, 2011122500, 03, S511,  60,   0N,    0W,  36,    0,   ,   0,    ,    0,    0,    0,    0, 
WP, 97, 2011122500, 03, S5XX,   0,   0N,    0W,  15,    0,   ,   0,    ,    0,    0,    0,    0, 
WP, 97, 2011122500, 03, S5XX,  12,   0N,    0W,  18,    0,   ,   0,    ,    0,    0,    0,    0, 
WP, 97, 2011122500, 03, S5XX,  24,   0N,    0W,  22,    0,   ,   0,    ,    0,    0,    0,    0, 
WP, 97, 2011122500, 03, S5XX,  36,   0N,    0W,  26,    0,   ,   0,    ,    0,    0,    0,    0, 
WP, 97, 2011122500, 03, S5XX,  48,   0N,    0W,  31,    0,   ,   0,    ,    0,    0,    0,    0, 
WP, 97, 2011122500, 03, S5XX,  60,   0N,    0W,  36,    0,   ,   0,    ,    0,    0,    0,    0, 
WP, 97, 2011122500, 03, SBAM,  12,  53N, 1303E,   0,    0,   ,   0,    ,    0,    0,    0,    0, 
WP, 97, 2011122500, 03, SBAM,  24,  49N, 1277E,   0,    0,   ,   0,    ,    0,    0,    0,    0, 
WP, 97, 2011122500, 03, SBAM,  36,  43N, 1255E,   0,    0,   ,   0,    ,    0,    0,    0,    0, 
WP, 97, 2011122500, 03, SBAM,  48,  38N, 1239E,   0,    0,   ,   0,    ,    0,    0,    0,    0, 
WP, 97, 2011122500, 03, SBAM,  72,  36N, 1221E,   0,    0,   ,   0,    ,    0,    0,    0,    0, 
WP, 97, 2011122500, 03, ST10,   0,  53N, 1321E,  15,    0,   ,   0,    ,    0,    0,    0,    0, 
WP, 97, 2011122500, 03, ST10,  12,  55N, 1300E,  18,    0,   ,   0,    ,    0,    0,    0,    0, 
WP, 97, 2011122500, 03, ST10,  24,  63N, 1280E,  21,    0,   ,   0,    ,    0,    0,    0,    0, 
WP, 97, 2011122500, 03, ST10,  36,  79N, 1266E,  24,    0,   ,   0,    ,    0,    0,    0,    0, 
WP, 97, 2011122500, 03, ST10,  48,  79N, 1270E,  28,    0,   ,   0,    ,    0,    0,    0,    0, 
WP, 97, 2011122500, 03, ST10,  60,  92N, 1264E,  31,    0,   ,   0,    ,    0,    0,    0,    0, 
WP, 97, 2011122500, 03, ST11,   0,   0N,    0W,  15,    0,   ,   0,    ,    0,    0,    0,    0, 
WP, 97, 2011122500, 03, ST11,  12,   0N,    0W,  18,    0,   ,   0,    ,    0,    0,    0,    0, 
WP, 97, 2011122500, 03, ST11,  24,   0N,    0W,  21,    0,   ,   0,    ,    0,    0,    0,    0, 
WP, 97, 2011122500, 03, ST11,  36,   0N,    0W,  24,    0,   ,   0,    ,    0,    0,    0,    0, 
WP, 97, 2011122500, 03, ST11,  48,   0N,    0W,  28,    0,   ,   0,    ,    0,    0,    0,    0, 
WP, 97, 2011122500, 03, ST11,  60,   0N,    0W,  31,    0,   ,   0,    ,    0,    0,    0,    0, 
WP, 97, 2011122500, 03, ST5D,  12,   0N,    0E,  17,    0,   ,   0,    ,    0,    0,    0,    0, 
WP, 97, 2011122500, 03, ST5D,  24,   0N,    0E,  19,    0,   ,   0,    ,    0,    0,    0,    0, 
WP, 97, 2011122500, 03, ST5D,  36,   0N,    0E,  17,    0,   ,   0,    ,    0,    0,    0,    0, 
WP, 97, 2011122500, 03, ST5D,  48,   0N,    0E,  20,    0,   ,   0,    ,    0,    0,    0,    0, 
WP, 97, 2011122500, 03, ST5D,  60,   0N,    0E,  25,    0,   ,   0,    ,    0,    0,    0,    0, 
WP, 97, 2011122500, 03, ST5D,  72,   0N,    0E,  30,    0,   ,   0,    ,    0,    0,    0,    0, 
WP, 97, 2011122500, 03, ST5D,  84,   0N,    0E,  37,    0,   ,   0,    ,    0,    0,    0,    0, 
WP, 97, 2011122500, 03, ST5D,  96,   0N,    0E,  41,    0,   ,   0,    ,    0,    0,    0,    0, 
WP, 97, 2011122500, 03, ST5D, 108,   0N,    0E,  44,    0,   ,   0,    ,    0,    0,    0,    0, 
WP, 97, 2011122500, 03, ST5D, 120,   0N,    0E,  45,    0,   ,   0,    ,    0,    0,    0,    0, 
WP, 97, 2011122500, 03, STRT,  12,  56N, 1304E,  20,    0,   ,   0,    ,    0,    0,    0,    0, 
WP, 97, 2011122500, 03, STRT,  24,  59N, 1287E,  25,    0,   ,   0,    ,    0,    0,    0,    0, 
WP, 97, 2011122500, 03, STRT,  36,  63N, 1270E,  35,    0,   ,   0,    ,    0,    0,    0,    0, 
WP, 97, 2011122500, 03, STRT,  48,  66N, 1256E,  45,    0,   ,   0,    ,    0,    0,    0,    0, 
WP, 97, 2011122500, 03, STRT,  72,  79N, 1225E,  35,    0,   ,   0,    ,    0,    0,    0,    0, 
WP, 97, 2011122500, 03, WBAI,   0,  53N, 1321E,   0,    0,   ,  34, NEQ,    0,    0,    0,    0, 
WP, 97, 2011122500, 03, WBAI,  12,  53N, 1306E,   0,    0,   ,  34, NEQ,    0,    0,    0,    0, 
WP, 97, 2011122500, 03, WBAI,  24,  69N, 1282E,   0,    0,   ,  34, NEQ,    0,    0,    0,    0, 
WP, 97, 2011122500, 03, WBAI,  36, 100N, 1248E,   0,    0,   ,  34, NEQ,    0,    0,    0,    0, 
WP, 97, 2011122500, 03, WBS1,  12,  53N, 1306E,  18,    0,   ,   0,    ,    0,    0,    0,    0, 
WP, 97, 2011122500, 03, WBS1,  24,  69N, 1282E,  22,    0,   ,   0,    ,    0,    0,    0,    0, 
WP, 97, 2011122500, 03, WBS1,  36, 100N, 1248E,  24,    0,   ,   0,    ,    0,    0,    0,    0, 
WP, 97, 2011122500, 03, WBS5,  12,  53N, 1306E,  18,    0,   ,   0,    ,    0,    0,    0,    0, 
WP, 97, 2011122500, 03, WBS5,  24,  69N, 1282E,  23,    0,   ,   0,    ,    0,    0,    0,    0, 
WP, 97, 2011122500, 03, WBS5,  36, 100N, 1248E,  26,    0,   ,   0,    ,    0,    0,    0,    0, 
WP, 97, 2011122500, 03, XTRP,  12,  54N, 1309E,  15,    0,   ,   0,    ,    0,    0,    0,    0, 
WP, 97, 2011122500, 03, XTRP,  24,  55N, 1297E,  15,    0,   ,   0,    ,    0,    0,    0,    0, 
WP, 97, 2011122500, 03, XTRP,  36,  56N, 1285E,  15,    0,   ,   0,    ,    0,    0,    0,    0, 
WP, 97, 2011122500, 03, XTRP,  48,  57N, 1273E,  15,    0,   ,   0,    ,    0,    0,    0,    0, 
WP, 97, 2011122500, 03, XTRP,  60,  58N, 1261E,  15,    0,   ,   0,    ,    0,    0,    0,    0, 
WP, 97, 2011122500, 03, XTRP,  72,  59N, 1249E,  15,    0,   ,   0,    ,    0,    0,    0,    0, 
WP, 97, 2011122500, 03, XTRP,  84,  60N, 1237E,  15,    0,   ,   0,    ,    0,    0,    0,    0, 
WP, 97, 2011122500, 03, XTRP,  96,  61N, 1225E,  15,    0,   ,   0,    ,    0,    0,    0,    0, 
WP, 97, 2011122500, 03, XTRP, 108,  62N, 1213E,  15,    0,   ,   0,    ,    0,    0,    0,    0, 
WP, 97, 2011122500, 03, XTRP, 120,  63N, 1201E,  15,    0,   ,   0,    ,    0,    0,    0,    0, 
WP, 97, 2011122500, 71, JNGP,   0,  28N, 1325E,  15,    0,   ,  34, NEQ,    0,    0,    0,    0, 
WP, 97, 2011122500, 71, JNGP,  12,  25N, 1315E,  20,    0,   ,  34, NEQ,    0,    0,    0,    0, 
WP, 97, 2011122500, 71, JNGP,  24,  30N, 1285E,  10,    0,   ,  34, NEQ,    0,    0,    0,    0, 
WP, 97, 2011122500, 71, JNGP,  36,  27N, 1276E,  25,    0,   ,  34, NEQ,    0,    0,    0,    0, 
WP, 97, 2011122500, 71, JNGP,  48,  26N, 1267E,  20,    0,   ,  34, NEQ,    0,    0,    0,    0, 
WP, 97, 2011122500, 71, JNGP,  60,  35N, 1260E,  15,    0,   ,  34, NEQ,    0,    0,    0,    0, 
WP, 97, 2011122500, 71, JNGP,  72,  27N, 1246E,  15,    0,   ,  34, NEQ,    0,    0,    0,    0, 
WP, 97, 2011122500, 71, JNGP,  84,  15N, 1237E,  20,    0,   ,  34, NEQ,    0,    0,    0,    0, 
WP, 97, 2011122500, 71, JNGP,  96,  12N, 1245E,  10,    0,   ,  34, NEQ,    0,    0,    0,    0, 
WP, 97, 2011122500, 72, JAVN,   0,  47N, 1327E,  15,    0,   ,  34, NEQ,    0,    0,    0,    0, 
WP, 97, 2011122500, 72, JAVN,  12,  18N, 1360E,  15,    0,   ,  34, NEQ,    0,    0,    0,    0, 
WP, 97, 2011122500, 74, JJGS,   0,  49N, 1308E,  15,    0,   ,  34, NEQ,    0,    0,    0,    0, 
WP, 97, 2011122500, 74, JJGS,  12,  41N, 1293E,  15,    0,   ,  34, NEQ,    0,    0,    0,    0, 
WP, 97, 2011122500, 74, JJGS,  24,  32N, 1283E,  15,    0,   ,  34, NEQ,    0,    0,    0,    0, 
WP, 97, 2011122500, 74, JJGS,  36,  35N, 1264E,  20,    0,   ,  34, NEQ,    0,    0,    0,    0, 
WP, 97, 2011122500, 74, JJGS,  48,  28N, 1244E,  20,    0,   ,  34, NEQ,    0,    0,    0,    0, 
WP, 97, 2011122500, 74, JJGS,  60,  23N, 1233E,  15,    0,   ,  34, NEQ,    0,    0,    0,    0, 
WP, 97, 2011122500, 74, JJGS,  72,  18N, 1228E,  15,    0,   ,  34, NEQ,    0,    0,    0,    0, 
WP, 97, 2011122506, 72, JAVN,   0,  67N, 1284E,  15,    0,   ,  34, NEQ,    0,    0,    0,    0, 
WP, 97, 2011122506, 72, JAVN,  12,  84N, 1271E,  15,    0,   ,  34, NEQ,    0,    0,    0,    0, 
WP, 97, 2011122506, 72, JAVN,  24,  93N, 1252E,  15,    0,   ,  34, NEQ,    0,    0,    0,    0, 
WP, 97, 2011122506, 72, JAVN,  36,  93N, 1237E,  15,    0,   ,  34, NEQ,    0,    0,    0,    0, 
WP, 97, 2011122506, 72, JAVN,  48,  80N, 1190E,  10,    0,   ,  34, NEQ,    0,    0,    0,    0, 
WP, 97, 2011122506, 72, JAVN,  60,  88N, 1150E,  10,    0,   ,  34, NEQ,    0,    0,    0,    0, 
WP, 97, 2011122506, 72, JAVN,  72,  86N, 1117E,  15,    0,   ,  34, NEQ,    0,    0,    0,    0, 
WP, 97, 2011122506, 72, JAVN,  84, 106N, 1109E,  15,    0,   ,  34, NEQ,    0,    0,    0,    0, 
WP, 97, 2011122506, 72, JAVN,  96,  86N, 1072E,  10,    0,   ,  34, NEQ,    0,    0,    0,    0, 
WP, 97, 2011122506, 72, JAVN, 108, 113N, 1049E,  10,    0,   ,  34, NEQ,    0,    0,    0,    0, 
WP, 97, 2011122512, 01, CARQ, -24,  50N, 1336E,  15,    0,   ,   0,    ,    0,    0,    0,    0, 
WP, 97, 2011122512, 01, CARQ, -18,  50N, 1327E,  15,    0,   ,   0,    ,    0,    0,    0,    0, 
WP, 97, 2011122512, 01, CARQ, -12,  51N, 1314E,  15,    0,   ,   0,    ,    0,    0,    0,    0, 
WP, 97, 2011122512, 01, CARQ,  -6,  53N, 1302E,  15,    0,   ,   0,    ,    0,    0,    0,    0, 
WP, 97, 2011122512, 01, CARQ,   0,  58N, 1290E,  15,    0,   ,   0,    ,    0,    0,    0,    0, 
WP, 97, 2011122512, 03, C120,  12,  63N, 1268E,   0,    0,   ,   0,    ,    0,    0,    0,    0, 
WP, 97, 2011122512, 03, C120,  24,  67N, 1246E,   0,    0,   ,   0,    ,    0,    0,    0,    0, 
WP, 97, 2011122512, 03, C120,  36,  70N, 1227E,   0,    0,   ,   0,    ,    0,    0,    0,    0, 
WP, 97, 2011122512, 03, C120,  48,  71N, 1209E,   0,    0,   ,   0,    ,    0,    0,    0,    0, 
WP, 97, 2011122512, 03, C120,  60,  72N, 1192E,   0,    0,   ,   0,    ,    0,    0,    0,    0, 
WP, 97, 2011122512, 03, C120,  72,  73N, 1173E,   0,    0,   ,   0,    ,    0,    0,    0,    0, 
WP, 97, 2011122512, 03, C120,  84,  73N, 1156E,   0,    0,   ,   0,    ,    0,    0,    0,    0, 
WP, 97, 2011122512, 03, C120,  96,  74N, 1141E,   0,    0,   ,   0,    ,    0,    0,    0,    0, 
WP, 97, 2011122512, 03, C120, 108,  74N, 1128E,   0,    0,   ,   0,    ,    0,    0,    0,    0, 
WP, 97, 2011122512, 03, C120, 120,  74N, 1119E,   0,    0,   ,   0,    ,    0,    0,    0,    0, 
WP, 97, 2011122512, 03, CCON,   0,  58N, 1290E,   0,    0,   ,   0,    ,    0,    0,    0,    0, 
WP, 97, 2011122512, 03, CCON,  12,  49N, 1281E, 231,    0,   ,   0,    ,    0,    0,    0,    0, 
WP, 97, 2011122512, 03, CCON,  24,  44N, 1270E, 232,    0,   ,   0,    ,    0,    0,    0,    0, 
WP, 97, 2011122512, 03, CCON,  36,  38N, 1260E, 233,    0,   ,   0,    ,    0,    0,    0,    0, 
WP, 97, 2011122512, 03, CCON,  48,  30N, 1247E, 234,    0,   ,   0,    ,    0,    0,    0,    0, 
WP, 97, 2011122512, 03, CCON,  60,  26N, 1249E, 235,    0,   ,   0,    ,    0,    0,    0,    0, 
WP, 97, 2011122512, 03, CCON,  72,  16N, 1235E, 235,    0,   ,   0,    ,    0,    0,    0,    0, 
WP, 97, 2011122512, 03, CCON,  84,   0N,    0W, 236,    0,   ,   0,    ,    0,    0,    0,    0, 
WP, 97, 2011122512, 03, CLIM,  12,  64N, 1274E,  16,    0,   ,   0,    ,    0,    0,    0,    0, 
WP, 97, 2011122512, 03, CLIM,  24,  71N, 1256E,   9,    0,   ,   0,    ,    0,    0,    0,    0, 
WP, 97, 2011122512, 03, CLIM,  36,  81N, 1244E,   1,    0,   ,   0,    ,    0,    0,    0,    0, 
WP, 97, 2011122512, 03, CLIM,  48,  89N, 1231E,   0,    0,   ,   0,    ,    0,    0,    0,    0, 
WP, 97, 2011122512, 03, CLIM,  72, 110N, 1371E,  20,    0,   ,   0,    ,    0,    0,    0,    0, 
WP, 97, 2011122512, 03, CLIP,  12,  66N, 1269E,  20,    0,   ,   0,    ,    0,    0,    0,    0, 
WP, 97, 2011122512, 03, CLIP,  24,  73N, 1248E,  30,    0,   ,   0,    ,    0,    0,    0,    0, 
WP, 97, 2011122512, 03, CLIP,  36,  80N, 1228E,  40,    0,   ,   0,    ,    0,    0,    0,    0, 
WP, 97, 2011122512, 03, CLIP,  48,  86N, 1212E,  48,    0,   ,   0,    ,    0,    0,    0,    0, 
WP, 97, 2011122512, 03, CLIP,  72,  97N, 1183E,  59,    0,   ,   0,    ,    0,    0,    0,    0, 
WP, 97, 2011122512, 03, CONW,   0,  58N, 1290E,  15,    0,   ,   0,    ,    0,    0,    0,    0, 
WP, 97, 2011122512, 03, CONW,  12,  50N, 1280E,  16,    0,   ,   0,    ,    0,    0,    0,    0, 
WP, 97, 2011122512, 03, CONW,  24,  47N, 1269E,  17,    0,   ,   0,    ,    0,    0,    0,    0, 
WP, 97, 2011122512, 03, CONW,  36,  41N, 1259E,  17,    0,   ,   0,    ,    0,    0,    0,    0, 
WP, 97, 2011122512, 03, CONW,  48,  33N, 1252E,  16,    0,   ,   0,    ,    0,    0,    0,    0, 
WP, 97, 2011122512, 03, CONW,  60,  26N, 1249E,  13,    0,   ,   0,    ,    0,    0,    0,    0, 
WP, 97, 2011122512, 03, CONW,  72,  19N, 1251E,  10,    0,   ,   0,    ,    0,    0,    0,    0, 
WP, 97, 2011122512, 03, COXX,   0,  58N, 1290E,   0,    0,   ,   0,    ,    0,    0,    0,    0, 
WP, 97, 2011122512, 03, COXX,  12,  50N, 1280E,   0,    0,   ,   0,    ,    0,    0,    0,    0, 
WP, 97, 2011122512, 03, COXX,  24,  47N, 1269E,   0,    0,   ,   0,    ,    0,    0,    0,    0, 
WP, 97, 2011122512, 03, COXX,  36,  41N, 1259E,   0,    0,   ,   0,    ,    0,    0,    0,    0, 
WP, 97, 2011122512, 03, COXX,  48,  33N, 1252E,   0,    0,   ,   0,    ,    0,    0,    0,    0, 
WP, 97, 2011122512, 03, COXX,  60,  26N, 1249E,   0,    0,   ,   0,    ,    0,    0,    0,    0, 
WP, 97, 2011122512, 03, COXX,  72,  19N, 1251E,   0,    0,   ,   0,    ,    0,    0,    0,    0, 
WP, 97, 2011122512, 03, FBAM,  12,  66N, 1262E,   0,    0,   ,   0,    ,    0,    0,    0,    0, 
WP, 97, 2011122512, 03, FBAM,  24,  74N, 1228E,   0,    0,   ,   0,    ,    0,    0,    0,    0, 
WP, 97, 2011122512, 03, FBAM,  36,  83N, 1193E,   0,    0,   ,   0,    ,    0,    0,    0,    0, 
WP, 97, 2011122512, 03, FBAM,  48,  91N, 1158E,   0,    0,   ,   0,    ,    0,    0,    0,    0, 
WP, 97, 2011122512, 03, FBAM,  72, 105N, 1094E,   0,    0,   ,   0,    ,    0,    0,    0,    0, 
WP, 97, 2011122512, 03, HPAC,  12,  64N, 1270E,   0,    0,   ,   0,    ,    0,    0,    0,    0, 
WP, 97, 2011122512, 03, HPAC,  24,  71N, 1249E,   0,    0,   ,   0,    ,    0,    0,    0,    0, 
WP, 97, 2011122512, 03, HPAC,  36,  80N, 1231E,   0,    0,   ,   0,    ,    0,    0,    0,    0, 
WP, 97, 2011122512, 03, HPAC,  48,  88N, 1213E,   0,    0,   ,   0,    ,    0,    0,    0,    0, 
WP, 97, 2011122512, 03, HPAC,  72, 105N, 1258E,   0,    0,   ,   0,    ,    0,    0,    0,    0, 
WP, 97, 2011122512, 03, JJG2,   0,  58N, 1290E,  15,    0,   ,  34, NEQ,    0,    0,    0,    0, 
WP, 97, 2011122512, 03, JJG2,  12,  52N, 1277E,  16,    0,   ,  34, NEQ,    0,    0,    0,    0, 
WP, 97, 2011122512, 03, JJG2,  24,  50N, 1260E,  18,    0,   ,  34, NEQ,    0,    0,    0,    0, 
WP, 97, 2011122512, 03, JJG2,  36,  46N, 1242E,  18,    0,   ,  34, NEQ,    0,    0,    0,    0, 
WP, 97, 2011122512, 03, JJG2,  48,  40N, 1230E,  16,    0,   ,  34, NEQ,    0,    0,    0,    0, 
WP, 97, 2011122512, 03, JJG2,  60,  35N, 1224E,  14,    0,   ,  34, NEQ,    0,    0,    0,    0, 
WP, 97, 2011122512, 03, JJG2,  72,  30N, 1223E,  15,    0,   ,  34, NEQ,    0,    0,    0,    0, 
WP, 97, 2011122512, 03, JUK2,   0,  58N, 1290E,  15,    0,   ,  34, NEQ,    0,    0,    0,    0, 
WP, 97, 2011122512, 03, JUK2,  12,  48N, 1284E,  16,    0,   ,  34, NEQ,    0,    0,    0,    0, 
WP, 97, 2011122512, 03, JUK2,  24,  44N, 1279E,  16,    0,   ,  34, NEQ,    0,    0,    0,    0, 
WP, 97, 2011122512, 03, JUK2,  36,  37N, 1276E,  16,    0,   ,  34, NEQ,    0,    0,    0,    0, 
WP, 97, 2011122512, 03, JUK2,  48,  26N, 1274E,  15,    0,   ,  34, NEQ,    0,    0,    0,    0, 
WP, 97, 2011122512, 03, JUK2,  60,  17N, 1275E,  11,    0,   ,  34, NEQ,    0,    0,    0,    0, 
WP, 97, 2011122512, 03, JUK2,  72,   8N, 1279E,   4,    0,   ,  34, NEQ,    0,    0,    0,    0, 
WP, 97, 2011122512, 03, MBAM,  12,  64N, 1264E,   0,    0,   ,   0,    ,    0,    0,    0,    0, 
WP, 97, 2011122512, 03, MBAM,  24,  69N, 1233E,   0,    0,   ,   0,    ,    0,    0,    0,    0, 
WP, 97, 2011122512, 03, MBAM,  36,  75N, 1201E,   0,    0,   ,   0,    ,    0,    0,    0,    0, 
WP, 97, 2011122512, 03, MBAM,  48,  82N, 1167E,   0,    0,   ,   0,    ,    0,    0,    0,    0, 
WP, 97, 2011122512, 03, MBAM,  72,  93N, 1100E,   0,    0,   ,   0,    ,    0,    0,    0,    0, 
WP, 97, 2011122512, 03, RECR,  12,  67N, 1269E,  15,    0,   ,   0,    ,    0,    0,    0,    0, 
WP, 97, 2011122512, 03, RECR,  24,  73N, 1247E,  20,    0,   ,   0,    ,    0,    0,    0,    0, 
WP, 97, 2011122512, 03, RECR,  36,  79N, 1226E,  25,    0,   ,   0,    ,    0,    0,    0,    0, 
WP, 97, 2011122512, 03, RECR,  48,  87N, 1208E,  35,    0,   ,   0,    ,    0,    0,    0,    0, 
WP, 97, 2011122512, 03, RECR,  72, 103N, 1170E,  60,    0,   ,   0,    ,    0,    0,    0,    0, 
WP, 97, 2011122512, 03, SBAM,  12,  64N, 1264E,   0,    0,   ,   0,    ,    0,    0,    0,    0, 
WP, 97, 2011122512, 03, SBAM,  24,  68N, 1235E,   0,    0,   ,   0,    ,    0,    0,    0,    0, 
WP, 97, 2011122512, 03, SBAM,  36,  72N, 1204E,   0,    0,   ,   0,    ,    0,    0,    0,    0, 
WP, 97, 2011122512, 03, SBAM,  48,  78N, 1171E,   0,    0,   ,   0,    ,    0,    0,    0,    0, 
WP, 97, 2011122512, 03, SBAM,  72,  88N, 1102E,   0,    0,   ,   0,    ,    0,    0,    0,    0, 
WP, 97, 2011122512, 03, ST5D,  12,   0N,    0E,  16,    0,   ,   0,    ,    0,    0,    0,    0, 
WP, 97, 2011122512, 03, ST5D,  24,   0N,    0E,  19,    0,   ,   0,    ,    0,    0,    0,    0, 
WP, 97, 2011122512, 03, ST5D,  36,   0N,    0E,  18,    0,   ,   0,    ,    0,    0,    0,    0, 
WP, 97, 2011122512, 03, ST5D,  48,   0N,    0E,  20,    0,   ,   0,    ,    0,    0,    0,    0, 
WP, 97, 2011122512, 03, ST5D,  60,   0N,    0E,  25,    0,   ,   0,    ,    0,    0,    0,    0, 
WP, 97, 2011122512, 03, ST5D,  72,   0N,    0E,  30,    0,   ,   0,    ,    0,    0,    0,    0, 
WP, 97, 2011122512, 03, ST5D,  84,   0N,    0E,  36,    0,   ,   0,    ,    0,    0,    0,    0, 
WP, 97, 2011122512, 03, ST5D,  96,   0N,    0E,  39,    0,   ,   0,    ,    0,    0,    0,    0, 
WP, 97, 2011122512, 03, ST5D, 108,   0N,    0E,  41,    0,   ,   0,    ,    0,    0,    0,    0, 
WP, 97, 2011122512, 03, ST5D, 120,   0N,    0E,  42,    0,   ,   0,    ,    0,    0,    0,    0, 
WP, 97, 2011122512, 03, STRT,  12,  61N, 1266E,  25,    0,   ,   0,    ,    0,    0,    0,    0, 
WP, 97, 2011122512, 03, STRT,  24,  64N, 1247E,  30,    0,   ,   0,    ,    0,    0,    0,    0, 
WP, 97, 2011122512, 03, STRT,  36,  67N, 1224E,  30,    0,   ,   0,    ,    0,    0,    0,    0, 
WP, 97, 2011122512, 03, STRT,  48,  70N, 1201E,  30,    0,   ,   0,    ,    0,    0,    0,    0, 
WP, 97, 2011122512, 03, STRT,  72,  74N, 1164E,  30,    0,   ,   0,    ,    0,    0,    0,    0, 
WP, 97, 2011122512, 03, XTRP,  12,  65N, 1266E,  15,    0,   ,   0,    ,    0,    0,    0,    0, 
WP, 97, 2011122512, 03, XTRP,  24,  72N, 1242E,  15,    0,   ,   0,    ,    0,    0,    0,    0, 
WP, 97, 2011122512, 03, XTRP,  36,  79N, 1218E,  15,    0,   ,   0,    ,    0,    0,    0,    0, 
WP, 97, 2011122512, 03, XTRP,  48,  85N, 1193E,  15,    0,   ,   0,    ,    0,    0,    0,    0, 
WP, 97, 2011122512, 03, XTRP,  60,  92N, 1169E,  15,    0,   ,   0,    ,    0,    0,    0,    0, 
WP, 97, 2011122512, 03, XTRP,  72,  99N, 1145E,  15,    0,   ,   0,    ,    0,    0,    0,    0, 
WP, 97, 2011122512, 03, XTRP,  84, 106N, 1121E,  15,    0,   ,   0,    ,    0,    0,    0,    0, 
WP, 97, 2011122512, 03, XTRP,  96, 113N, 1096E,  15,    0,   ,   0,    ,    0,    0,    0,    0, 
WP, 97, 2011122512, 03, XTRP, 108, 120N, 1072E,  15,    0,   ,   0,    ,    0,    0,    0,    0, 
WP, 97, 2011122512, 03, XTRP, 120, 127N, 1047E,  15,    0,   ,   0,    ,    0,    0,    0,    0, 
WP, 97, 2011122512, 72, JAVN,   0,  53N, 1281E,  15,    0,   ,  34, NEQ,    0,    0,    0,    0, 
WP, 97, 2011122512, 72, JAVN,  12,  31N, 1262E,  15,    0,   ,  34, NEQ,    0,    0,    0,    0, 
