WP, 95, 2011102500, 03, WBS1,  12, 201N, 1322E,  17,    0,   ,   0,    ,    0,    0,    0,    0, 
WP, 95, 2011102500, 03, WBS1,  24, 199N, 1328E,  18,    0,   ,   0,    ,    0,    0,    0,    0, 
WP, 95, 2011102500, 03, WBS1,  36, 198N, 1336E,  18,    0,   ,   0,    ,    0,    0,    0,    0, 
WP, 95, 2011102500, 03, WBS1,  48, 202N, 1340E,  19,    0,   ,   0,    ,    0,    0,    0,    0, 
WP, 95, 2011102500, 03, WBS1,  60, 209N, 1342E,  21,    0,   ,   0,    ,    0,    0,    0,    0, 
WP, 95, 2011102500, 03, WBS1,  72, 218N, 1340E,  22,    0,   ,   0,    ,    0,    0,    0,    0, 
WP, 95, 2011102500, 03, WBS5,  12, 201N, 1322E,  17,    0,   ,   0,    ,    0,    0,    0,    0, 
WP, 95, 2011102500, 03, WBS5,  24, 199N, 1328E,  18,    0,   ,   0,    ,    0,    0,    0,    0, 
WP, 95, 2011102500, 03, WBS5,  36, 198N, 1336E,  20,    0,   ,   0,    ,    0,    0,    0,    0, 
WP, 95, 2011102500, 03, WBS5,  48, 202N, 1340E,  22,    0,   ,   0,    ,    0,    0,    0,    0, 
WP, 95, 2011102500, 03, WBS5,  60, 209N, 1342E,  25,    0,   ,   0,    ,    0,    0,    0,    0, 
WP, 95, 2011102500, 03, WBS5,  72, 218N, 1340E,  26,    0,   ,   0,    ,    0,    0,    0,    0, 
WP, 95, 2011121200, 01, CARQ, -18,  34N, 1557E,  15,    0,   ,   0,    ,    0,    0,    0,    0, 
WP, 95, 2011121200, 01, CARQ, -12,  34N, 1553E,  15,    0,   ,   0,    ,    0,    0,    0,    0, 
WP, 95, 2011121200, 01, CARQ,  -6,  34N, 1548E,  15,    0,   ,   0,    ,    0,    0,    0,    0, 
WP, 95, 2011121200, 01, CARQ,   0,  34N, 1542E,  15,    0,   ,   0,    ,    0,    0,    0,    0, 
WP, 95, 2011121200, 03, C120,  12,  35N, 1531E,   0,    0,   ,   0,    ,    0,    0,    0,    0, 
WP, 95, 2011121200, 03, C120,  24,  37N, 1517E,   0,    0,   ,   0,    ,    0,    0,    0,    0, 
WP, 95, 2011121200, 03, C120,  36,  40N, 1502E,   0,    0,   ,   0,    ,    0,    0,    0,    0, 
WP, 95, 2011121200, 03, C120,  48,  43N, 1486E,   0,    0,   ,   0,    ,    0,    0,    0,    0, 
WP, 95, 2011121200, 03, C120,  60,  44N, 1470E,   0,    0,   ,   0,    ,    0,    0,    0,    0, 
WP, 95, 2011121200, 03, C120,  72,  48N, 1452E,   0,    0,   ,   0,    ,    0,    0,    0,    0, 
WP, 95, 2011121200, 03, C120,  84,  53N, 1434E,   0,    0,   ,   0,    ,    0,    0,    0,    0, 
WP, 95, 2011121200, 03, C120,  96,  58N, 1417E,   0,    0,   ,   0,    ,    0,    0,    0,    0, 
WP, 95, 2011121200, 03, C120, 108,  63N, 1402E,   0,    0,   ,   0,    ,    0,    0,    0,    0, 
WP, 95, 2011121200, 03, C120, 120,  68N, 1387E,   0,    0,   ,   0,    ,    0,    0,    0,    0, 
WP, 95, 2011121200, 03, CLIM,  12,  39N, 1523E,  23,    0,   ,   0,    ,    0,    0,    0,    0, 
WP, 95, 2011121200, 03, CLIM,  24,  48N, 1507E,  28,    0,   ,   0,    ,    0,    0,    0,    0, 
WP, 95, 2011121200, 03, CLIM,  36,  59N, 1491E,  35,    0,   ,   0,    ,    0,    0,    0,    0, 
WP, 95, 2011121200, 03, CLIM,  48,  69N, 1472E,  39,    0,   ,   0,    ,    0,    0,    0,    0, 
WP, 95, 2011121200, 03, CLIM,  72,  91N, 1428E,  53,    0,   ,   0,    ,    0,    0,    0,    0, 
WP, 95, 2011121200, 03, CLIP,  12,  36N, 1529E,  22,    0,   ,   0,    ,    0,    0,    0,    0, 
WP, 95, 2011121200, 03, CLIP,  24,  37N, 1512E,  33,    0,   ,   0,    ,    0,    0,    0,    0, 
WP, 95, 2011121200, 03, CLIP,  36,  40N, 1494E,  45,    0,   ,   0,    ,    0,    0,    0,    0, 
WP, 95, 2011121200, 03, CLIP,  48,  42N, 1473E,  56,    0,   ,   0,    ,    0,    0,    0,    0, 
WP, 95, 2011121200, 03, CLIP,  72,  49N, 1423E,  75,    0,   ,   0,    ,    0,    0,    0,    0, 
WP, 95, 2011121200, 03, FBAM,  12,  36N, 1522E,   0,    0,   ,   0,    ,    0,    0,    0,    0, 
WP, 95, 2011121200, 03, FBAM,  24,  41N, 1489E,   0,    0,   ,   0,    ,    0,    0,    0,    0, 
WP, 95, 2011121200, 03, FBAM,  36,  44N, 1455E,   0,    0,   ,   0,    ,    0,    0,    0,    0, 
WP, 95, 2011121200, 03, FBAM,  48,  46N, 1420E,   0,    0,   ,   0,    ,    0,    0,    0,    0, 
WP, 95, 2011121200, 03, FBAM,  72,  48N, 1355E,   0,    0,   ,   0,    ,    0,    0,    0,    0, 
WP, 95, 2011121200, 03, HPAC,  12,  37N, 1527E,   0,    0,   ,   0,    ,    0,    0,    0,    0, 
WP, 95, 2011121200, 03, HPAC,  24,  41N, 1514E,   0,    0,   ,   0,    ,    0,    0,    0,    0, 
WP, 95, 2011121200, 03, HPAC,  36,  46N, 1500E,   0,    0,   ,   0,    ,    0,    0,    0,    0, 
WP, 95, 2011121200, 03, HPAC,  48,  52N, 1485E,   0,    0,   ,   0,    ,    0,    0,    0,    0, 
WP, 95, 2011121200, 03, HPAC,  72,  63N, 1452E,   0,    0,   ,   0,    ,    0,    0,    0,    0, 
WP, 95, 2011121200, 03, MBAM,  12,  36N, 1522E,   0,    0,   ,   0,    ,    0,    0,    0,    0, 
WP, 95, 2011121200, 03, MBAM,  24,  39N, 1488E,   0,    0,   ,   0,    ,    0,    0,    0,    0, 
WP, 95, 2011121200, 03, MBAM,  36,  40N, 1454E,   0,    0,   ,   0,    ,    0,    0,    0,    0, 
WP, 95, 2011121200, 03, MBAM,  48,  40N, 1418E,   0,    0,   ,   0,    ,    0,    0,    0,    0, 
WP, 95, 2011121200, 03, MBAM,  72,  42N, 1356E,   0,    0,   ,   0,    ,    0,    0,    0,    0, 
WP, 95, 2011121200, 03, RECR,  12,  38N, 1530E,  20,    0,   ,   0,    ,    0,    0,    0,    0, 
WP, 95, 2011121200, 03, RECR,  24,  44N, 1513E,  20,    0,   ,   0,    ,    0,    0,    0,    0, 
WP, 95, 2011121200, 03, RECR,  36,  49N, 1494E,  20,    0,   ,   0,    ,    0,    0,    0,    0, 
WP, 95, 2011121200, 03, RECR,  48,  56N, 1473E,  25,    0,   ,   0,    ,    0,    0,    0,    0, 
WP, 95, 2011121200, 03, RECR,  72,  74N, 1444E,  35,    0,   ,   0,    ,    0,    0,    0,    0, 
WP, 95, 2011121200, 03, SBAM,  12,  36N, 1523E,   0,    0,   ,   0,    ,    0,    0,    0,    0, 
WP, 95, 2011121200, 03, SBAM,  24,  39N, 1491E,   0,    0,   ,   0,    ,    0,    0,    0,    0, 
WP, 95, 2011121200, 03, SBAM,  36,  39N, 1457E,   0,    0,   ,   0,    ,    0,    0,    0,    0, 
WP, 95, 2011121200, 03, SBAM,  48,  38N, 1423E,   0,    0,   ,   0,    ,    0,    0,    0,    0, 
WP, 95, 2011121200, 03, SBAM,  72,  40N, 1363E,   0,    0,   ,   0,    ,    0,    0,    0,    0, 
WP, 95, 2011121200, 03, ST5D,  12,   0N,    0E,  16,    0,   ,   0,    ,    0,    0,    0,    0, 
WP, 95, 2011121200, 03, ST5D,  24,   0N,    0E,  19,    0,   ,   0,    ,    0,    0,    0,    0, 
WP, 95, 2011121200, 03, ST5D,  36,   0N,    0E,  17,    0,   ,   0,    ,    0,    0,    0,    0, 
WP, 95, 2011121200, 03, ST5D,  48,   0N,    0E,  21,    0,   ,   0,    ,    0,    0,    0,    0, 
WP, 95, 2011121200, 03, ST5D,  60,   0N,    0E,  25,    0,   ,   0,    ,    0,    0,    0,    0, 
WP, 95, 2011121200, 03, ST5D,  72,   0N,    0E,  31,    0,   ,   0,    ,    0,    0,    0,    0, 
WP, 95, 2011121200, 03, ST5D,  84,   0N,    0E,  40,    0,   ,   0,    ,    0,    0,    0,    0, 
WP, 95, 2011121200, 03, ST5D,  96,   0N,    0E,  46,    0,   ,   0,    ,    0,    0,    0,    0, 
WP, 95, 2011121200, 03, ST5D, 108,   0N,    0E,  57,    0,   ,   0,    ,    0,    0,    0,    0, 
WP, 95, 2011121200, 03, ST5D, 120,   0N,    0E,  61,    0,   ,   0,    ,    0,    0,    0,    0, 
WP, 95, 2011121200, 03, STRT,  12,  40N, 1524E,  20,    0,   ,   0,    ,    0,    0,    0,    0, 
WP, 95, 2011121200, 03, STRT,  24,  49N, 1511E,  20,    0,   ,   0,    ,    0,    0,    0,    0, 
WP, 95, 2011121200, 03, STRT,  36,  56N, 1500E,  25,    0,   ,   0,    ,    0,    0,    0,    0, 
WP, 95, 2011121200, 03, STRT,  48,  63N, 1483E,  25,    0,   ,   0,    ,    0,    0,    0,    0, 
WP, 95, 2011121200, 03, STRT,  72,  75N, 1456E,  25,    0,   ,   0,    ,    0,    0,    0,    0, 
WP, 95, 2011121200, 03, WBAR,   0,  34N, 1542E,   0,    0,   ,   0,    ,    0,    0,    0,    0, 
WP, 95, 2011121200, 03, WBAR,   6,  25N, 1522E,   0,    0,   ,   0,    ,    0,    0,    0,    0, 
WP, 95, 2011121200, 03, WBAR,  12,  27N, 1517E,   0,    0,   ,   0,    ,    0,    0,    0,    0, 
WP, 95, 2011121200, 03, WBAR,  18,  31N, 1508E,   0,    0,   ,   0,    ,    0,    0,    0,    0, 
WP, 95, 2011121200, 03, WBAR,  24,  37N, 1494E,   0,    0,   ,   0,    ,    0,    0,    0,    0, 
WP, 95, 2011121200, 03, XTRP,  12,  34N, 1531E,  15,    0,   ,   0,    ,    0,    0,    0,    0, 
WP, 95, 2011121200, 03, XTRP,  24,  34N, 1520E,  15,    0,   ,   0,    ,    0,    0,    0,    0, 
WP, 95, 2011121200, 03, XTRP,  36,  34N, 1509E,  15,    0,   ,   0,    ,    0,    0,    0,    0, 
WP, 95, 2011121200, 03, XTRP,  48,  34N, 1498E,  15,    0,   ,   0,    ,    0,    0,    0,    0, 
WP, 95, 2011121200, 03, XTRP,  60,  34N, 1487E,  15,    0,   ,   0,    ,    0,    0,    0,    0, 
WP, 95, 2011121200, 03, XTRP,  72,  34N, 1476E,  15,    0,   ,   0,    ,    0,    0,    0,    0, 
WP, 95, 2011121200, 03, XTRP,  84,  34N, 1465E,  15,    0,   ,   0,    ,    0,    0,    0,    0, 
WP, 95, 2011121200, 03, XTRP,  96,  34N, 1454E,  15,    0,   ,   0,    ,    0,    0,    0,    0, 
WP, 95, 2011121200, 03, XTRP, 108,  34N, 1443E,  15,    0,   ,   0,    ,    0,    0,    0,    0, 
WP, 95, 2011121200, 03, XTRP, 120,  34N, 1432E,  15,    0,   ,   0,    ,    0,    0,    0,    0, 
WP, 95, 2011121200, 71, JNGP,   0,  16N, 1535E,  15,    0,   ,  34, NEQ,    0,    0,    0,    0, 
WP, 95, 2011121200, 72, JAVN,   0,  58N, 1541E,  15,    0,   ,  34, NEQ,    0,    0,    0,    0, 
WP, 95, 2011121200, 72, JAVN,  12,  61N, 1509E,  15,    0,   ,  34, NEQ,    0,    0,    0,    0, 
WP, 95, 2011121200, 72, JAVN,  24,  61N, 1468E,  15,    0,   ,  34, NEQ,    0,    0,    0,    0, 
WP, 95, 2011121200, 74, JJGS,   0,  68N, 1562E,  15,    0,   ,  34, NEQ,    0,    0,    0,    0, 
WP, 95, 2011121206, 01, CARQ, -18,  45N, 1540E,  15,    0,   ,   0,    ,    0,    0,    0,    0, 
WP, 95, 2011121206, 01, CARQ, -12,  45N, 1536E,  15,    0,   ,   0,    ,    0,    0,    0,    0, 
WP, 95, 2011121206, 01, CARQ,  -6,  45N, 1531E,  15,    0,   ,   0,    ,    0,    0,    0,    0, 
WP, 95, 2011121206, 01, CARQ,   0,  46N, 1527E,  15,    0,   ,   0,    ,    0,    0,    0,    0, 
WP, 95, 2011121206, 03, C120,  12,  47N, 1518E,   0,    0,   ,   0,    ,    0,    0,    0,    0, 
WP, 95, 2011121206, 03, C120,  24,  50N, 1506E,   0,    0,   ,   0,    ,    0,    0,    0,    0, 
WP, 95, 2011121206, 03, C120,  36,  54N, 1493E,   0,    0,   ,   0,    ,    0,    0,    0,    0, 
WP, 95, 2011121206, 03, C120,  48,  57N, 1478E,   0,    0,   ,   0,    ,    0,    0,    0,    0, 
WP, 95, 2011121206, 03, C120,  60,  58N, 1463E,   0,    0,   ,   0,    ,    0,    0,    0,    0, 
WP, 95, 2011121206, 03, C120,  72,  63N, 1446E,   0,    0,   ,   0,    ,    0,    0,    0,    0, 
WP, 95, 2011121206, 03, C120,  84,  68N, 1430E,   0,    0,   ,   0,    ,    0,    0,    0,    0, 
WP, 95, 2011121206, 03, C120,  96,  73N, 1414E,   0,    0,   ,   0,    ,    0,    0,    0,    0, 
WP, 95, 2011121206, 03, C120, 108,  78N, 1400E,   0,    0,   ,   0,    ,    0,    0,    0,    0, 
WP, 95, 2011121206, 03, C120, 120,  83N, 1387E,   0,    0,   ,   0,    ,    0,    0,    0,    0, 
WP, 95, 2011121206, 03, CCON,   0,  46N, 1527E,   0,    0,   ,   0,    ,    0,    0,    0,    0, 
WP, 95, 2011121206, 03, CCON,  12,  46N, 1497E, 207,    0,   ,   0,    ,    0,    0,    0,    0, 
WP, 95, 2011121206, 03, CCON,  24,   0N,    0W, 210,    0,   ,   0,    ,    0,    0,    0,    0, 
WP, 95, 2011121206, 03, CLIM,  12,  54N, 1508E,  23,    0,   ,   0,    ,    0,    0,    0,    0, 
WP, 95, 2011121206, 03, CLIM,  24,  66N, 1493E,  30,    0,   ,   0,    ,    0,    0,    0,    0, 
WP, 95, 2011121206, 03, CLIM,  36,  76N, 1479E,  33,    0,   ,   0,    ,    0,    0,    0,    0, 
WP, 95, 2011121206, 03, CLIM,  48,  87N, 1462E,  39,    0,   ,   0,    ,    0,    0,    0,    0, 
WP, 95, 2011121206, 03, CLIM,  72, 106N, 1424E,  53,    0,   ,   0,    ,    0,    0,    0,    0, 
WP, 95, 2011121206, 03, CLIP,  12,  49N, 1516E,  22,    0,   ,   0,    ,    0,    0,    0,    0, 
WP, 95, 2011121206, 03, CLIP,  24,  51N, 1501E,  33,    0,   ,   0,    ,    0,    0,    0,    0, 
WP, 95, 2011121206, 03, CLIP,  36,  54N, 1485E,  44,    0,   ,   0,    ,    0,    0,    0,    0, 
WP, 95, 2011121206, 03, CLIP,  48,  57N, 1465E,  54,    0,   ,   0,    ,    0,    0,    0,    0, 
WP, 95, 2011121206, 03, CLIP,  72,  65N, 1419E,  71,    0,   ,   0,    ,    0,    0,    0,    0, 
WP, 95, 2011121206, 03, CONW,   0,  46N, 1527E,   0,    0,   ,   0,    ,    0,    0,    0,    0, 
WP, 95, 2011121206, 03, CONW,  12,  48N, 1498E,   0,    0,   ,   0,    ,    0,    0,    0,    0, 
WP, 95, 2011121206, 03, COXX,   0,  46N, 1527E,   0,    0,   ,   0,    ,    0,    0,    0,    0, 
WP, 95, 2011121206, 03, COXX,  12,  48N, 1498E,   0,    0,   ,   0,    ,    0,    0,    0,    0, 
WP, 95, 2011121206, 03, FBAM,  12,  49N, 1509E,   0,    0,   ,   0,    ,    0,    0,    0,    0, 
WP, 95, 2011121206, 03, FBAM,  24,  55N, 1477E,   0,    0,   ,   0,    ,    0,    0,    0,    0, 
WP, 95, 2011121206, 03, FBAM,  36,  61N, 1444E,   0,    0,   ,   0,    ,    0,    0,    0,    0, 
WP, 95, 2011121206, 03, FBAM,  48,  67N, 1410E,   0,    0,   ,   0,    ,    0,    0,    0,    0, 
WP, 95, 2011121206, 03, FBAM,  72,  78N, 1343E,   0,    0,   ,   0,    ,    0,    0,    0,    0, 
WP, 95, 2011121206, 03, HPAC,  12,  51N, 1513E,   0,    0,   ,   0,    ,    0,    0,    0,    0, 
WP, 95, 2011121206, 03, HPAC,  24,  57N, 1501E,   0,    0,   ,   0,    ,    0,    0,    0,    0, 
WP, 95, 2011121206, 03, HPAC,  36,  63N, 1490E,   0,    0,   ,   0,    ,    0,    0,    0,    0, 
WP, 95, 2011121206, 03, HPAC,  48,  69N, 1477E,   0,    0,   ,   0,    ,    0,    0,    0,    0, 
WP, 95, 2011121206, 03, HPAC,  72,  79N, 1448E,   0,    0,   ,   0,    ,    0,    0,    0,    0, 
WP, 95, 2011121206, 03, JAS1,  12,  48N, 1490E,  18,    0,   ,   0,    ,    0,    0,    0,    0, 
WP, 95, 2011121206, 03, JAS1,  12,  48N, 1490E,  18,    0,   ,   0,    ,    0,    0,    0,    0, 
WP, 95, 2011121206, 03, JAS5,  12,  48N, 1490E,  20,    0,   ,   0,    ,    0,    0,    0,    0, 
WP, 95, 2011121206, 03, JAVI,   0,  46N, 1527E,  15,    0,   ,  34, NEQ,    0,    0,    0,    0, 
WP, 95, 2011121206, 03, JAVI,  12,  48N, 1490E,  15,    0,   ,  34, NEQ,    0,    0,    0,    0, 
WP, 95, 2011121206, 03, MBAM,  12,  49N, 1508E,   0,    0,   ,   0,    ,    0,    0,    0,    0, 
WP, 95, 2011121206, 03, MBAM,  24,  54N, 1475E,   0,    0,   ,   0,    ,    0,    0,    0,    0, 
WP, 95, 2011121206, 03, MBAM,  36,  58N, 1441E,   0,    0,   ,   0,    ,    0,    0,    0,    0, 
WP, 95, 2011121206, 03, MBAM,  48,  64N, 1406E,   0,    0,   ,   0,    ,    0,    0,    0,    0, 
WP, 95, 2011121206, 03, MBAM,  72,  76N, 1338E,   0,    0,   ,   0,    ,    0,    0,    0,    0, 
WP, 95, 2011121206, 03, RECR,  12,  53N, 1515E,  15,    0,   ,   0,    ,    0,    0,    0,    0, 
WP, 95, 2011121206, 03, RECR,  24,  62N, 1505E,  20,    0,   ,   0,    ,    0,    0,    0,    0, 
WP, 95, 2011121206, 03, RECR,  36,  70N, 1491E,  25,    0,   ,   0,    ,    0,    0,    0,    0, 
WP, 95, 2011121206, 03, RECR,  48,  80N, 1475E,  25,    0,   ,   0,    ,    0,    0,    0,    0, 
WP, 95, 2011121206, 03, RECR,  72,  91N, 1439E,  40,    0,   ,   0,    ,    0,    0,    0,    0, 
WP, 95, 2011121206, 03, S511,   0,   0N,    0W,  15,    0,   ,   0,    ,    0,    0,    0,    0, 
WP, 95, 2011121206, 03, S511,  12,   0N,    0W,  20,    0,   ,   0,    ,    0,    0,    0,    0, 
WP, 95, 2011121206, 03, S5XX,   0,   0N,    0W,  15,    0,   ,   0,    ,    0,    0,    0,    0, 
WP, 95, 2011121206, 03, S5XX,  12,   0N,    0W,  20,    0,   ,   0,    ,    0,    0,    0,    0, 
WP, 95, 2011121206, 03, SBAM,  12,  49N, 1509E,   0,    0,   ,   0,    ,    0,    0,    0,    0, 
WP, 95, 2011121206, 03, SBAM,  24,  53N, 1477E,   0,    0,   ,   0,    ,    0,    0,    0,    0, 
WP, 95, 2011121206, 03, SBAM,  36,  57N, 1444E,   0,    0,   ,   0,    ,    0,    0,    0,    0, 
WP, 95, 2011121206, 03, SBAM,  48,  62N, 1410E,   0,    0,   ,   0,    ,    0,    0,    0,    0, 
WP, 95, 2011121206, 03, SBAM,  72,  76N, 1341E,   0,    0,   ,   0,    ,    0,    0,    0,    0, 
WP, 95, 2011121206, 03, ST10,   0,  46N, 1527E,  15,    0,   ,   0,    ,    0,    0,    0,    0, 
WP, 95, 2011121206, 03, ST10,  12,  48N, 1497E,  18,    0,   ,   0,    ,    0,    0,    0,    0, 
WP, 95, 2011121206, 03, ST11,   0,   0N,    0W,  15,    0,   ,   0,    ,    0,    0,    0,    0, 
WP, 95, 2011121206, 03, ST11,  12,   0N,    0W,  18,    0,   ,   0,    ,    0,    0,    0,    0, 
WP, 95, 2011121206, 03, ST5D,  12,   0N,    0E,  16,    0,   ,   0,    ,    0,    0,    0,    0, 
WP, 95, 2011121206, 03, ST5D,  24,   0N,    0E,  19,    0,   ,   0,    ,    0,    0,    0,    0, 
WP, 95, 2011121206, 03, ST5D,  36,   0N,    0E,  18,    0,   ,   0,    ,    0,    0,    0,    0, 
WP, 95, 2011121206, 03, ST5D,  48,   0N,    0E,  22,    0,   ,   0,    ,    0,    0,    0,    0, 
WP, 95, 2011121206, 03, ST5D,  60,   0N,    0E,  27,    0,   ,   0,    ,    0,    0,    0,    0, 
WP, 95, 2011121206, 03, ST5D,  72,   0N,    0E,  32,    0,   ,   0,    ,    0,    0,    0,    0, 
WP, 95, 2011121206, 03, ST5D,  84,   0N,    0E,  42,    0,   ,   0,    ,    0,    0,    0,    0, 
WP, 95, 2011121206, 03, ST5D,  96,   0N,    0E,  48,    0,   ,   0,    ,    0,    0,    0,    0, 
WP, 95, 2011121206, 03, ST5D, 108,   0N,    0E,  57,    0,   ,   0,    ,    0,    0,    0,    0, 
WP, 95, 2011121206, 03, ST5D, 120,   0N,    0E,  60,    0,   ,   0,    ,    0,    0,    0,    0, 
WP, 95, 2011121206, 03, STRT,  12,  52N, 1513E,  15,    0,   ,   0,    ,    0,    0,    0,    0, 
WP, 95, 2011121206, 03, STRT,  24,  60N, 1502E,  20,    0,   ,   0,    ,    0,    0,    0,    0, 
WP, 95, 2011121206, 03, STRT,  36,  66N, 1485E,  20,    0,   ,   0,    ,    0,    0,    0,    0, 
WP, 95, 2011121206, 03, STRT,  48,  70N, 1473E,  25,    0,   ,   0,    ,    0,    0,    0,    0, 
WP, 95, 2011121206, 03, STRT,  72,  84N, 1445E,  30,    0,   ,   0,    ,    0,    0,    0,    0, 
WP, 95, 2011121206, 03, WBAI,   0,  46N, 1527E,   0,    0,   ,  34, NEQ,    0,    0,    0,    0, 
WP, 95, 2011121206, 03, WBAI,  12,  48N, 1505E,   0,    0,   ,  34, NEQ,    0,    0,    0,    0, 
WP, 95, 2011121206, 03, WBS1,  12,  48N, 1505E,  18,    0,   ,   0,    ,    0,    0,    0,    0, 
WP, 95, 2011121206, 03, WBS1,  12,  48N, 1505E,  18,    0,   ,   0,    ,    0,    0,    0,    0, 
WP, 95, 2011121206, 03, WBS1,  12,  48N, 1505E,  18,    0,   ,   0,    ,    0,    0,    0,    0, 
WP, 95, 2011121206, 03, WBS1,  12,  48N, 1505E,  18,    0,   ,   0,    ,    0,    0,    0,    0, 
WP, 95, 2011121206, 03, WBS1,  12,  48N, 1505E,  18,    0,   ,   0,    ,    0,    0,    0,    0, 
WP, 95, 2011121206, 03, WBS1,  12,  48N, 1505E,  18,    0,   ,   0,    ,    0,    0,    0,    0, 
WP, 95, 2011121206, 03, WBS1,  12,  48N, 1505E,  18,    0,   ,   0,    ,    0,    0,    0,    0, 
WP, 95, 2011121206, 03, WBS1,  12,  48N, 1505E,  18,    0,   ,   0,    ,    0,    0,    0,    0, 
WP, 95, 2011121206, 03, WBS1,  12,  48N, 1505E,  18,    0,   ,   0,    ,    0,    0,    0,    0, 
WP, 95, 2011121206, 03, WBS1,  12,  48N, 1505E,  18,    0,   ,   0,    ,    0,    0,    0,    0, 
WP, 95, 2011121206, 03, WBS1,  12,  48N, 1505E,  18,    0,   ,   0,    ,    0,    0,    0,    0, 
WP, 95, 2011121206, 03, WBS1,  12,  48N, 1505E,  18,    0,   ,   0,    ,    0,    0,    0,    0, 
WP, 95, 2011121206, 03, WBS1,  12,  48N, 1505E,  18,    0,   ,   0,    ,    0,    0,    0,    0, 
WP, 95, 2011121206, 03, WBS1,  12,  48N, 1505E,  18,    0,   ,   0,    ,    0,    0,    0,    0, 
WP, 95, 2011121206, 03, WBS5,  12,  48N, 1505E,  20,    0,   ,   0,    ,    0,    0,    0,    0, 
WP, 95, 2011121206, 03, WBS5,  12,  48N, 1505E,  20,    0,   ,   0,    ,    0,    0,    0,    0, 
WP, 95, 2011121206, 03, WBS5,  12,  48N, 1505E,  20,    0,   ,   0,    ,    0,    0,    0,    0, 
WP, 95, 2011121206, 03, WBS5,  12,  48N, 1505E,  20,    0,   ,   0,    ,    0,    0,    0,    0, 
WP, 95, 2011121206, 03, WBS5,  12,  48N, 1505E,  20,    0,   ,   0,    ,    0,    0,    0,    0, 
WP, 95, 2011121206, 03, WBS5,  12,  48N, 1505E,  20,    0,   ,   0,    ,    0,    0,    0,    0, 
WP, 95, 2011121206, 03, WBS5,  12,  48N, 1505E,  20,    0,   ,   0,    ,    0,    0,    0,    0, 
WP, 95, 2011121206, 03, XTRP,  12,  47N, 1518E,  15,    0,   ,   0,    ,    0,    0,    0,    0, 
WP, 95, 2011121206, 03, XTRP,  24,  48N, 1509E,  15,    0,   ,   0,    ,    0,    0,    0,    0, 
WP, 95, 2011121206, 03, XTRP,  36,  49N, 1500E,  15,    0,   ,   0,    ,    0,    0,    0,    0, 
WP, 95, 2011121206, 03, XTRP,  48,  50N, 1491E,  15,    0,   ,   0,    ,    0,    0,    0,    0, 
WP, 95, 2011121206, 03, XTRP,  60,  51N, 1482E,  15,    0,   ,   0,    ,    0,    0,    0,    0, 
WP, 95, 2011121206, 03, XTRP,  72,  52N, 1473E,  15,    0,   ,   0,    ,    0,    0,    0,    0, 
WP, 95, 2011121206, 03, XTRP,  84,  53N, 1464E,  15,    0,   ,   0,    ,    0,    0,    0,    0, 
WP, 95, 2011121206, 03, XTRP,  96,  54N, 1455E,  15,    0,   ,   0,    ,    0,    0,    0,    0, 
WP, 95, 2011121206, 03, XTRP, 108,  54N, 1446E,  15,    0,   ,   0,    ,    0,    0,    0,    0, 
WP, 95, 2011121206, 03, XTRP, 120,  55N, 1437E,  15,    0,   ,   0,    ,    0,    0,    0,    0, 
WP, 95, 2011121212, 01, CARQ, -24,  45N, 1540E,  15,    0,   ,   0,    ,    0,    0,    0,    0, 
WP, 95, 2011121212, 01, CARQ, -12,  43N, 1529E,  15,    0,   ,   0,    ,    0,    0,    0,    0, 
WP, 95, 2011121212, 01, CARQ,  -6,  41N, 1519E,  15,    0,   ,   0,    ,    0,    0,    0,    0, 
WP, 95, 2011121212, 01, CARQ,   0,  38N, 1511E,  15,    0,   ,   0,    ,    0,    0,    0,    0, 
WP, 95, 2011121212, 03, C120,  12,  36N, 1494E,   0,    0,   ,   0,    ,    0,    0,    0,    0, 
WP, 95, 2011121212, 03, C120,  24,  36N, 1476E,   0,    0,   ,   0,    ,    0,    0,    0,    0, 
WP, 95, 2011121212, 03, C120,  36,  37N, 1458E,   0,    0,   ,   0,    ,    0,    0,    0,    0, 
WP, 95, 2011121212, 03, C120,  48,  38N, 1440E,   0,    0,   ,   0,    ,    0,    0,    0,    0, 
WP, 95, 2011121212, 03, C120,  60,  38N, 1421E,   0,    0,   ,   0,    ,    0,    0,    0,    0, 
WP, 95, 2011121212, 03, C120,  72,  41N, 1401E,   0,    0,   ,   0,    ,    0,    0,    0,    0, 
WP, 95, 2011121212, 03, C120,  84,  45N, 1381E,   0,    0,   ,   0,    ,    0,    0,    0,    0, 
WP, 95, 2011121212, 03, C120,  96,  49N, 1363E,   0,    0,   ,   0,    ,    0,    0,    0,    0, 
WP, 95, 2011121212, 03, C120, 108,  53N, 1347E,   0,    0,   ,   0,    ,    0,    0,    0,    0, 
WP, 95, 2011121212, 03, C120, 120,  57N, 1332E,   0,    0,   ,   0,    ,    0,    0,    0,    0, 
WP, 95, 2011121212, 03, CCON,   0,  38N, 1511E,   0,    0,   ,   0,    ,    0,    0,    0,    0, 
WP, 95, 2011121212, 03, CCON,  12,  40N, 1478E, 209,    0,   ,   0,    ,    0,    0,    0,    0, 
WP, 95, 2011121212, 03, CCON,  24,   0N,    0W, 212,    0,   ,   0,    ,    0,    0,    0,    0, 
WP, 95, 2011121212, 03, CLIM,  12,  46N, 1489E,  25,    0,   ,   0,    ,    0,    0,    0,    0, 
WP, 95, 2011121212, 03, CLIM,  24,  57N, 1469E,  28,    0,   ,   0,    ,    0,    0,    0,    0, 
WP, 95, 2011121212, 03, CLIM,  36,  68N, 1450E,  33,    0,   ,   0,    ,    0,    0,    0,    0, 
WP, 95, 2011121212, 03, CLIM,  48,  77N, 1431E,  39,    0,   ,   0,    ,    0,    0,    0,    0, 
WP, 95, 2011121212, 03, CLIM,  72,  93N, 1393E,  57,    0,   ,   0,    ,    0,    0,    0,    0, 
WP, 95, 2011121212, 03, CLIP,  12,  36N, 1491E,  22,    0,   ,   0,    ,    0,    0,    0,    0, 
WP, 95, 2011121212, 03, CLIP,  24,  36N, 1467E,  34,    0,   ,   0,    ,    0,    0,    0,    0, 
WP, 95, 2011121212, 03, CLIP,  36,  37N, 1442E,  46,    0,   ,   0,    ,    0,    0,    0,    0, 
WP, 95, 2011121212, 03, CLIP,  48,  40N, 1417E,  58,    0,   ,   0,    ,    0,    0,    0,    0, 
WP, 95, 2011121212, 03, CLIP,  72,  52N, 1364E,  81,    0,   ,   0,    ,    0,    0,    0,    0, 
WP, 95, 2011121212, 03, CONW,   0,  38N, 1511E,  15,    0,   ,   0,    ,    0,    0,    0,    0, 
WP, 95, 2011121212, 03, CONW,  12,  42N, 1479E,  16,    0,   ,   0,    ,    0,    0,    0,    0, 
WP, 95, 2011121212, 03, COXX,   0,  38N, 1511E,   0,    0,   ,   0,    ,    0,    0,    0,    0, 
WP, 95, 2011121212, 03, COXX,  12,  42N, 1479E,   0,    0,   ,   0,    ,    0,    0,    0,    0, 
WP, 95, 2011121212, 03, FBAM,  12,  38N, 1488E,   0,    0,   ,   0,    ,    0,    0,    0,    0, 
WP, 95, 2011121212, 03, FBAM,  24,  44N, 1456E,   0,    0,   ,   0,    ,    0,    0,    0,    0, 
WP, 95, 2011121212, 03, FBAM,  36,  49N, 1423E,   0,    0,   ,   0,    ,    0,    0,    0,    0, 
WP, 95, 2011121212, 03, FBAM,  48,  54N, 1390E,   0,    0,   ,   0,    ,    0,    0,    0,    0, 
WP, 95, 2011121212, 03, FBAM,  72,  64N, 1328E,   0,    0,   ,   0,    ,    0,    0,    0,    0, 
WP, 95, 2011121212, 03, HPAC,  12,  39N, 1491E,   0,    0,   ,   0,    ,    0,    0,    0,    0, 
WP, 95, 2011121212, 03, HPAC,  24,  43N, 1472E,   0,    0,   ,   0,    ,    0,    0,    0,    0, 
WP, 95, 2011121212, 03, HPAC,  36,  45N, 1453E,   0,    0,   ,   0,    ,    0,    0,    0,    0, 
WP, 95, 2011121212, 03, HPAC,  48,  48N, 1435E,   0,    0,   ,   0,    ,    0,    0,    0,    0, 
WP, 95, 2011121212, 03, HPAC,  72,  50N, 1398E,   0,    0,   ,   0,    ,    0,    0,    0,    0, 
WP, 95, 2011121212, 03, JAV2,   0,  38N, 1511E,  15,    0,   ,  34, NEQ,    0,    0,    0,    0, 
WP, 95, 2011121212, 03, JAV2,  12,  39N, 1472E,  15,    0,   ,  34, NEQ,    0,    0,    0,    0, 
WP, 95, 2011121212, 03, JUK2,   0,  38N, 1511E,  15,    0,   ,  34, NEQ,    0,    0,    0,    0, 
WP, 95, 2011121212, 03, JUK2,  12,  42N, 1476E,  16,    0,   ,  34, NEQ,    0,    0,    0,    0, 
WP, 95, 2011121212, 03, JUK2,  24,  44N, 1438E,  18,    0,   ,  34, NEQ,    0,    0,    0,    0, 
WP, 95, 2011121212, 03, JUK2,  36,  44N, 1399E,  18,    0,   ,  34, NEQ,    0,    0,    0,    0, 
WP, 95, 2011121212, 03, JUK2,  48,  43N, 1363E,  17,    0,   ,  34, NEQ,    0,    0,    0,    0, 
WP, 95, 2011121212, 03, JUK2,  60,  44N, 1332E,  19,    0,   ,  34, NEQ,    0,    0,    0,    0, 
WP, 95, 2011121212, 03, JUK2,  72,  46N, 1305E,  27,    0,   ,  34, NEQ,    0,    0,    0,    0, 
WP, 95, 2011121212, 03, MBAM,  12,  38N, 1488E,   0,    0,   ,   0,    ,    0,    0,    0,    0, 
WP, 95, 2011121212, 03, MBAM,  24,  43N, 1456E,   0,    0,   ,   0,    ,    0,    0,    0,    0, 
WP, 95, 2011121212, 03, MBAM,  36,  48N, 1424E,   0,    0,   ,   0,    ,    0,    0,    0,    0, 
WP, 95, 2011121212, 03, MBAM,  48,  54N, 1391E,   0,    0,   ,   0,    ,    0,    0,    0,    0, 
WP, 95, 2011121212, 03, MBAM,  72,  68N, 1329E,   0,    0,   ,   0,    ,    0,    0,    0,    0, 
WP, 95, 2011121212, 03, RECR,  12,  41N, 1491E,  20,    0,   ,   0,    ,    0,    0,    0,    0, 
WP, 95, 2011121212, 03, RECR,  24,  46N, 1470E,  25,    0,   ,   0,    ,    0,    0,    0,    0, 
WP, 95, 2011121212, 03, RECR,  36,  52N, 1451E,  25,    0,   ,   0,    ,    0,    0,    0,    0, 
WP, 95, 2011121212, 03, RECR,  48,  57N, 1433E,  30,    0,   ,   0,    ,    0,    0,    0,    0, 
WP, 95, 2011121212, 03, RECR,  72,  70N, 1387E,  30,    0,   ,   0,    ,    0,    0,    0,    0, 
WP, 95, 2011121212, 03, SBAM,  12,  38N, 1488E,   0,    0,   ,   0,    ,    0,    0,    0,    0, 
WP, 95, 2011121212, 03, SBAM,  24,  42N, 1459E,   0,    0,   ,   0,    ,    0,    0,    0,    0, 
WP, 95, 2011121212, 03, SBAM,  36,  45N, 1428E,   0,    0,   ,   0,    ,    0,    0,    0,    0, 
WP, 95, 2011121212, 03, SBAM,  48,  51N, 1397E,   0,    0,   ,   0,    ,    0,    0,    0,    0, 
WP, 95, 2011121212, 03, SBAM,  72,  67N, 1336E,   0,    0,   ,   0,    ,    0,    0,    0,    0, 
WP, 95, 2011121212, 03, ST5D,  12,   0N,    0E,  16,    0,   ,   0,    ,    0,    0,    0,    0, 
WP, 95, 2011121212, 03, ST5D,  24,   0N,    0E,  19,    0,   ,   0,    ,    0,    0,    0,    0, 
WP, 95, 2011121212, 03, ST5D,  36,   0N,    0E,  17,    0,   ,   0,    ,    0,    0,    0,    0, 
WP, 95, 2011121212, 03, ST5D,  48,   0N,    0E,  21,    0,   ,   0,    ,    0,    0,    0,    0, 
WP, 95, 2011121212, 03, ST5D,  60,   0N,    0E,  25,    0,   ,   0,    ,    0,    0,    0,    0, 
WP, 95, 2011121212, 03, ST5D,  72,   0N,    0E,  31,    0,   ,   0,    ,    0,    0,    0,    0, 
WP, 95, 2011121212, 03, ST5D,  84,   0N,    0E,  41,    0,   ,   0,    ,    0,    0,    0,    0, 
WP, 95, 2011121212, 03, ST5D,  96,   0N,    0E,  47,    0,   ,   0,    ,    0,    0,    0,    0, 
WP, 95, 2011121212, 03, ST5D, 108,   0N,    0E,  57,    0,   ,   0,    ,    0,    0,    0,    0, 
WP, 95, 2011121212, 03, ST5D, 120,   0N,    0E,  60,    0,   ,   0,    ,    0,    0,    0,    0, 
WP, 95, 2011121212, 03, STRT,  12,  45N, 1500E,  15,    0,   ,   0,    ,    0,    0,    0,    0, 
WP, 95, 2011121212, 03, STRT,  24,  51N, 1486E,  20,    0,   ,   0,    ,    0,    0,    0,    0, 
WP, 95, 2011121212, 03, STRT,  36,  60N, 1469E,  20,    0,   ,   0,    ,    0,    0,    0,    0, 
WP, 95, 2011121212, 03, STRT,  48,  67N, 1452E,  20,    0,   ,   0,    ,    0,    0,    0,    0, 
WP, 95, 2011121212, 03, STRT,  72,  81N, 1424E,  20,    0,   ,   0,    ,    0,    0,    0,    0, 
WP, 95, 2011121212, 03, WBA2,   0,  38N, 1511E,   0,    0,   ,  34, NEQ,    0,    0,    0,    0, 
WP, 95, 2011121212, 03, WBA2,  12,  46N, 1489E,   0,    0,   ,  34, NEQ,    0,    0,    0,    0, 
WP, 95, 2011121212, 03, WBAR,   0,  38N, 1512E,   0,    0,   ,   0,    ,    0,    0,    0,    0, 
WP, 95, 2011121212, 03, WBAR,   6,  22N, 1500E,   0,    0,   ,   0,    ,    0,    0,    0,    0, 
WP, 95, 2011121212, 03, WBAR,  12,  41N, 1471E,   0,    0,   ,   0,    ,    0,    0,    0,    0, 
WP, 95, 2011121212, 03, WBAR,  18,  41N, 1456E,   0,    0,   ,   0,    ,    0,    0,    0,    0, 
WP, 95, 2011121212, 03, WBAR,  24,  42N, 1439E,   0,    0,   ,   0,    ,    0,    0,    0,    0, 
WP, 95, 2011121212, 03, WBAR,  30,  42N, 1423E,   0,    0,   ,   0,    ,    0,    0,    0,    0, 
WP, 95, 2011121212, 03, WBAR,  36,  43N, 1407E,   0,    0,   ,   0,    ,    0,    0,    0,    0, 
WP, 95, 2011121212, 03, WBAR,  42,  43N, 1392E,   0,    0,   ,   0,    ,    0,    0,    0,    0, 
WP, 95, 2011121212, 03, WBAR,  48,  44N, 1379E,   0,    0,   ,   0,    ,    0,    0,    0,    0, 
WP, 95, 2011121212, 03, WBAR,  54,  46N, 1366E,   0,    0,   ,   0,    ,    0,    0,    0,    0, 
WP, 95, 2011121212, 03, WBAR,  60,  49N, 1351E,   0,    0,   ,   0,    ,    0,    0,    0,    0, 
WP, 95, 2011121212, 03, WBAR,  66,  53N, 1335E,   0,    0,   ,   0,    ,    0,    0,    0,    0, 
WP, 95, 2011121212, 03, WBAR,  72,  57N, 1316E,   0,    0,   ,   0,    ,    0,    0,    0,    0, 
WP, 95, 2011121212, 03, WBS1,  12,  46N, 1489E,  18,    0,   ,   0,    ,    0,    0,    0,    0, 
WP, 95, 2011121212, 03, WBS1,  12,  46N, 1489E,  18,    0,   ,   0,    ,    0,    0,    0,    0, 
WP, 95, 2011121212, 03, WBS1,  12,  46N, 1489E,  18,    0,   ,   0,    ,    0,    0,    0,    0, 
WP, 95, 2011121212, 03, WBS1,  12,  46N, 1489E,  18,    0,   ,   0,    ,    0,    0,    0,    0, 
WP, 95, 2011121212, 03, WBS1,  12,  46N, 1489E,  18,    0,   ,   0,    ,    0,    0,    0,    0, 
WP, 95, 2011121212, 03, WBS1,  12,  46N, 1489E,  18,    0,   ,   0,    ,    0,    0,    0,    0, 
WP, 95, 2011121212, 03, WBS1,  12,  46N, 1489E,  18,    0,   ,   0,    ,    0,    0,    0,    0, 
WP, 95, 2011121212, 03, WBS1,  12,  46N, 1489E,  18,    0,   ,   0,    ,    0,    0,    0,    0, 
WP, 95, 2011121212, 03, WBS1,  12,  46N, 1489E,  18,    0,   ,   0,    ,    0,    0,    0,    0, 
WP, 95, 2011121212, 03, WBS1,  12,  46N, 1489E,  18,    0,   ,   0,    ,    0,    0,    0,    0, 
WP, 95, 2011121212, 03, WBS1,  12,  46N, 1489E,  18,    0,   ,   0,    ,    0,    0,    0,    0, 
WP, 95, 2011121212, 03, WBS1,  12,  46N, 1489E,  18,    0,   ,   0,    ,    0,    0,    0,    0, 
WP, 95, 2011121212, 03, WBS5,  12,  46N, 1489E,  21,    0,   ,   0,    ,    0,    0,    0,    0, 
WP, 95, 2011121212, 03, WBS5,  12,  46N, 1489E,  21,    0,   ,   0,    ,    0,    0,    0,    0, 
WP, 95, 2011121212, 03, WBS5,  12,  46N, 1489E,  21,    0,   ,   0,    ,    0,    0,    0,    0, 
WP, 95, 2011121212, 03, WBS5,  12,  46N, 1489E,  21,    0,   ,   0,    ,    0,    0,    0,    0, 
WP, 95, 2011121212, 03, WBS5,  12,  46N, 1489E,  21,    0,   ,   0,    ,    0,    0,    0,    0, 
WP, 95, 2011121212, 03, WBS5,  12,  46N, 1489E,  21,    0,   ,   0,    ,    0,    0,    0,    0, 
WP, 95, 2011121212, 72, JAVN,   0,  59N, 1510E,  15,    0,   ,  34, NEQ,    0,    0,    0,    0, 
WP, 95, 2011121212, 72, JAVN,  12,  67N, 1471E,  15,    0,   ,  34, NEQ,    0,    0,    0,    0, 
WP, 95, 2011121212, 72, JAVN,  24,  63N, 1433E,  15,    0,   ,  34, NEQ,    0,    0,    0,    0, 
WP, 95, 2011121212, 72, JAVN,  36,  62N, 1399E,  15,    0,   ,  34, NEQ,    0,    0,    0,    0, 
WP, 95, 2011121212, 72, JAVN,  48,  73N, 1369E,  20,    0,   ,  34, NEQ,    0,    0,    0,    0, 
WP, 95, 2011121212, 72, JAVN,  60,  79N, 1341E,  20,    0,   ,  34, NEQ,    0,    0,    0,    0, 
WP, 95, 2011121212, 72, JAVN,  72,  93N, 1317E,  35,    0,   ,  34, NEQ,    0,    0,    0,    0, 
WP, 95, 2011121212, 72, JAVN,  84, 104N, 1285E,  35,    0,   ,  34, NEQ,    0,    0,    0,    0, 
WP, 95, 2011121212, 72, JAVN,  96, 110N, 1255E,  35,    0,   ,  34, NEQ,    0,    0,    0,    0, 
WP, 95, 2011121212, 72, JAVN, 108, 118N, 1227E,  35,    0,   ,  34, NEQ,    0,    0,    0,    0, 
WP, 95, 2011121212, 72, JAVN, 120, 125N, 1197E,  30,    0,   ,  34, NEQ,    0,    0,    0,    0, 
WP, 95, 2011121218, 01, CARQ, -18,  50N, 1558E,  15,    0,   ,   0,    ,    0,    0,    0,    0, 
WP, 95, 2011121218, 01, CARQ, -12,  53N, 1533E,  15,    0,   ,   0,    ,    0,    0,    0,    0, 
WP, 95, 2011121218, 01, CARQ,  -6,  55N, 1510E,  15,    0,   ,   0,    ,    0,    0,    0,    0, 
WP, 95, 2011121218, 01, CARQ,   0,  57N, 1486E,  15,    0,   ,   0,    ,    0,    0,    0,    0, 
WP, 95, 2011121218, 03, C120,  12,  60N, 1446E,   0,    0,   ,   0,    ,    0,    0,    0,    0, 
WP, 95, 2011121218, 03, C120,  24,  64N, 1412E,   0,    0,   ,   0,    ,    0,    0,    0,    0, 
WP, 95, 2011121218, 03, C120,  36,  66N, 1383E,   0,    0,   ,   0,    ,    0,    0,    0,    0, 
WP, 95, 2011121218, 03, C120,  48,  69N, 1355E,   0,    0,   ,   0,    ,    0,    0,    0,    0, 
WP, 95, 2011121218, 03, C120,  60,  71N, 1329E,   0,    0,   ,   0,    ,    0,    0,    0,    0, 
WP, 95, 2011121218, 03, C120,  72,  73N, 1304E,   0,    0,   ,   0,    ,    0,    0,    0,    0, 
WP, 95, 2011121218, 03, C120,  84,  75N, 1281E,   0,    0,   ,   0,    ,    0,    0,    0,    0, 
WP, 95, 2011121218, 03, C120,  96,  79N, 1261E,   0,    0,   ,   0,    ,    0,    0,    0,    0, 
WP, 95, 2011121218, 03, C120, 108,  83N, 1241E,   0,    0,   ,   0,    ,    0,    0,    0,    0, 
WP, 95, 2011121218, 03, C120, 120,  87N, 1224E,   0,    0,   ,   0,    ,    0,    0,    0,    0, 
WP, 95, 2011121218, 03, CCON,   0,  57N, 1486E,   0,    0,   ,   0,    ,    0,    0,    0,    0, 
WP, 95, 2011121218, 03, CCON,  12,  59N, 1446E, 211,    0,   ,   0,    ,    0,    0,    0,    0, 
WP, 95, 2011121218, 03, CCON,  24,  59N, 1409E, 215,    0,   ,   0,    ,    0,    0,    0,    0, 
WP, 95, 2011121218, 03, CCON,  36,  61N, 1376E, 219,    0,   ,   0,    ,    0,    0,    0,    0, 
WP, 95, 2011121218, 03, CCON,  48,  67N, 1342E, 222,    0,   ,   0,    ,    0,    0,    0,    0, 
WP, 95, 2011121218, 03, CCON,  60,  78N, 1325E, 226,    0,   ,   0,    ,    0,    0,    0,    0, 
WP, 95, 2011121218, 03, CCON,  72,  85N, 1278E, 228,    0,   ,   0,    ,    0,    0,    0,    0, 
WP, 95, 2011121218, 03, CCON,  84,   0N,    0W, 232,    0,   ,   0,    ,    0,    0,    0,    0, 
WP, 95, 2011121218, 03, CLIM,  12,  64N, 1465E,  18,    0,   ,   0,    ,    0,    0,    0,    0, 
WP, 95, 2011121218, 03, CLIM,  24,  76N, 1444E,  21,    0,   ,   0,    ,    0,    0,    0,    0, 
WP, 95, 2011121218, 03, CLIM,  36,  84N, 1425E,  24,    0,   ,   0,    ,    0,    0,    0,    0, 
WP, 95, 2011121218, 03, CLIM,  48,  90N, 1405E,  33,    0,   ,   0,    ,    0,    0,    0,    0, 
WP, 95, 2011121218, 03, CLIM,  72, 101N, 1373E,  46,    0,   ,   0,    ,    0,    0,    0,    0, 
WP, 95, 2011121218, 03, CLIP,  12,  66N, 1446E,  22,    0,   ,   0,    ,    0,    0,    0,    0, 
WP, 95, 2011121218, 03, CLIP,  24,  79N, 1411E,  35,    0,   ,   0,    ,    0,    0,    0,    0, 
WP, 95, 2011121218, 03, CLIP,  36,  89N, 1380E,  49,    0,   ,   0,    ,    0,    0,    0,    0, 
WP, 95, 2011121218, 03, CLIP,  48,  93N, 1349E,  60,    0,   ,   0,    ,    0,    0,    0,    0, 
WP, 95, 2011121218, 03, CLIP,  72,  89N, 1300E,  79,    0,   ,   0,    ,    0,    0,    0,    0, 
WP, 95, 2011121218, 03, CONW,   0,  57N, 1486E,   0,    0,   ,   0,    ,    0,    0,    0,    0, 
WP, 95, 2011121218, 03, CONW,  12,  61N, 1448E,   0,    0,   ,   0,    ,    0,    0,    0,    0, 
WP, 95, 2011121218, 03, CONW,  24,  61N, 1413E,   0,    0,   ,   0,    ,    0,    0,    0,    0, 
WP, 95, 2011121218, 03, CONW,  36,  64N, 1382E,   0,    0,   ,   0,    ,    0,    0,    0,    0, 
WP, 95, 2011121218, 03, CONW,  48,  70N, 1354E,   0,    0,   ,   0,    ,    0,    0,    0,    0, 
WP, 95, 2011121218, 03, CONW,  60,  78N, 1325E,   0,    0,   ,   0,    ,    0,    0,    0,    0, 
WP, 95, 2011121218, 03, CONW,  72,  89N, 1293E,   0,    0,   ,   0,    ,    0,    0,    0,    0, 
WP, 95, 2011121218, 03, COXX,   0,  57N, 1486E,   0,    0,   ,   0,    ,    0,    0,    0,    0, 
WP, 95, 2011121218, 03, COXX,  12,  61N, 1448E,   0,    0,   ,   0,    ,    0,    0,    0,    0, 
WP, 95, 2011121218, 03, COXX,  24,  61N, 1413E,   0,    0,   ,   0,    ,    0,    0,    0,    0, 
WP, 95, 2011121218, 03, COXX,  36,  64N, 1382E,   0,    0,   ,   0,    ,    0,    0,    0,    0, 
WP, 95, 2011121218, 03, COXX,  48,  70N, 1354E,   0,    0,   ,   0,    ,    0,    0,    0,    0, 
WP, 95, 2011121218, 03, COXX,  60,  78N, 1325E,   0,    0,   ,   0,    ,    0,    0,    0,    0, 
WP, 95, 2011121218, 03, COXX,  72,  89N, 1293E,   0,    0,   ,   0,    ,    0,    0,    0,    0, 
WP, 95, 2011121218, 03, FBAM,  12,  62N, 1445E,   0,    0,   ,   0,    ,    0,    0,    0,    0, 
WP, 95, 2011121218, 03, FBAM,  24,  67N, 1411E,   0,    0,   ,   0,    ,    0,    0,    0,    0, 
WP, 95, 2011121218, 03, FBAM,  36,  72N, 1378E,   0,    0,   ,   0,    ,    0,    0,    0,    0, 
WP, 95, 2011121218, 03, FBAM,  48,  77N, 1346E,   0,    0,   ,   0,    ,    0,    0,    0,    0, 
WP, 95, 2011121218, 03, FBAM,  72,  89N, 1283E,   0,    0,   ,   0,    ,    0,    0,    0,    0, 
WP, 95, 2011121218, 03, HPAC,  12,  63N, 1452E,   0,    0,   ,   0,    ,    0,    0,    0,    0, 
WP, 95, 2011121218, 03, HPAC,  24,  70N, 1418E,   0,    0,   ,   0,    ,    0,    0,    0,    0, 
WP, 95, 2011121218, 03, HPAC,  36,  76N, 1385E,   0,    0,   ,   0,    ,    0,    0,    0,    0, 
WP, 95, 2011121218, 03, HPAC,  48,  81N, 1351E,   0,    0,   ,   0,    ,    0,    0,    0,    0, 
WP, 95, 2011121218, 03, HPAC,  72,  91N, 1288E,   0,    0,   ,   0,    ,    0,    0,    0,    0, 
WP, 95, 2011121218, 03, JAS1,  12,  59N, 1448E,  19,    0,   ,   0,    ,    0,    0,    0,    0, 
WP, 95, 2011121218, 03, JAS1,  24,  58N, 1412E,  25,    0,   ,   0,    ,    0,    0,    0,    0, 
WP, 95, 2011121218, 03, JAS1,  36,  63N, 1380E,  33,    0,   ,   0,    ,    0,    0,    0,    0, 
WP, 95, 2011121218, 03, JAS1,  48,  71N, 1351E,  44,    0,   ,   0,    ,    0,    0,    0,    0, 
WP, 95, 2011121218, 03, JAS1,  60,  81N, 1324E,  54,    0,   ,   0,    ,    0,    0,    0,    0, 
WP, 95, 2011121218, 03, JAS1,  72,  93N, 1296E,  64,    0,   ,   0,    ,    0,    0,    0,    0, 
WP, 95, 2011121218, 03, JAS1,  84, 101N, 1266E,  74,    0,   ,   0,    ,    0,    0,    0,    0, 
WP, 95, 2011121218, 03, JAS1,  96, 109N, 1236E,  78,    0,   ,   0,    ,    0,    0,    0,    0, 
WP, 95, 2011121218, 03, JAS1, 108, 116N, 1207E,  74,    0,   ,   0,    ,    0,    0,    0,    0, 
WP, 95, 2011121218, 03, JAS1, 120, 124N, 1178E,  77,    0,   ,   0,    ,    0,    0,    0,    0, 
WP, 95, 2011121218, 03, JAS5,  12,  59N, 1448E,  20,    0,   ,   0,    ,    0,    0,    0,    0, 
WP, 95, 2011121218, 03, JAS5,  24,  58N, 1412E,  28,    0,   ,   0,    ,    0,    0,    0,    0, 
WP, 95, 2011121218, 03, JAS5,  36,  63N, 1380E,  37,    0,   ,   0,    ,    0,    0,    0,    0, 
WP, 95, 2011121218, 03, JAS5,  48,  71N, 1351E,  48,    0,   ,   0,    ,    0,    0,    0,    0, 
WP, 95, 2011121218, 03, JAS5,  60,  81N, 1324E,  59,    0,   ,   0,    ,    0,    0,    0,    0, 
WP, 95, 2011121218, 03, JAS5,  72,  93N, 1296E,  71,    0,   ,   0,    ,    0,    0,    0,    0, 
WP, 95, 2011121218, 03, JAS5,  84, 101N, 1266E,  82,    0,   ,   0,    ,    0,    0,    0,    0, 
WP, 95, 2011121218, 03, JAS5,  96, 109N, 1236E,  86,    0,   ,   0,    ,    0,    0,    0,    0, 
WP, 95, 2011121218, 03, JAS5, 108, 116N, 1207E,  80,    0,   ,   0,    ,    0,    0,    0,    0, 
WP, 95, 2011121218, 03, JAS5, 120, 124N, 1178E,  83,    0,   ,   0,    ,    0,    0,    0,    0, 
WP, 95, 2011121218, 03, JAVI,   0,  57N, 1486E,  15,    0,   ,  34, NEQ,    0,    0,    0,    0, 
WP, 95, 2011121218, 03, JAVI,  12,  59N, 1448E,  15,    0,   ,  34, NEQ,    0,    0,    0,    0, 
WP, 95, 2011121218, 03, JAVI,  24,  58N, 1412E,  15,    0,   ,  34, NEQ,    0,    0,    0,    0, 
WP, 95, 2011121218, 03, JAVI,  36,  63N, 1380E,  17,    0,   ,  34, NEQ,    0,    0,    0,    0, 
WP, 95, 2011121218, 03, JAVI,  48,  71N, 1351E,  20,    0,   ,  34, NEQ,    0,    0,    0,    0, 
WP, 95, 2011121218, 03, JAVI,  60,  81N, 1324E,  27,    0,   ,  34, NEQ,    0,    0,    0,    0, 
WP, 95, 2011121218, 03, JAVI,  72,  93N, 1296E,  34,    0,   ,  34, NEQ,    0,    0,    0,    0, 
WP, 95, 2011121218, 03, JAVI,  84, 101N, 1266E,  34,    0,   ,  34, NEQ,    0,    0,    0,    0, 
WP, 95, 2011121218, 03, JAVI,  96, 109N, 1236E,  34,    0,   ,  34, NEQ,    0,    0,    0,    0, 
WP, 95, 2011121218, 03, JAVI, 108, 116N, 1207E,  32,    0,   ,  34, NEQ,    0,    0,    0,    0, 
WP, 95, 2011121218, 03, JAVI, 120, 124N, 1178E,  27,    0,   ,  34, NEQ,    0,    0,    0,    0, 
WP, 95, 2011121218, 03, MBAM,  12,  62N, 1444E,   0,    0,   ,   0,    ,    0,    0,    0,    0, 
WP, 95, 2011121218, 03, MBAM,  24,  68N, 1410E,   0,    0,   ,   0,    ,    0,    0,    0,    0, 
WP, 95, 2011121218, 03, MBAM,  36,  73N, 1375E,   0,    0,   ,   0,    ,    0,    0,    0,    0, 
WP, 95, 2011121218, 03, MBAM,  48,  78N, 1341E,   0,    0,   ,   0,    ,    0,    0,    0,    0, 
WP, 95, 2011121218, 03, MBAM,  72,  87N, 1277E,   0,    0,   ,   0,    ,    0,    0,    0,    0, 
WP, 95, 2011121218, 03, RECR,  12,  64N, 1466E,  15,    0,   ,   0,    ,    0,    0,    0,    0, 
WP, 95, 2011121218, 03, RECR,  24,  71N, 1446E,  20,    0,   ,   0,    ,    0,    0,    0,    0, 
WP, 95, 2011121218, 03, RECR,  36,  79N, 1430E,  25,    0,   ,   0,    ,    0,    0,    0,    0, 
WP, 95, 2011121218, 03, RECR,  48,  85N, 1411E,  30,    0,   ,   0,    ,    0,    0,    0,    0, 
WP, 95, 2011121218, 03, RECR,  72,  95N, 1365E,  40,    0,   ,   0,    ,    0,    0,    0,    0, 
WP, 95, 2011121218, 03, S511,   0,   0N,    0W,  15,    0,   ,   0,    ,    0,    0,    0,    0, 
WP, 95, 2011121218, 03, S511,  12,   0N,    0W,  20,    0,   ,   0,    ,    0,    0,    0,    0, 
WP, 95, 2011121218, 03, S511,  24,   0N,    0W,  28,    0,   ,   0,    ,    0,    0,    0,    0, 
WP, 95, 2011121218, 03, S511,  36,   0N,    0W,  37,    0,   ,   0,    ,    0,    0,    0,    0, 
WP, 95, 2011121218, 03, S511,  48,   0N,    0W,  48,    0,   ,   0,    ,    0,    0,    0,    0, 
WP, 95, 2011121218, 03, S511,  60,   0N,    0W,  59,    0,   ,   0,    ,    0,    0,    0,    0, 
WP, 95, 2011121218, 03, S511,  72,   0N,    0W,  71,    0,   ,   0,    ,    0,    0,    0,    0, 
WP, 95, 2011121218, 03, S5XX,   0,   0N,    0W,  15,    0,   ,   0,    ,    0,    0,    0,    0, 
WP, 95, 2011121218, 03, S5XX,  12,   0N,    0W,  20,    0,   ,   0,    ,    0,    0,    0,    0, 
WP, 95, 2011121218, 03, S5XX,  24,   0N,    0W,  28,    0,   ,   0,    ,    0,    0,    0,    0, 
WP, 95, 2011121218, 03, S5XX,  36,   0N,    0W,  37,    0,   ,   0,    ,    0,    0,    0,    0, 
WP, 95, 2011121218, 03, S5XX,  48,   0N,    0W,  48,    0,   ,   0,    ,    0,    0,    0,    0, 
WP, 95, 2011121218, 03, S5XX,  60,   0N,    0W,  59,    0,   ,   0,    ,    0,    0,    0,    0, 
WP, 95, 2011121218, 03, S5XX,  72,   0N,    0W,  71,    0,   ,   0,    ,    0,    0,    0,    0, 
WP, 95, 2011121218, 03, SBAM,  12,  62N, 1445E,   0,    0,   ,   0,    ,    0,    0,    0,    0, 
WP, 95, 2011121218, 03, SBAM,  24,  67N, 1411E,   0,    0,   ,   0,    ,    0,    0,    0,    0, 
WP, 95, 2011121218, 03, SBAM,  36,  72N, 1376E,   0,    0,   ,   0,    ,    0,    0,    0,    0, 
WP, 95, 2011121218, 03, SBAM,  48,  77N, 1342E,   0,    0,   ,   0,    ,    0,    0,    0,    0, 
WP, 95, 2011121218, 03, SBAM,  72,  85N, 1278E,   0,    0,   ,   0,    ,    0,    0,    0,    0, 
WP, 95, 2011121218, 03, ST10,   0,  57N, 1486E,  15,    0,   ,   0,    ,    0,    0,    0,    0, 
WP, 95, 2011121218, 03, ST10,  12,  61N, 1448E,  19,    0,   ,   0,    ,    0,    0,    0,    0, 
WP, 95, 2011121218, 03, ST10,  24,  61N, 1413E,  25,    0,   ,   0,    ,    0,    0,    0,    0, 
WP, 95, 2011121218, 03, ST10,  36,  65N, 1382E,  33,    0,   ,   0,    ,    0,    0,    0,    0, 
WP, 95, 2011121218, 03, ST10,  48,  70N, 1354E,  44,    0,   ,   0,    ,    0,    0,    0,    0, 
WP, 95, 2011121218, 03, ST10,  60,  78N, 1324E,  54,    0,   ,   0,    ,    0,    0,    0,    0, 
WP, 95, 2011121218, 03, ST10,  72,  89N, 1293E,  64,    0,   ,   0,    ,    0,    0,    0,    0, 
WP, 95, 2011121218, 03, ST11,   0,   0N,    0W,  15,    0,   ,   0,    ,    0,    0,    0,    0, 
WP, 95, 2011121218, 03, ST11,  12,   0N,    0W,  19,    0,   ,   0,    ,    0,    0,    0,    0, 
WP, 95, 2011121218, 03, ST11,  24,   0N,    0W,  25,    0,   ,   0,    ,    0,    0,    0,    0, 
WP, 95, 2011121218, 03, ST11,  36,   0N,    0W,  33,    0,   ,   0,    ,    0,    0,    0,    0, 
WP, 95, 2011121218, 03, ST11,  48,   0N,    0W,  44,    0,   ,   0,    ,    0,    0,    0,    0, 
WP, 95, 2011121218, 03, ST11,  60,   0N,    0W,  54,    0,   ,   0,    ,    0,    0,    0,    0, 
WP, 95, 2011121218, 03, ST11,  72,   0N,    0W,  64,    0,   ,   0,    ,    0,    0,    0,    0, 
WP, 95, 2011121218, 03, ST5D,  12,   0N,    0E,  16,    0,   ,   0,    ,    0,    0,    0,    0, 
WP, 95, 2011121218, 03, ST5D,  24,   0N,    0E,  20,    0,   ,   0,    ,    0,    0,    0,    0, 
WP, 95, 2011121218, 03, ST5D,  36,   0N,    0E,  18,    0,   ,   0,    ,    0,    0,    0,    0, 
WP, 95, 2011121218, 03, ST5D,  48,   0N,    0E,  22,    0,   ,   0,    ,    0,    0,    0,    0, 
WP, 95, 2011121218, 03, ST5D,  60,   0N,    0E,  27,    0,   ,   0,    ,    0,    0,    0,    0, 
WP, 95, 2011121218, 03, ST5D,  72,   0N,    0E,  33,    0,   ,   0,    ,    0,    0,    0,    0, 
WP, 95, 2011121218, 03, ST5D,  84,   0N,    0E,  44,    0,   ,   0,    ,    0,    0,    0,    0, 
WP, 95, 2011121218, 03, ST5D,  96,   0N,    0E,  49,    0,   ,   0,    ,    0,    0,    0,    0, 
WP, 95, 2011121218, 03, ST5D, 108,   0N,    0E,  55,    0,   ,   0,    ,    0,    0,    0,    0, 
WP, 95, 2011121218, 03, ST5D, 120,   0N,    0E,  58,    0,   ,   0,    ,    0,    0,    0,    0, 
WP, 95, 2011121218, 03, STRT,  12,  62N, 1472E,  15,    0,   ,   0,    ,    0,    0,    0,    0, 
WP, 95, 2011121218, 03, STRT,  24,  67N, 1453E,  20,    0,   ,   0,    ,    0,    0,    0,    0, 
WP, 95, 2011121218, 03, STRT,  36,  73N, 1437E,  20,    0,   ,   0,    ,    0,    0,    0,    0, 
WP, 95, 2011121218, 03, STRT,  48,  75N, 1423E,  15,    0,   ,   0,    ,    0,    0,    0,    0, 
WP, 95, 2011121218, 03, STRT,  72,  81N, 1394E,  15,    0,   ,   0,    ,    0,    0,    0,    0, 
WP, 95, 2011121218, 03, WBAI,   0,  57N, 1486E,   0,    0,   ,  34, NEQ,    0,    0,    0,    0, 
WP, 95, 2011121218, 03, WBAI,  12,  62N, 1448E,   0,    0,   ,  34, NEQ,    0,    0,    0,    0, 
WP, 95, 2011121218, 03, WBAI,  24,  64N, 1415E,   0,    0,   ,  34, NEQ,    0,    0,    0,    0, 
WP, 95, 2011121218, 03, WBAI,  36,  66N, 1385E,   0,    0,   ,  34, NEQ,    0,    0,    0,    0, 
WP, 95, 2011121218, 03, WBAI,  48,  69N, 1357E,   0,    0,   ,  34, NEQ,    0,    0,    0,    0, 
WP, 95, 2011121218, 03, WBAI,  60,  75N, 1325E,   0,    0,   ,  34, NEQ,    0,    0,    0,    0, 
WP, 95, 2011121218, 03, WBAI,  72,  85N, 1290E,   0,    0,   ,  34, NEQ,    0,    0,    0,    0, 
WP, 95, 2011121218, 03, WBAR,   0,  57N, 1487E,   0,    0,   ,   0,    ,    0,    0,    0,    0, 
WP, 95, 2011121218, 03, WBAR,   6,  41N, 1468E,   0,    0,   ,   0,    ,    0,    0,    0,    0, 
WP, 95, 2011121218, 03, WBAR,  12,  46N, 1454E,   0,    0,   ,   0,    ,    0,    0,    0,    0, 
WP, 95, 2011121218, 03, WBAR,  18,  51N, 1438E,   0,    0,   ,   0,    ,    0,    0,    0,    0, 
WP, 95, 2011121218, 03, WBS1,  12,  62N, 1448E,  19,    0,   ,   0,    ,    0,    0,    0,    0, 
WP, 95, 2011121218, 03, WBS1,  24,  64N, 1415E,  25,    0,   ,   0,    ,    0,    0,    0,    0, 
WP, 95, 2011121218, 03, WBS1,  36,  66N, 1385E,  33,    0,   ,   0,    ,    0,    0,    0,    0, 
WP, 95, 2011121218, 03, WBS1,  48,  69N, 1357E,  43,    0,   ,   0,    ,    0,    0,    0,    0, 
WP, 95, 2011121218, 03, WBS1,  60,  75N, 1325E,  53,    0,   ,   0,    ,    0,    0,    0,    0, 
WP, 95, 2011121218, 03, WBS1,  72,  85N, 1290E,  63,    0,   ,   0,    ,    0,    0,    0,    0, 
WP, 95, 2011121218, 03, WBS5,  12,  62N, 1448E,  20,    0,   ,   0,    ,    0,    0,    0,    0, 
WP, 95, 2011121218, 03, WBS5,  24,  64N, 1415E,  28,    0,   ,   0,    ,    0,    0,    0,    0, 
WP, 95, 2011121218, 03, WBS5,  36,  66N, 1385E,  36,    0,   ,   0,    ,    0,    0,    0,    0, 
WP, 95, 2011121218, 03, WBS5,  48,  69N, 1357E,  48,    0,   ,   0,    ,    0,    0,    0,    0, 
WP, 95, 2011121218, 03, WBS5,  60,  75N, 1325E,  59,    0,   ,   0,    ,    0,    0,    0,    0, 
WP, 95, 2011121218, 03, WBS5,  72,  85N, 1290E,  70,    0,   ,   0,    ,    0,    0,    0,    0, 
WP, 95, 2011121218, 03, XTRP,  12,  61N, 1439E,  15,    0,   ,   0,    ,    0,    0,    0,    0, 
WP, 95, 2011121218, 03, XTRP,  24,  65N, 1392E,  15,    0,   ,   0,    ,    0,    0,    0,    0, 
WP, 95, 2011121218, 03, XTRP,  36,  69N, 1345E,  15,    0,   ,   0,    ,    0,    0,    0,    0, 
WP, 95, 2011121218, 03, XTRP,  48,  73N, 1298E,  15,    0,   ,   0,    ,    0,    0,    0,    0, 
WP, 95, 2011121218, 03, XTRP,  60,  77N, 1251E,  15,    0,   ,   0,    ,    0,    0,    0,    0, 
WP, 95, 2011121218, 03, XTRP,  72,  82N, 1203E,  15,    0,   ,   0,    ,    0,    0,    0,    0, 
WP, 95, 2011121218, 03, XTRP,  84,  86N, 1156E,  15,    0,   ,   0,    ,    0,    0,    0,    0, 
WP, 95, 2011121218, 03, XTRP,  96,  90N, 1109E,  15,    0,   ,   0,    ,    0,    0,    0,    0, 
WP, 95, 2011121218, 03, XTRP, 108,  94N, 1061E,  15,    0,   ,   0,    ,    0,    0,    0,    0, 
WP, 95, 2011121218, 03, XTRP, 120,  98N, 1014E,  15,    0,   ,   0,    ,    0,    0,    0,    0, 
WP, 95, 2011121218, 72, JAVN,   0,  61N, 1489E,  15,    0,   ,  34, NEQ,    0,    0,    0,    0, 
WP, 95, 2011121218, 72, JAVN,  12,  66N, 1452E,  10,    0,   ,  34, NEQ,    0,    0,    0,    0, 
WP, 95, 2011121218, 72, JAVN,  24,  62N, 1413E,  15,    0,   ,  34, NEQ,    0,    0,    0,    0, 
WP, 95, 2011121218, 72, JAVN,  36,  68N, 1381E,  15,    0,   ,  34, NEQ,    0,    0,    0,    0, 
WP, 95, 2011121218, 72, JAVN,  48,  74N, 1352E,  15,    0,   ,  34, NEQ,    0,    0,    0,    0, 
WP, 95, 2011121218, 72, JAVN,  60,  84N, 1322E,  25,    0,   ,  34, NEQ,    0,    0,    0,    0, 
WP, 95, 2011121218, 72, JAVN,  72,  93N, 1296E,  30,    0,   ,  34, NEQ,    0,    0,    0,    0, 
WP, 95, 2011121218, 72, JAVN,  84,  98N, 1268E,  30,    0,   ,  34, NEQ,    0,    0,    0,    0, 
WP, 95, 2011121218, 72, JAVN,  96, 103N, 1242E,  30,    0,   ,  34, NEQ,    0,    0,    0,    0, 
WP, 95, 2011121218, 72, JAVN, 108, 108N, 1204E,  30,    0,   ,  34, NEQ,    0,    0,    0,    0, 
WP, 95, 2011121218, 72, JAVN, 120, 116N, 1179E,  40,    0,   ,  34, NEQ,    0,    0,    0,    0, 
WP, 95, 2011121300, 01, CARQ, -24,  51N, 1545E,  15,    0, DB,  34, AAA,    0,    0,    0,    0,    0,    0,   0,   0,   0,   W,   0,   X,   0,   0,     INVEST,  , 
WP, 95, 2011121300, 01, CARQ, -18,  54N, 1526E,  15,    0, DB,  34, AAA,    0,    0,    0,    0,    0,    0,   0,   0,   0,   W,   0,   X,   0,   0,     INVEST,  , 
WP, 95, 2011121300, 01, CARQ, -12,  55N, 1507E,  15,    0, DB,  34, AAA,    0,    0,    0,    0,    0,    0,   0,   0,   0,   W,   0,   X, 275,  18,     INVEST,  , 
WP, 95, 2011121300, 01, CARQ,  -6,  57N, 1489E,  15,    0, DB,  34, AAA,    0,    0,    0,    0,    0,    0,   0,   0,   0,   W,   0,   X,   0,   0,     INVEST,  , 
WP, 95, 2011121300, 01, CARQ,   0,  60N, 1467E,  20, 1007, DB,  34, NEQ,    0,    0,    0,    0, 1008,  150,  40,   0,   0,   W,   0,   X, 275,  20,     INVEST, S, 
WP, 95, 2011121300, 01, CARQ,   0,  60N, 1467E,  20, 1007, DB,  50, NEQ,    0,    0,    0,    0, 1008,  150,  40,   0,   0,   W,   0,   X, 275,  20,     INVEST, S, 
WP, 95, 2011121300, 01, CARQ,   0,  60N, 1467E,  20, 1007, DB,  64, NEQ,    0,    0,    0,    0, 1008,  150,  40,   0,   0,   W,   0,   X, 275,  20,     INVEST, S, 
WP, 95, 2011121300, 03, C120,  12,  63N, 1431E,   0,    0,   ,   0,    ,    0,    0,    0,    0, 
WP, 95, 2011121300, 03, C120,  24,  67N, 1400E,   0,    0,   ,   0,    ,    0,    0,    0,    0, 
WP, 95, 2011121300, 03, C120,  36,  70N, 1373E,   0,    0,   ,   0,    ,    0,    0,    0,    0, 
WP, 95, 2011121300, 03, C120,  48,  73N, 1348E,   0,    0,   ,   0,    ,    0,    0,    0,    0, 
WP, 95, 2011121300, 03, C120,  60,  75N, 1324E,   0,    0,   ,   0,    ,    0,    0,    0,    0, 
WP, 95, 2011121300, 03, C120,  72,  78N, 1301E,   0,    0,   ,   0,    ,    0,    0,    0,    0, 
WP, 95, 2011121300, 03, C120,  84,  81N, 1280E,   0,    0,   ,   0,    ,    0,    0,    0,    0, 
WP, 95, 2011121300, 03, C120,  96,  85N, 1262E,   0,    0,   ,   0,    ,    0,    0,    0,    0, 
WP, 95, 2011121300, 03, C120, 108,  89N, 1244E,   0,    0,   ,   0,    ,    0,    0,    0,    0, 
WP, 95, 2011121300, 03, C120, 120,  93N, 1229E,   0,    0,   ,   0,    ,    0,    0,    0,    0, 
WP, 95, 2011121300, 03, CCON,   0,  60N, 1467E,   0,    0,   ,   0,    ,    0,    0,    0,    0, 
WP, 95, 2011121300, 03, CCON,  12,  59N, 1431E, 213,    0,   ,   0,    ,    0,    0,    0,    0, 
WP, 95, 2011121300, 03, CCON,  24,  59N, 1390E, 217,    0,   ,   0,    ,    0,    0,    0,    0, 
WP, 95, 2011121300, 03, CCON,  36,  62N, 1356E, 221,    0,   ,   0,    ,    0,    0,    0,    0, 
WP, 95, 2011121300, 03, CCON,  48,  66N, 1321E, 224,    0,   ,   0,    ,    0,    0,    0,    0, 
WP, 95, 2011121300, 03, CCON,  60,  73N, 1303E, 228,    0,   ,   0,    ,    0,    0,    0,    0, 
WP, 95, 2011121300, 03, CCON,  72,  72N, 1260E, 230,    0,   ,   0,    ,    0,    0,    0,    0, 
WP, 95, 2011121300, 03, CCON,  84,   0N,    0W, 234,    0,   ,   0,    ,    0,    0,    0,    0, 
WP, 95, 2011121300, 03, CLIM,  12,  69N, 1446E,  26,    0,   ,   0,    ,    0,    0,    0,    0, 
WP, 95, 2011121300, 03, CLIM,  24,  77N, 1423E,  32,    0,   ,   0,    ,    0,    0,    0,    0, 
WP, 95, 2011121300, 03, CLIM,  36,  85N, 1402E,  41,    0,   ,   0,    ,    0,    0,    0,    0, 
WP, 95, 2011121300, 03, CLIM,  48,  91N, 1382E,  49,    0,   ,   0,    ,    0,    0,    0,    0, 
WP, 95, 2011121300, 03, CLIM,  72, 105N, 1347E,  57,    0,   ,   0,    ,    0,    0,    0,    0, 
WP, 95, 2011121300, 03, CLIP,  12,  68N, 1432E,  29,    0,   ,   0,    ,    0,    0,    0,    0, 
WP, 95, 2011121300, 03, CLIP,  24,  79N, 1401E,  42,    0,   ,   0,    ,    0,    0,    0,    0, 
WP, 95, 2011121300, 03, CLIP,  36,  87N, 1372E,  54,    0,   ,   0,    ,    0,    0,    0,    0, 
WP, 95, 2011121300, 03, CLIP,  48,  91N, 1343E,  64,    0,   ,   0,    ,    0,    0,    0,    0, 
WP, 95, 2011121300, 03, CLIP,  72,  91N, 1296E,  79,    0,   ,   0,    ,    0,    0,    0,    0, 
WP, 95, 2011121300, 03, CONW,   0,  60N, 1467E,  20,    0,   ,   0,    ,    0,    0,    0,    0, 
WP, 95, 2011121300, 03, CONW,  12,  61N, 1432E,  20,    0,   ,   0,    ,    0,    0,    0,    0, 
WP, 95, 2011121300, 03, CONW,  24,  61N, 1395E,  22,    0,   ,   0,    ,    0,    0,    0,    0, 
WP, 95, 2011121300, 03, CONW,  36,  64N, 1363E,  22,    0,   ,   0,    ,    0,    0,    0,    0, 
WP, 95, 2011121300, 03, CONW,  48,  69N, 1333E,  24,    0,   ,   0,    ,    0,    0,    0,    0, 
WP, 95, 2011121300, 03, CONW,  60,  73N, 1303E,  27,    0,   ,   0,    ,    0,    0,    0,    0, 
WP, 95, 2011121300, 03, CONW,  72,  76N, 1274E,  29,    0,   ,   0,    ,    0,    0,    0,    0, 
WP, 95, 2011121300, 03, COXX,   0,  60N, 1467E,   0,    0,   ,   0,    ,    0,    0,    0,    0, 
WP, 95, 2011121300, 03, COXX,  12,  61N, 1432E,   0,    0,   ,   0,    ,    0,    0,    0,    0, 
WP, 95, 2011121300, 03, COXX,  24,  61N, 1395E,   0,    0,   ,   0,    ,    0,    0,    0,    0, 
WP, 95, 2011121300, 03, COXX,  36,  64N, 1363E,   0,    0,   ,   0,    ,    0,    0,    0,    0, 
WP, 95, 2011121300, 03, COXX,  48,  69N, 1333E,   0,    0,   ,   0,    ,    0,    0,    0,    0, 
WP, 95, 2011121300, 03, COXX,  60,  73N, 1303E,   0,    0,   ,   0,    ,    0,    0,    0,    0, 
WP, 95, 2011121300, 03, COXX,  72,  76N, 1274E,   0,    0,   ,   0,    ,    0,    0,    0,    0, 
WP, 95, 2011121300, 03, FBAM,  12,  65N, 1429E,   0,    0,   ,   0,    ,    0,    0,    0,    0, 
WP, 95, 2011121300, 03, FBAM,  24,  70N, 1394E,   0,    0,   ,   0,    ,    0,    0,    0,    0, 
WP, 95, 2011121300, 03, FBAM,  36,  75N, 1360E,   0,    0,   ,   0,    ,    0,    0,    0,    0, 
WP, 95, 2011121300, 03, FBAM,  48,  80N, 1326E,   0,    0,   ,   0,    ,    0,    0,    0,    0, 
WP, 95, 2011121300, 03, FBAM,  72,  91N, 1262E,   0,    0,   ,   0,    ,    0,    0,    0,    0, 
WP, 95, 2011121300, 03, HPAC,  12,  67N, 1436E,   0,    0,   ,   0,    ,    0,    0,    0,    0, 
WP, 95, 2011121300, 03, HPAC,  24,  73N, 1405E,   0,    0,   ,   0,    ,    0,    0,    0,    0, 
WP, 95, 2011121300, 03, HPAC,  36,  80N, 1375E,   0,    0,   ,   0,    ,    0,    0,    0,    0, 
WP, 95, 2011121300, 03, HPAC,  48,  85N, 1344E,   0,    0,   ,   0,    ,    0,    0,    0,    0, 
WP, 95, 2011121300, 03, HPAC,  72,  98N, 1287E,   0,    0,   ,   0,    ,    0,    0,    0,    0, 
WP, 95, 2011121300, 03, JAS1,  12,  61N, 1429E,  26,    0,   ,   0,    ,    0,    0,    0,    0, 
WP, 95, 2011121300, 03, JAS1,  24,  63N, 1394E,  34,    0,   ,   0,    ,    0,    0,    0,    0, 
WP, 95, 2011121300, 03, JAS1,  36,  68N, 1363E,  43,    0,   ,   0,    ,    0,    0,    0,    0, 
WP, 95, 2011121300, 03, JAS1,  48,  76N, 1334E,  54,    0,   ,   0,    ,    0,    0,    0,    0, 
WP, 95, 2011121300, 03, JAS1,  60,  85N, 1306E,  63,    0,   ,   0,    ,    0,    0,    0,    0, 
WP, 95, 2011121300, 03, JAS1,  72,  92N, 1279E,  73,    0,   ,   0,    ,    0,    0,    0,    0, 
WP, 95, 2011121300, 03, JAS1,  84,  97N, 1251E,  80,    0,   ,   0,    ,    0,    0,    0,    0, 
WP, 95, 2011121300, 03, JAS1,  96, 103N, 1220E,  71,    0,   ,   0,    ,    0,    0,    0,    0, 
WP, 95, 2011121300, 03, JAS1, 108, 109N, 1189E,  76,    0,   ,   0,    ,    0,    0,    0,    0, 
WP, 95, 2011121300, 03, JAS1, 120, 117N, 1158E,  77,    0,   ,   0,    ,    0,    0,    0,    0, 
WP, 95, 2011121300, 03, JAS5,  12,  61N, 1429E,  28,    0,   ,   0,    ,    0,    0,    0,    0, 
WP, 95, 2011121300, 03, JAS5,  24,  63N, 1394E,  37,    0,   ,   0,    ,    0,    0,    0,    0, 
WP, 95, 2011121300, 03, JAS5,  36,  68N, 1363E,  46,    0,   ,   0,    ,    0,    0,    0,    0, 
WP, 95, 2011121300, 03, JAS5,  48,  76N, 1334E,  57,    0,   ,   0,    ,    0,    0,    0,    0, 
WP, 95, 2011121300, 03, JAS5,  60,  85N, 1306E,  68,    0,   ,   0,    ,    0,    0,    0,    0, 
WP, 95, 2011121300, 03, JAS5,  72,  92N, 1279E,  79,    0,   ,   0,    ,    0,    0,    0,    0, 
WP, 95, 2011121300, 03, JAS5,  84,  97N, 1251E,  86,    0,   ,   0,    ,    0,    0,    0,    0, 
WP, 95, 2011121300, 03, JAS5,  96, 103N, 1220E,  76,    0,   ,   0,    ,    0,    0,    0,    0, 
WP, 95, 2011121300, 03, JAS5, 108, 109N, 1189E,  80,    0,   ,   0,    ,    0,    0,    0,    0, 
WP, 95, 2011121300, 03, JAS5, 120, 117N, 1158E,  81,    0,   ,   0,    ,    0,    0,    0,    0, 
WP, 95, 2011121300, 03, JAVI,   0,  60N, 1467E,  20,    0,   ,  34, NEQ,    0,    0,    0,    0, 
WP, 95, 2011121300, 03, JAVI,  12,  61N, 1429E,  19,    0,   ,  34, NEQ,    0,    0,    0,    0, 
WP, 95, 2011121300, 03, JAVI,  24,  63N, 1394E,  21,    0,   ,  34, NEQ,    0,    0,    0,    0, 
WP, 95, 2011121300, 03, JAVI,  36,  68N, 1363E,  22,    0,   ,  34, NEQ,    0,    0,    0,    0, 
WP, 95, 2011121300, 03, JAVI,  48,  76N, 1334E,  27,    0,   ,  34, NEQ,    0,    0,    0,    0, 
WP, 95, 2011121300, 03, JAVI,  60,  85N, 1306E,  33,    0,   ,  34, NEQ,    0,    0,    0,    0, 
WP, 95, 2011121300, 03, JAVI,  72,  92N, 1279E,  36,    0,   ,  34, NEQ,    0,    0,    0,    0, 
WP, 95, 2011121300, 03, JAVI,  84,  97N, 1251E,  36,    0,   ,  34, NEQ,    0,    0,    0,    0, 
WP, 95, 2011121300, 03, JAVI,  96, 103N, 1220E,  37,    0,   ,  34, NEQ,    0,    0,    0,    0, 
WP, 95, 2011121300, 03, JAVI, 108, 109N, 1189E,  42,    0,   ,  34, NEQ,    0,    0,    0,    0, 
WP, 95, 2011121300, 03, JAVI, 120, 117N, 1158E,  51,    0,   ,  34, NEQ,    0,    0,    0,    0, 
WP, 95, 2011121300, 03, JUK2,   0,  60N, 1467E,  20,    0,   ,  34, NEQ,    0,    0,    0,    0, 
WP, 95, 2011121300, 03, JUK2,  12,  60N, 1431E,  20,    0,   ,  34, NEQ,    0,    0,    0,    0, 
WP, 95, 2011121300, 03, JUK2,  24,  60N, 1395E,  22,    0,   ,  34, NEQ,    0,    0,    0,    0, 
WP, 95, 2011121300, 03, JUK2,  36,  60N, 1362E,  20,    0,   ,  34, NEQ,    0,    0,    0,    0, 
WP, 95, 2011121300, 03, JUK2,  48,  61N, 1332E,  20,    0,   ,  34, NEQ,    0,    0,    0,    0, 
WP, 95, 2011121300, 03, JUK2,  60,  61N, 1301E,  19,    0,   ,  34, NEQ,    0,    0,    0,    0, 
WP, 95, 2011121300, 03, JUK2,  72,  59N, 1270E,  20,    0,   ,  34, NEQ,    0,    0,    0,    0, 
WP, 95, 2011121300, 03, MBAM,  12,  65N, 1428E,   0,    0,   ,   0,    ,    0,    0,    0,    0, 
WP, 95, 2011121300, 03, MBAM,  24,  70N, 1391E,   0,    0,   ,   0,    ,    0,    0,    0,    0, 
WP, 95, 2011121300, 03, MBAM,  36,  75N, 1356E,   0,    0,   ,   0,    ,    0,    0,    0,    0, 
WP, 95, 2011121300, 03, MBAM,  48,  79N, 1322E,   0,    0,   ,   0,    ,    0,    0,    0,    0, 
WP, 95, 2011121300, 03, MBAM,  72,  86N, 1258E,   0,    0,   ,   0,    ,    0,    0,    0,    0, 
WP, 95, 2011121300, 03, RECR,  12,  66N, 1443E,  20,    0,   ,   0,    ,    0,    0,    0,    0, 
WP, 95, 2011121300, 03, RECR,  24,  74N, 1416E,  15,    0,   ,   0,    ,    0,    0,    0,    0, 
WP, 95, 2011121300, 03, RECR,  36,  80N, 1394E,  20,    0,   ,   0,    ,    0,    0,    0,    0, 
WP, 95, 2011121300, 03, RECR,  48,  85N, 1372E,  20,    0,   ,   0,    ,    0,    0,    0,    0, 
WP, 95, 2011121300, 03, RECR,  72,  96N, 1333E,  30,    0,   ,   0,    ,    0,    0,    0,    0, 
WP, 95, 2011121300, 03, S511,   0,   0N,    0W,  20,    0,   ,   0,    ,    0,    0,    0,    0, 
WP, 95, 2011121300, 03, S511,  12,   0N,    0W,  28,    0,   ,   0,    ,    0,    0,    0,    0, 
WP, 95, 2011121300, 03, S5XX,   0,   0N,    0W,  20,    0,   ,   0,    ,    0,    0,    0,    0, 
WP, 95, 2011121300, 03, S5XX,  12,   0N,    0W,  28,    0,   ,   0,    ,    0,    0,    0,    0, 
WP, 95, 2011121300, 03, SBAM,  12,  65N, 1428E,   0,    0,   ,   0,    ,    0,    0,    0,    0, 
WP, 95, 2011121300, 03, SBAM,  24,  70N, 1392E,   0,    0,   ,   0,    ,    0,    0,    0,    0, 
WP, 95, 2011121300, 03, SBAM,  36,  74N, 1356E,   0,    0,   ,   0,    ,    0,    0,    0,    0, 
WP, 95, 2011121300, 03, SBAM,  48,  78N, 1322E,   0,    0,   ,   0,    ,    0,    0,    0,    0, 
WP, 95, 2011121300, 03, SBAM,  72,  83N, 1258E,   0,    0,   ,   0,    ,    0,    0,    0,    0, 
WP, 95, 2011121300, 03, ST10,   0,  60N, 1467E,  20,    0,   ,   0,    ,    0,    0,    0,    0, 
WP, 95, 2011121300, 03, ST10,  12,  61N, 1432E,  26,    0,   ,   0,    ,    0,    0,    0,    0, 
WP, 95, 2011121300, 03, ST11,   0,   0N,    0W,  20,    0,   ,   0,    ,    0,    0,    0,    0, 
WP, 95, 2011121300, 03, ST11,  12,   0N,    0W,  26,    0,   ,   0,    ,    0,    0,    0,    0, 
WP, 95, 2011121300, 03, ST5D,  12,   0N,    0E,  25,    0,   ,   0,    ,    0,    0,    0,    0, 
WP, 95, 2011121300, 03, ST5D,  24,   0N,    0E,  30,    0,   ,   0,    ,    0,    0,    0,    0, 
WP, 95, 2011121300, 03, ST5D,  36,   0N,    0E,  31,    0,   ,   0,    ,    0,    0,    0,    0, 
WP, 95, 2011121300, 03, ST5D,  48,   0N,    0E,  36,    0,   ,   0,    ,    0,    0,    0,    0, 
WP, 95, 2011121300, 03, ST5D,  60,   0N,    0E,  41,    0,   ,   0,    ,    0,    0,    0,    0, 
WP, 95, 2011121300, 03, ST5D,  72,   0N,    0E,  46,    0,   ,   0,    ,    0,    0,    0,    0, 
WP, 95, 2011121300, 03, ST5D,  84,   0N,    0E,  55,    0,   ,   0,    ,    0,    0,    0,    0, 
WP, 95, 2011121300, 03, ST5D,  96,   0N,    0E,  59,    0,   ,   0,    ,    0,    0,    0,    0, 
WP, 95, 2011121300, 03, ST5D, 108,   0N,    0E,  62,    0,   ,   0,    ,    0,    0,    0,    0, 
WP, 95, 2011121300, 03, ST5D, 120,   0N,    0E,  61,    0,   ,   0,    ,    0,    0,    0,    0, 
WP, 95, 2011121300, 03, STRT,  12,  66N, 1455E,  20,    0,   ,   0,    ,    0,    0,    0,    0, 
WP, 95, 2011121300, 03, STRT,  24,  74N, 1441E,  25,    0,   ,   0,    ,    0,    0,    0,    0, 
WP, 95, 2011121300, 03, STRT,  36,  80N, 1427E,  25,    0,   ,   0,    ,    0,    0,    0,    0, 
WP, 95, 2011121300, 03, STRT,  48,  84N, 1409E,  25,    0,   ,   0,    ,    0,    0,    0,    0, 
WP, 95, 2011121300, 03, STRT,  72,  89N, 1371E,  35,    0,   ,   0,    ,    0,    0,    0,    0, 
WP, 95, 2011121300, 03, WBAI,   0,  60N, 1467E,   0,    0,   ,  34, NEQ,    0,    0,    0,    0, 
WP, 95, 2011121300, 03, WBAI,  12,  61N, 1435E,   0,    0,   ,  34, NEQ,    0,    0,    0,    0, 
WP, 95, 2011121300, 03, WBS1,  12,  61N, 1435E,  26,    0,   ,   0,    ,    0,    0,    0,    0, 
WP, 95, 2011121300, 03, WBS1,  12,  61N, 1435E,  26,    0,   ,   0,    ,    0,    0,    0,    0, 
WP, 95, 2011121300, 03, WBS1,  12,  61N, 1435E,  26,    0,   ,   0,    ,    0,    0,    0,    0, 
WP, 95, 2011121300, 03, WBS1,  12,  61N, 1435E,  26,    0,   ,   0,    ,    0,    0,    0,    0, 
WP, 95, 2011121300, 03, WBS1,  12,  61N, 1435E,  26,    0,   ,   0,    ,    0,    0,    0,    0, 
WP, 95, 2011121300, 03, WBS1,  12,  61N, 1435E,  26,    0,   ,   0,    ,    0,    0,    0,    0, 
WP, 95, 2011121300, 03, WBS5,  12,  61N, 1435E,  28,    0,   ,   0,    ,    0,    0,    0,    0, 
WP, 95, 2011121300, 03, WBS5,  12,  61N, 1435E,  28,    0,   ,   0,    ,    0,    0,    0,    0, 
WP, 95, 2011121300, 03, WBS5,  12,  61N, 1435E,  28,    0,   ,   0,    ,    0,    0,    0,    0, 
WP, 95, 2011121300, 03, XTRP,  12,  65N, 1427E,  25,    0,   ,   0,    ,    0,    0,    0,    0, 
WP, 95, 2011121300, 03, XTRP,  24,  70N, 1387E,  30,    0,   ,   0,    ,    0,    0,    0,    0, 
WP, 95, 2011121300, 03, XTRP,  36,  75N, 1347E,  35,    0,   ,   0,    ,    0,    0,    0,    0, 
WP, 95, 2011121300, 03, XTRP,  48,  80N, 1307E,  40,    0,   ,   0,    ,    0,    0,    0,    0, 
WP, 95, 2011121300, 03, XTRP,  60,  84N, 1266E,  45,    0,   ,   0,    ,    0,    0,    0,    0, 
WP, 95, 2011121300, 03, XTRP,  72,  89N, 1226E,  50,    0,   ,   0,    ,    0,    0,    0,    0, 
WP, 95, 2011121300, 03, XTRP,  84,  94N, 1186E,  55,    0,   ,   0,    ,    0,    0,    0,    0, 
WP, 95, 2011121300, 03, XTRP,  96,  99N, 1145E,  60,    0,   ,   0,    ,    0,    0,    0,    0, 
WP, 95, 2011121300, 03, XTRP, 108, 104N, 1105E,  65,    0,   ,   0,    ,    0,    0,    0,    0, 
WP, 95, 2011121300, 03, XTRP, 120, 109N, 1064E,  70,    0,   ,   0,    ,    0,    0,    0,    0, 
WP, 95, 2011121306, 01, CARQ, -24,  54N, 1526E,  15,    0, DB,  34, AAA,    0,    0,    0,    0,    0,    0,   0,   0,   0,   W,   0,   X,   0,   0,     INVEST,  , 
WP, 95, 2011121306, 01, CARQ, -18,  55N, 1507E,  15,    0, DB,  34, AAA,    0,    0,    0,    0,    0,    0,   0,   0,   0,   W,   0,   X,   0,   0,     INVEST,  , 
WP, 95, 2011121306, 01, CARQ, -12,  57N, 1489E,  15,    0, DB,  34, AAA,    0,    0,    0,    0,    0,    0,   0,   0,   0,   W,   0,   X, 277,  20,     INVEST,  , 
WP, 95, 2011121306, 01, CARQ,  -6,  60N, 1467E,  20,    0, DB,  34, AAA,    0,    0,    0,    0,    0,    0,   0,   0,   0,   W,   0,   X,   0,   0,     INVEST,  , 
WP, 95, 2011121306, 01, CARQ,   0,  60N, 1451E,  25, 1006, DB,  34, NEQ,    0,    0,    0,    0, 1008,  150,  40,   0,   0,   W,   0,   X, 275,  19,     INVEST, S, 
WP, 95, 2011121306, 01, CARQ,   0,  60N, 1451E,  25, 1006, DB,  50, NEQ,    0,    0,    0,    0, 1008,  150,  40,   0,   0,   W,   0,   X, 275,  19,     INVEST, S, 
WP, 95, 2011121306, 01, CARQ,   0,  60N, 1451E,  25, 1006, DB,  64, NEQ,    0,    0,    0,    0, 1008,  150,  40,   0,   0,   W,   0,   X, 275,  19,     INVEST, S, 
