AL, 06, 2011081112,   , BEST,   0, 304N,  740W,  20, 1014, DB,   0,    ,    0,    0,    0,    0, 1014,  200,  60,   0,   0, 
AL, 06, 2011081118,   , BEST,   0, 314N,  724W,  25, 1011, DB,   0,    ,    0,    0,    0,    0, 1014,  200,  60,   0,   0, 
AL, 06, 2011081200,   , BEST,   0, 325N,  706W,  25, 1011, DB,   0,    ,    0,    0,    0,    0, 1014,  200,  40,   0,   0, 
AL, 06, 2011081206,   , BEST,   0, 336N,  688W,  25, 1011, DB,   0,    ,    0,    0,    0,    0, 1014,  200,  40,   0,   0, 
AL, 06, 2011081212,   , BEST,   0, 347N,  667W,  25, 1011, DB,   0,    ,    0,    0,    0,    0, 1014,  200,  40,   0,   0,   L,   0,    ,   0,   0,     INVEST, S, 
AL, 06, 2011081218,   , BEST,   0, 355N,  647W,  30, 1011, TD,   0,    ,    0,    0,    0,    0, 1014,  175,  30,  40,   0,   L,   0,    ,   0,   0,     INVEST, M, 
AL, 06, 2011081300,   , BEST,   0, 362N,  626W,  30, 1011, TD,   0,    ,    0,    0,    0,    0, 1014,  175,  30,  40,   0,   L,   0,    ,   0,   0,        SIX, M, 
AL, 06, 2011081306,   , BEST,   0, 374N,  608W,  35, 1006, TS,  34, NEQ,   45,   60,    0,    0, 1013,  150,  40,  45,   0,   L,   0,    ,   0,   0,        SIX, M, 
AL, 06, 2011081312,   , BEST,   0, 386N,  589W,  40, 1004, TS,  34, NEQ,   45,   60,    0,    0, 1013,  150,  30,  50,   0,   L,   0,    ,   0,   0,   FRANKLIN, D, 
AL, 06, 2011081318,   , BEST,   0, 395N,  563W,  40, 1004, TS,  34, NEQ,   50,   70,    0,    0, 1013,  150,  50,  50,   0,   L,   0,    ,   0,   0,   FRANKLIN, M, 12, NEQ,   45,   60,    0,    0
AL, 06, 2011081400,   , BEST,   0, 402N,  533W,  35, 1004, EX,  34, NEQ,   50,   70,    0,    0, 1013,  150,  50,  45,   0,   L,   0,    ,   0,   0,   FRANKLIN, M, 12, NEQ,  120,  120,    0,    0
